1.7288452110951766
1.6679126247763634
1.6432332632830366
1.626352425199002
1.6121564325876534
1.5992153245024383
1.5878443096298724
1.5786443908000365
1.5714372834190726
1.5664195357821882
1.5630224267952144
1.5605070198653266
1.5579390519997105
1.5563052602810785
1.5546292376238853
1.5537765504559502
1.5518607328413054
1.5507766518276185
1.5495441714301705
1.548817906761542
1.5475066661601886
1.5462410951731727
1.5448809032095596
1.5440534512745216
1.5425396697828546
1.5421109134331346
1.540518802125007
1.5402933588484302
1.539414640283212
1.5381701058940962
1.5375008546980098
1.5367218262981623
1.535462551866658
1.5343173070577905
1.5336751957656816
1.5327376264613122
1.5319844104815274
1.5319946713279933
1.531144451117143
1.5308153084479272
1.5294998919125646
1.5292269854107872
1.5283531427849084
1.5279880192829296
1.5280729525256902
1.527352190692909
1.526720737456344
1.5259191469522193
1.5258410085225478
1.524351754807867
1.5246078736381605
1.5248801569687203
1.5238632063847035
1.524168634437956
1.522828996530734
1.5228457073681056
1.522654097294435
1.5217376376967877
1.5218341221334413
1.5209760083816946
1.5210460454691201
1.520815658615902
1.5216347466921434
1.5207780010532588
1.5195975797250867
1.51944547414314
1.5189068717882037
1.5189282558858395
1.5190198755590245
1.5187233047327027
1.5191058506025001
1.5185700519941747
1.5180885924492031
1.5187606666004285
1.5183535650139675
1.5177914538653567
1.5183320076903328
1.5176066979765892
1.5166217960650101
1.5169719421537593
1.5174867426976562
1.5174852849449962
1.5167404019739479
1.5163152739405632
1.5168609679676592
1.5160234509967268
1.5169990919530392
1.5153978144517168
1.5151559746591374
1.515735706081614
1.515247679199092
1.5149336169706658
1.515181022346951
1.5146943997824565
1.515718850423582
1.5146880089305341
1.5159650632413104
1.51425328431651
1.5145357754081488
1.5144388476619497
1.5138690498424694
1.5148604813730344
1.5144043901236728
1.5143515928648412
1.5134396778885275
1.5135133606381714
1.5127808144316077
1.5140747235855088
1.51516112848185
1.5127984132850543
1.51308743073605
1.5137086927425116
1.5132780717685819
1.5125840420369059
1.5125368086155504
1.5123014171840623
1.5126866844948381
1.512967272545211
1.5121366162784398
1.5120076914317906
1.5125443203141913
1.5121959653915837
1.5113147913943976
1.5124158589169383
1.5120875423308462
1.511960092233494
1.5122010400518775
1.511108965263702
1.5115876976633444
1.5115613113157451
1.5112429737346247
1.511112068546936
1.5110767687438056
1.510773614863865
1.5110740076052025
1.5104368227766827
1.5104935746639967
1.5114118256606162
1.5113416014937684
1.5106216338463128
1.5111990869045258
1.510946971946396
1.5103459103265777
1.5111339131835848
1.5105650359764695
1.5104392147623003
1.5102338775759563
1.510723275365308
1.5096990747842938
1.5103577058762312
1.5095342514105141
1.5094585835468024
1.50895313359797
1.5097496319795027
1.5094960069982335
1.5104111101245508
1.5089037887519225
1.5091427854495123
1.5095104025676847
1.5095362418796867
1.5100555389653891
1.5092186545953155
1.5096339080482721
1.5096663942094892
1.510164574952796
1.5097646759822965
1.509329972206615
1.5089808270568028
1.5090017094044015
1.508497487520799
1.5088999065337703
1.509439911460504
1.5082308801356703
1.507527858368121
1.508950128685683
1.5084487326676026
1.5083110349951312
1.5082734123570845
1.5080904780188575
1.5086486203363165
1.5088923949515447
1.5086014879634604
1.5082181672332808
1.5076035988749936
1.5075567652238533
1.5075302927289158
1.5074343351880088
1.5075676118722185
1.507869421504438
1.5079902665456757
1.5082468828186393
1.5077557197073475
1.5078113534254953
1.5083914726274088
1.5081988390302286
1.5078790378756821
1.5084479576908052
1.5069463038817048
1.5069474466145039
1.5069351120619103
1.5073645045049489
1.506747042760253
1.5063408518908545
1.5084220580756664
1.5066307511879131
1.5062705274904147
1.5072171150241047
1.5073445531306788
1.5065589818404987
1.5062157603679225
1.5069585277233273
1.506286988966167
1.5065835036803037
1.5067726148990914
1.5076307785930112
1.5070633976720273
1.5070237925974652
1.506877166335471
1.505933909327723
1.5065537604968995
1.5069418352795765
1.5060555064119399
1.5056702108122408
1.5053909661946818
1.5060032139299437
1.5052160725463182
1.5057007620343938
1.5056970186997205
1.506141674821265
1.505269029759802
1.506132214795798
1.5060071491170675
1.5053044283995405
1.505397034692578
1.505098800174892
1.5053754813270643
1.5050986846908927
1.5047575434437022
1.5059156267670915
1.5056290602078661
1.5045121054863557
1.5053834597347304
1.5057219895534217
1.505107807694003
1.5055179595947266
1.5057523557916284
1.505091981496662
1.5051533307414502
1.5049864379689097
1.5049700494855642
1.5048037837259471
1.5043303626589477
1.504093004972674
1.5056688886834309
1.5048945451853797
1.5052617468172684
1.5049877485726029
1.5048221632605419
1.5045657270820811
1.5042123949388042
1.5056876509916037
1.504942316096276
1.5046565545490012
1.504813413019292
1.504240519599989
1.504454616457224
1.503260996658355
1.5046824529999867
1.5055536702275276
1.5056167762959376
1.5037171025760472
1.5041003342485055
1.5036429748870432
1.5030528388451785
1.504174582543783
1.5039252841379493
1.5029872270533815
1.5030770279699937
1.5035756594734266
1.5040597919141874
1.503533170442097
1.503431653487496
1.5027317283675075
1.5041568268788978
1.5043950643157586
1.5044461365323514
1.502967605018057
1.5039519593119621
1.5030118548311293
1.5034050227841362
1.5039392920443788
1.5034554733429104
1.5029020195361227
1.5027070724172518
1.5040751798078418
1.503225659020245
1.5021748469443992
1.5031352870864794
1.5036112532252446
1.502411133958958
1.5037354715168476
1.5029626515461132
1.503381262649782
1.5023646742338315
1.5030619782628492
1.5023186485050246
1.5030963172903284
1.5020081993425265
1.5022970653371885
1.5028353685047477
1.5021467785118148
1.502260259585455
1.5021899567218497
1.5023452205350623
1.5027298900531605
1.5028897394658998
1.50163834518753
1.5013939222553745
1.5024552898248658
1.5025370783405378
1.5024147545918822
1.5016862155171111
1.5026989481411874
1.5013048831606284
1.50164883187972
1.503081584814936
1.5030074927490205
1.5015590334078297
1.501464725472033
1.5025960623752326
1.5021456357790157
1.5016151333693415
1.502217395696789
1.5017758469330147
1.501604823046364
1.501623256597668
1.5016257200622931
1.5015408978797495
1.5020386615069583
1.501099054235965
1.5013433150015771
1.501360130845569
1.5006979905301705
1.501383280963637
1.5011316003510728
1.5015913412207738
1.5008918476523831
1.5010563986143097
1.5015883813612163
1.5008805450052023
1.5013811882818118
1.5011162431910634
1.500943366321735
1.5005517792887986
1.5011094000656158
1.500828554853797
1.5012135101715103
1.500786212272942
1.501174469711259
1.5007762771565467
1.50151998992078
1.5008057428058237
1.5007789481896907
1.5005717790918425
1.5005845085252076
1.5003225690452382
1.5012462623417377
1.500507716787979
1.5007519908249378
1.50058405357413
1.5005230753449723
1.5004764673067257
1.4998311571544036
1.500390337780118
1.5008234377019107
1.5011803089873865
1.5002871315227821
1.5011276761069894
1.5006901101442054
1.5007200251566246
1.5003026005579159
1.5001942196395248
1.5009953252738342
1.500014674034901
1.5001231868518516
1.4998557168291882
1.4999354660976678
1.4995818537427112
1.5003531438997015
1.499574841116555
1.4999623683979735
1.5000165748642758
1.499805417493917
1.4999015018111095
1.4994620790239424
1.4995937469648197
1.5002818981884047
1.4994599462952465
1.4988753175130114
1.4999775947071612
1.499163139727898
1.4984875331865624
1.4994122948264703
1.4994999036425725
1.499753346084617
1.4992461472284049
1.4995684176683426
1.4987312619341537
1.4995898919878528
1.4988936535082757
1.4986972315236926
1.5006104863714427
1.4981283152010292
1.4984433428617194
1.4984581533353776
1.4988084075739607
1.4989562339615077
1.4992501084925607
1.498666179832071
1.4990937316324562
1.4983361054910347
1.49916627665516
1.499113574041985
1.4986593486974016
1.4981901404680684
1.498895182274282
1.4987786386627704
1.4990857907105237
1.4984756882768124
1.4981418738607317
1.4979688645107672
1.4980135601945221
1.4991800643038005
1.4982679159147665
1.4984080084832385
1.4974134756485
1.4973934405716136
1.4983937927754596
1.4985806359909475
1.4977994980290532
1.4978626334341243
1.4976615054765716
1.4975256271427497
1.497669021366164
1.4974924573907629
1.4983096838695928
1.4982536013703793
1.4975151531398296
1.4971115983789787
1.4986046385020018
1.4974353472935036
1.4973121883813292
1.4973155324114487
1.4970249228645116
1.4978364324197173
1.4977010069414973
1.4971572812646627
1.497949221986346
1.497048274264671
1.4965579862473533
1.4964993154862896
1.496997869340703
1.4978031357750297
1.4963988211238757
1.4971661823801696
1.4968895695637912
1.4966713333269581
1.4975159760797396
1.4967759714927524
1.4959774024318904
1.4972744877450168
1.4968381873331964
1.4962284654611722
1.4962466584984213
1.4965597350383177
1.4966928178910166
1.4966619549086317
1.497371734934859
1.4964904630323872
1.4965470767347142
1.4963265151018277
1.4967234091600403
1.4959648731164634
1.496594904572703
1.496221016976051
1.4962114038644359
1.4959926105802879
1.4961161805549636
1.4956279997713864
1.4958197999512777
1.495539016323164
1.4956586783519015
1.4947884830180556
1.4964363586623222
1.495725764078088
1.4954443806782365
1.4950953219085932
1.4960093491245061
1.496307372348383
1.4964941353537142
1.495533308130689
1.4955933071905747
1.4958006895612925
1.4949062844971195
1.4945315861841664
1.4946174008073285
1.4952047688420862
1.4950259358156472
1.4949264846509323
1.4955923821544275
1.4946665772004053
1.4945397863630205
1.4952553482726216
1.4942172575974837
1.4947878334205598
1.4950336314504966
1.4944880078546703
1.4962166813202202
1.4942531916312873
1.4949405869701877
1.494512427248992
1.494744716444984
1.495528636383824
1.4950622385367751
1.493766104336828
1.4938264932716265
1.4941310330759734
1.4943154939683154
1.4933853518450633
1.493938131723553
1.4941348294960335
1.493684929679148
1.4944301977520809
1.4936269567115232
1.4942350833443925
1.4955578764202073
1.4933226483408362
1.4941955166868865
1.4934821808710694
1.4944575811969116
1.4935621566837654
1.49347823637072
1.4934519914677367
1.493854860542342
1.4940671188523993
1.493218683754094
1.4934524635318667
1.4927043290808797
1.493455082993023
1.4944945456227288
1.4935813038609922
1.4928825534880161
1.4937004027888179
1.492870355839841
1.4931551575427875
1.493901377893053
1.493118911748752
1.493039479595609
1.4933412539539859
1.4935127727221698
1.4933676036307588
1.4939119049813598
1.492599101853557
1.4929150820244104
1.4943717990536243
1.4938116123666987
1.4926218600012362
1.4923284490359947
1.4917336457874626
1.4929269909625873
1.4928407385013998
1.4929118187865242
1.491882701870054
1.4929492961382493
1.4919556584209204
1.492254302604124
1.492497350438498
1.492319251759909
1.4923493169480935
1.4925284819910303
1.4918932286091149
1.4923226521350443
1.4928005828987807
1.4914205240784213
1.4924535918980837
1.4917706560809165
1.492496153805405
1.4920571884140372
1.4910790364956483
1.4916507048765197
1.4906559222145006
1.4909915939206257
1.4917248152196407
1.4917533355765045
1.4917429407360032
1.4919483066769317
1.492329582106322
1.4915272585349157
1.4914316500071436
1.4914341246476397
1.4907642018515617
1.4918254364747554
1.4915792521787807
1.4911466971971095
1.4915167301660404
1.4906040432397276
1.4910946631571278
1.491354660014622
1.4919847890269011
1.4907068862812594
1.491072082077153
1.4911515517160296
1.4919272122206166
1.4912361747119576
1.4909186308505014
1.490214326302521
1.4907744671218097
1.4917631485732272
1.4911116280127317
1.490220555337146
1.490864537190646
1.4910323332296684
1.4905353867216036
1.491213923203759
1.491062599234283
1.490395576111041
1.4904256016016006
1.49015086540021
1.4900535846827552
1.4914794660871848
1.4899072052212432
1.4895615772111341
1.4904488045722246
1.490184417925775
1.4912854834692553
1.4898605562048033
1.4898886836599559
1.490505850641057
1.4905015161493793
1.4900873538572341
1.48999410669785
1.4903701083967462
1.4900839631445706
1.4899082761257887
1.4894202700816095
1.489837609580718
1.4899560766061768
1.4900819490430877
1.4901904226280749
1.4892152985557914
1.489712507580407
1.4896924301283434
1.4897840310586616
1.4901879617245868
1.4896065318025649
1.4897921535884961
1.489038752275519
1.4890484719071537
1.4892633622512221
1.4893446352798492
1.489220865885727
1.4897267207270488
1.488629526575096
1.4889353378675878
1.4897172281052917
1.4891506358981133
1.4898185135098174
1.4897431504214182
1.4885440461803228
1.4894197299145162
1.4890120853669941
1.4880614670692012
1.4887428345391527
1.489655297016725
1.4889015554217622
1.4892412025947124
1.4888524225680158
1.48922453308478
1.488771008211188
1.4881047492381185
1.4896452333778143
1.4885736313881353
1.4886739774374291
1.4882982226554304
1.488248625653796
1.4887684541754425
1.4873451384482905
1.4888743954943493
1.4880878299009055
1.4883444191655144
1.4885389797855169
1.48850932426285
1.4879812430590391
1.4886646630475298
1.4899371684296057
1.4884171048179269
1.487442358629778
1.4881843702169135
1.4877585212234408
1.4875669645844027
1.4886764500988647
1.4878997047198936
1.488052306813188
1.4883860984118655
1.487695798277855
1.48872645071242
1.4886497252155095
1.4879377936013043
1.4876572232460603
1.4880889491178095
1.48908645065967
1.487903215806
1.4881848712684587
1.4882131430786103
1.4881333888042718
1.4879200014984235
1.4874829720938578
1.4875560393556952
1.48778999526985
1.4873529019532725
1.4870804866077378
1.4881256590597332
1.4889548287028447
1.4881003005430102
1.4879003560636193
1.4875234868377447
1.4874194903532043
1.487527527846396
1.4873268633382395
1.4876188725465909
1.4879800605122
1.487460131640546
1.4873004589462653
1.4877142305485904
1.487216816865839
1.4880435549421236
1.4871020811842754
1.4870865942211822
1.4871654318412766
1.4868387295864522
1.4872048338875175
1.4873452900210395
1.4868201167555526
1.4873321545310318
1.4872459545731544
1.486924767959863
1.4875965032260865
1.4870240384479985
1.4862328908639029
1.4869812915567309
1.486495911842212
1.4865203000372276
1.48729002289474
1.4865803193533793
1.48637367261108
1.4878996317274868
1.487377741956152
1.4866224320139736
1.4865859367419034
1.4864087579771876
1.4867958633694798
1.4864735350711271
1.4858496898086742
1.4863869111286476
1.4859172080177814
1.4867419147631153
1.4860479909693822
1.486922821844928
1.4860616633668542
1.4863474760204554
1.4863185634603724
1.4862390658818185
1.485688895569183
1.485718229552731
1.4864480901742354
1.486076515284367
1.486092584207654
1.4864377591293305
1.4875007246155292
1.4863549428991973
1.4865840867860243
1.486229165806435
1.4851600474212319
1.4860943882958964
1.4857574800262228
1.4856667540734634
1.4857768608490005
1.4864831251325086
1.4861335580935702
1.4858176896814257
1.4862297162180766
1.4865372346248478
1.485503809293732
1.4850218045758083
1.4855140229919925
1.4856162703363225
1.4860467351973057
1.487315759761259
1.4853164781816304
1.48520700505469
1.4851884102681652
1.485672915703617
1.4853266739519313
1.4855938360560685
1.4866529719438404
1.4858184158802032
1.4853094292338938
1.4851689347997308
1.4850211068987846
1.4853892953833565
1.4858767110854387
1.4852815160993487
1.4853789237095043
1.4845132265472785
1.484872885979712
1.485148097970523
1.4852434085914865
1.4854280889267102
1.4854409429244697
1.484017702867277
1.4850265628192574
1.48438492952846
1.485803359770216
1.484713395824656
1.4860823845956475
1.485203444142826
1.4855936879757792
1.4850333522772416
1.4847794668748975
1.4855766060063615
1.4844928823877126
1.484707475756295
1.4850501111941412
1.4849575244588777
1.4847198646748438
1.4850631386507303
1.4844586930703372
1.4854055071482435
1.4855480453697965
1.4847337844548747
1.4844075503060594
1.4852188680088148
1.484470626222901
1.4841357041150331
1.4844178523635492
1.4848775976570323
1.4845511385938153
1.4843094289535657
1.4847581974463537
1.4838578001363203
1.484784436877817
1.4847785686142743
1.4841283204732463
1.4846941821742803
1.4840070109348744
1.4844255226198584
1.4839749047532678
1.4844771472271532
1.4838058543391526
1.4833709632512182
1.4845420147757977
1.48434180195909
1.4835304885637015
1.4836163325235248
1.4831146681681275
1.4840484003070742
1.4840350925223902
1.483497817069292
1.4839296995196491
1.4840463163563982
1.4836191802751273
1.4844164373353124
1.484480807557702
1.484101366600953
1.484261596458964
1.4835802057059482
1.4845642277505249
1.4836060215020552
1.4833725438220426
1.4841690616449341
1.4844945955555886
1.4842731435783207
1.4848959962837398
1.4842009256826714
1.4832140048965812
1.483369136811234
1.4841535611776635
1.4832639638334513
1.4840091528603807
1.4829572808230296
1.4830280094174668
1.4834253914887086
1.4826052722055465
1.4845670064678416
1.484268020838499
1.4832056360319257
1.4841916663572192
1.4838327545439824
1.4840067678596824
1.4824944061692804
1.4832118501653895
1.482755494886078
1.4828754549380392
1.4827926657162607
1.4836522650439292
1.4828305465634912
1.4826626953436062
1.4833886292763054
1.4838348624762148
1.4834715143078938
1.4836514294147491
1.4825735554331914
1.4833528250455856
1.4827759115723893
1.4831492254743353
1.4831121322931722
1.483544345595874
1.482314509456046
1.483087655622512
1.4834531982196495
1.4825164363719523
1.4832443643826991
1.4826644730055705
1.4824472176842391
1.4828816215740517
1.4827945444267243
1.4828089330112562
1.4839531341567636
1.4831459302222356
1.4819381900597364
1.4830232877284288
1.4834961298620328
1.4826680170372128
1.4823003701167181
1.4826713596703485
1.4824528961908072
1.4825519372243434
1.4825570255052298
1.4833766473457217
1.481900081387721
1.4825072371168062
1.4829913906287402
1.4827279982855543
1.4821172695374116
1.4815976863028482
1.482213380979374
1.481380024808459
1.4821404594695196
1.482734058634378
1.4819564153440297
1.482305840938352
1.4822305096313357
1.4819297553040087
1.4820340047590435
1.4822044663596898
1.482251159963198
1.482164227985777
1.4822714073816314
1.4816248564748093
1.4814437822205946
1.4820363668259233
1.4813186852261424
1.4827486397698522
1.481413630885072
1.4810785743175074
1.481279436731711
1.481752426829189
1.4815393285825849
1.4819827321916819
1.4817277296679094
1.4816653529414907
1.4816159858601168
1.4809597552521154
1.4809122987790033
1.4813540669856593
1.4810651347506791
1.483053496107459
1.4809843546245247
1.4818660380551592
1.4815306550590321
1.4814186566509306
1.4816099593881518
1.4811942597152665
1.4812486259033903
1.4807227696292102
1.4808043295051903
1.4811898448970169
1.481728610000573
1.4807791204657406
1.4819536607246846
1.481296590063721
1.4807025759946555
1.4818805839167908
1.4800977619597688
1.481434325920418
1.4809882820118219
1.4807659623911604
1.480861303396523
1.4827957185916603
1.4810546085936949
1.4819579831091687
1.4822609036928043
1.4812603682512417
1.4821585308527574
1.4811544136609882
1.4807556625455618
1.4806026666192338
1.4810490875970572
1.4808436416788027
1.481124208541587
1.4815177569398656
1.480891786282882
1.4802955307532102
1.4810513918055221
1.4815200838493183
1.4809740788768977
1.4806128871859983
1.4806703907670453
1.4817061419598758
1.481333825387992
1.481220646877773
1.4811625691363588
1.4806644277414307
1.4804087292868644
1.4796296720160171
1.480033147498034
1.4800680809421465
1.480689219199121
1.4803813532926142
1.4801423691678792
1.4800062770955265
1.4802427215036005
1.479625187581405
1.480641501955688
1.479653806076385
1.4805502780945972
1.4807394207455218
1.479864184744656
1.4802026886027306
1.4807348196627572
1.479998315917328
1.4798905460629612
1.4805957942735404
1.4799372551497072
1.4802895368775353
1.479673077701591
1.4804920323658735
1.4794533000094816
1.4797847188310698
1.4792009899392724
1.4797500289278105
1.4796229926869273
1.4795901068719104
1.4790376804303378
1.4799171116901562
1.4791289594722912
1.4795575245516375
1.4802212252980098
1.4801317349774763
1.4793920178199187
1.4791075856192037
1.4792393200332299
1.4791526737390086
1.4790384989464656
1.4795811926014721
1.4797449123580009
1.478912495658733
1.4788398229284212
1.479047342785634
1.4806907440070063
1.4789882897166535
1.4795377854024991
1.4786729878978804
1.4796696699922904
1.478985118214041
1.480113681172952
1.478355233091861
1.4787215089891106
1.4783295198576525
1.4787726103095338
1.4789979218039662
1.4783011600375175
1.4798028795048594
1.4783523622900248
1.4788709360873327
1.4797495054081082
1.4784919348312542
1.478345190291293
1.4785809234017506
1.4788262845249847
1.4794669033726677
1.4786545364186168
1.479679160634987
1.479028939618729
1.4785904319724068
1.47893678676337
1.479265478788875
1.4784856558544561
1.4783820022130385
1.4787331400439143
1.4779187766835093
1.4788235638989136
1.4781373313162476
1.478976987535134
1.4783078652108088
1.4788610646501184
1.4783865755889565
1.4779957067221403
1.4783032044069842
1.4781118672108278
1.4780871325638145
1.4773754215566441
1.4773246350232512
1.478309680474922
1.4773340766550973
1.477883983636275
1.4784359242767096
1.4779873649822548
1.4772854811744764
1.4781144018052146
1.4781021557282656
1.4777135644108057
1.4775976402452216
1.478176474920474
1.4779625649098307
1.4774288894841447
1.4778836969053373
1.4769717497983947
1.4772017314098775
1.477464480092749
1.47813243791461
1.477417464600876
1.4771786227356642
1.4784260243177414
1.4764684790279716
1.4775918844388798
1.4769472181797028
1.4770288665313274
1.4776236177422106
1.477300564874895
1.4786890340037644
1.4768392489058897
1.4779070609947667
1.4766802761005238
1.4761500717140734
1.477551253628917
1.4771527382545173
1.4763689748942852
1.4773696195334196
1.4777559889480472
1.476817000308074
1.477303814026527
1.4777217848459259
1.478008450823836
1.4774538382189348
1.4773311221506447
1.4776483064051718
1.4768919082125649
1.476853582309559
1.4769710212713107
1.4768288286868483
1.4768380632158369
1.4767618582118303
1.4762089422438294
1.476193438284099
1.4767599690239877
1.4778641040902585
1.4767353761708364
1.477248116163537
1.476121233892627
1.4773492701351643
1.4764508763328195
1.476872475934215
1.4762930230936036
1.4770215428434312
1.4766686034854501
1.4769864928675815
1.4759914092719555
1.4760053505888209
1.476736408425495
1.4766746130771935
1.4756562092807144
1.47655247093644
1.4770543000195175
1.4762124010594562
1.4766471495386213
1.4754009651951492
1.4761402368312702
1.4767257764469832
1.476656059618108
1.4765726572368294
1.4763237733859569
1.4770848121261224
1.4766726597445086
1.4755971941631287
1.4762387360678986
1.4763358009513468
1.4765176877845079
1.4767153530847281
1.4749463233165443
1.475896275602281
1.4758592939469963
1.4763715107692406
1.476647064089775
1.476563575444743
1.4752491394756362
1.4759074959438294
1.4761432306841016
1.4761927532963455
1.4753594782669097
1.475646605831571
1.4756993973860517
1.475549687165767
1.475421424722299
1.476887543918565
1.4753331643296406
1.475994700100273
1.4749149141134694
1.4761481177993119
1.4756722399033606
1.4757590774679556
1.4756013861624524
1.4753651667851955
1.475421452196315
1.4754286078969017
1.475660753203556
1.4753549720626324
1.4759598213713616
1.475468004355207
1.4761002353625372
1.4761136694578454
1.4745767026906833
1.475333938957192
1.4765773670515046
1.4754801715025678
1.4753058820497245
1.4752963951323181
1.4754868112504482
1.4747612721985206
1.4749187460402027
1.4753169402247295
1.4761087846709415
1.4751545890467241
1.4746763742296025
1.474561967421323
1.4755021528108045
1.4747470503207296
1.4756934462348
1.474903270835057
1.4751606137724593
1.4747969318414107
1.4753292753593996
1.4755547837121412
1.4754317424958572
1.4753083809046075
1.4763533474178985
1.4748230077093467
1.4747398366453126
1.4751067429315299
1.4748978723073378
1.4745666553499177
1.475633388501592
1.4743634979240596
1.4748773565515876
1.475235384539701
1.4752425058977678
1.4742813693592325
1.4759027120890096
1.4743741693673655
1.4742887046886608
1.4750840783817694
1.4750221834983677
1.47438159189187
1.474981899606064
1.475042737671174
1.474374003824778
1.4739596724975854
1.4741657386766747
1.4739934739191085
1.4739304437534884
1.4746124398661777
1.4735889623407274
1.474788761464879
1.4746908354572952
1.4749117599567398
1.4748243045760319
1.4742330516455695
1.4737875893479213
1.47360407281667
1.4736360344104469
1.473599657532759
1.4740540016209707
1.474400727194734
1.4737700532423332
1.473870150744915
1.4738761625485495
1.4746944579528645
1.4733678022166714
1.4735957097727805
1.475747112184763
1.4736336353234947
1.4738598846597597
1.4736845740117133
1.4745560208102688
1.473613800946623
1.4736487208865583
1.4736061290604994
1.4729186778422445
1.4743908412056044
1.4736724051181227
1.4737030328251421
1.4742838565725833
1.4732201645383611
1.4741079359082505
1.4730713091557845
1.4736568696098402
1.4735133709618822
1.4731833658879623
1.472712267190218
1.4732702708570287
1.4739641037303954
1.4732801892096177
1.4727813340723515
1.4735483878757805
1.4728690555784851
1.472506819292903
1.4733052359661087
1.4730973050463945
1.4739724985556677
1.4726981990970671
1.4739494605455548
1.4740491975098848
1.4732846573460847
1.4729383466765285
1.4731977909104899
1.4731384695041925
1.4731315040262416
1.4730333611369133
1.4735157998511568
1.473284904146567
1.4731142584932968
1.473518177983351
1.4729811502620578
1.4726172551745549
1.473044189508073
1.473390735220164
1.4727598573081195
1.47295315656811
1.4730825707083568
1.4724834288936108
1.4726606499170884
1.4736881864955649
1.472405111300759
1.4729417660273612
1.4721337276278064
1.4728643404087052
1.4716727915219963
1.472447111736983
1.4726024242118
1.4724082194734365
1.4721331984037533
1.472677177283913
1.4723144209710881
1.4722326250048354
1.4723108258331195
1.4721970038954169
1.4728957531042397
1.4719783413456753
1.4718873532256112
1.4719807516084984
1.4719241899438202
1.472877478110604
1.4728217733791098
1.4728188005974516
1.4732249598018825
1.471500760409981
1.4723084578290582
1.4717428665608168
1.4721325263381004
1.472442339756526
1.4719897464383394
1.4730695316102356
1.4719886515522376
1.4719846490770578
1.4724427149631083
1.4717254737624899
1.471471086726524
1.4719579631928355
1.4725197373190895
1.4737761656288058
1.4725503191584721
1.472192774177529
1.4728327092016116
1.4722445575753227
1.4717031011823565
1.4719665863085538
1.4717037864029408
1.4717734239529818
1.4719481624197215
1.4711941835703328
1.4720975121017545
1.4715681293746457
1.4716399516910315
1.4728424199856818
1.4719076432520524
1.4714889974566177
1.4711525450693443
1.4723072348861024
1.4707899473141879
1.4712701410753652
1.4713123234687373
1.4730957539286464
1.4713627329329029
1.4710946584818885
1.4715115813305601
1.4717399979708716
1.4715110196266323
1.4723988806363195
1.4716575216734782
1.4712747688172385
1.4717389976140112
1.4712413105880842
1.4716505496762693
1.47090326808393
1.4719973147148266
1.4710668561747298
1.4717554317321628
1.4708959385752678
1.4707374073332176
1.4707159522222355
1.470811247243546
1.4710601874394342
1.472010053228587
1.4712853373494
1.4719285416649655
1.4717775501776487
1.4723054320784286
1.471178678330034
1.4703509953105822
1.4709594579180703
1.470682547078468
1.4708584243198857
1.4710020268103108
1.4709960194304585
1.4712377198738977
1.4714419384254143
1.4711627413053066
1.4711802357342094
1.4709017532877624
1.4708633442642167
1.4707633767975494
1.4704076234484091
1.4709453084506094
1.470425559557043
1.469909918610938
1.470422106445767
1.4699990911176428
1.4704274266259745
1.4699651654809713
1.4704112930921838
1.4706571425776929
1.4700898103183135
1.47040320339147
1.4701816079905257
1.4707176220836118
1.4702799760270864
1.469925140030682
1.470454097376205
1.4706970342667773
1.47001107793767
1.4707241019932553
1.4707322468748316
1.4704038542695343
1.469461266999133
1.470260673435405
1.4698618685360998
1.471229742281139
1.4705332707380876
1.469581750454381
1.470102846273221
1.4700399360153824
1.469685332966037
1.4693957888521254
1.4705074882367626
1.4696761558298022
1.4694524640217423
1.4709617047337815
1.4692341132322326
1.4699453070061281
1.4694772815564647
1.4697563876397908
1.470096728298813
1.4697023393819109
1.4695800020126626
1.4696305070538074
1.4699640515027568
1.47070065070875
1.4697886527283117
1.4691784145543352
1.4694124774541706
1.4697718936949968
1.4691774722887203
1.4693357618525624
1.4693514382233843
1.470239414833486
1.470549798454158
1.470421916921623
1.4699131934903562
1.4713454118464142
1.4697147264378145
1.4697281267726794
1.46922906069085
1.468943435815163
1.4700145334936678
1.4688997440971434
1.4697062957566231
1.469320293981582
1.4695837578037754
1.4691310317721218
1.4691225155256689
1.4694480082252994
1.4700026054633781
1.4698085758136585
1.4699318564962596
1.4692807127721608
1.4687920439755544
1.469097261549905
1.4691362075973302
1.469547054497525
1.469504190608859
1.4691707494203001
1.4692867111880332
1.4685833172407001
1.4686235883273184
1.4693843442946672
1.469395913882181
1.469081015093252
1.4692053293110803
1.469313092995435
1.4687378975795582
1.4685499828774482
1.4690386530710384
1.4702412876067683
1.468542737304233
1.4694379420252517
1.4687166349031031
1.4689129595644772
1.46863554418087
1.4688008233206347
1.4688477931777015
1.468695018789731
1.4693495177198201
1.4683994113001972
1.4684138704324141
1.4686499637318775
1.4692746938671917
1.4688785778125748
1.4686295101419091
1.468571049743332
1.469452438177541
1.4685854517156258
1.4684446316678077
1.4688836567802355
1.4685071875574067
1.4687282453523949
1.46885675995145
1.4690130850067362
1.4684831338236108
1.4683695742860436
1.4684525213669986
1.4685829508816823
1.4684936681296676
1.4684626526432112
1.4687394666252658
1.4687348993029445
1.4681176784215495
1.4682545338291675
1.4684565470088273
1.4678535416023806
1.4684878053376451
1.4685033650603145
1.468072104617022
1.4691267824964598
1.4695353640709072
1.4682130088331178
1.467929155798629
1.4686891592573375
1.468436119146645
1.4685320761054754
1.468076050747186
1.4681776197394356
1.4688093542354181
1.46809731668327
1.4676410262472928
1.4683954948559403
1.4683481964748353
1.4687760105589405
1.4676391234388575
1.4690200870390981
1.4673853318672627
1.4680325454100966
1.4677552676294
1.4679418102605268
1.4682830182136968
1.4678361094556749
1.467905885190703
1.4676359127042815
1.4677958526881412
1.4683313290588558
1.4672503042966127
1.4680032306350768
1.4677425952395424
1.4674086801242083
1.4675909269135445
1.4673208493040875
1.4673570191953331
1.467966625932604
1.4674182381713763
1.4672215601895005
1.4671088084578514
1.467542256694287
1.4677289883838966
1.468112507252954
1.4677689238451421
1.467462760861963
1.4674757396569476
1.4679866165388376
1.467898764531128
1.467091865837574
1.4682986829429865
1.4676007906673476
1.466905043227598
1.4672503267647699
1.4672089971136302
1.4678044754546136
1.467750051873736
1.467905200086534
1.4672994364518672
1.4677589306375012
1.4673991075251251
1.4679754119133577
1.4689787599490955
1.4674047029111534
1.4674379979260266
1.466479650232941
1.466721903765574
1.467447616509162
1.4672152319690213
1.4664543225662783
1.4673852268606424
1.4673019326291978
1.4670359467854723
1.4671315093291923
1.4690456290263683
1.4666075769346207
1.4669617933686823
1.4670394120039418
1.467090209480375
1.4669964142376557
1.4669732936890796
1.4671814646571875
1.4673732168739662
1.467486922396347
1.4681325182318687
1.467043567681685
1.4676457643508911
1.466741198557429
1.468733141082339
1.467247101245448
1.4675592558924109
1.4665201993193477
1.4675700204679742
1.4664321356685832
1.46731098939199
1.4669715269701555
1.4673594126943499
1.4668531253701076
1.4667001100024208
1.4671968788607046
1.4664245478343219
1.4673196024959907
1.467051594867371
1.4668090539053082
1.4671861906535923
1.466571162105538
1.466841978719458
1.4674774210434407
1.4667261999566108
1.4674088493920863
1.4666339168325067
1.4664214691147208
1.4669129415415227
1.4667689580237493
1.4671037964290008
1.4662822474492714
1.466793145867996
1.4673827608348802
1.4662550726206973
1.4662088978802785
1.4666079757735133
1.4663339073304087
1.4665189357474446
1.4670834299176931
1.467316406662576
1.4667793619446456
1.4660238422220573
1.4658297351561487
1.4662474874639884
1.4683477891376242
1.467013000859879
1.467172762611881
1.4680974499788135
1.4683010674780235
1.4668567357584834
1.4669078746810555
1.4668456390500069
1.4659350943984464
1.467018484720029
1.4658273305976763
1.4663198128109798
1.4659752692095935
1.4660349040059373
1.4664480831706896
1.4661157765658572
1.4653518120758235
1.4659496491076425
1.4656558241695166
1.4655918284552172
1.4658912498271093
1.4654761302517727
1.4657201318768784
1.4656993163516745
1.4651225823909044
1.4659001692198217
1.4652320217574015
1.4656060051638633
1.4647923411102965
1.4660290294559672
1.4652436900651082
1.465911319013685
1.466302313376218
1.4654578550253063
1.4649651108775288
1.4642898429883644
1.4653272571740672
1.4653013579081744
1.4653040074044839
1.465686745243147
1.4647432980127633
1.4652169677428901
1.4650496166432276
1.4647064396413043
1.4663114860886708
1.4652417013421655
1.4646282640751451
1.464992694556713
1.4655204240698367
1.46492907369975
1.4646354999858886
1.4648810216458514
1.4647800681414083
1.4645387785276398
1.4656434493372217
1.464417577139102
1.4653929363703355
1.4649188244948164
1.4644964733161032
1.465038290945813
1.4651329695479944
1.4647456086240709
1.464408956700936
1.4653576312121004
1.464044468011707
1.4647332597523928
1.464652605354786
1.4664484963286668
1.4650554691907018
1.464167964993976
1.464025720837526
1.4649613278452307
1.4648128871340305
1.4645537736359984
1.4643649386707693
1.4645636199275032
1.46420264756307
1.463979905587621
1.4645013678818941
1.4637036465574056
1.4642521389760077
1.4645479010650888
1.4637986032757908
1.4643903612159193
1.4643388700205833
1.4652243956224993
1.464424026897177
1.4637645251350477
1.4640965219587088
1.464600259787403
1.463951075449586
1.4645563383819535
1.4629856477258727
1.4641324590193108
1.463259888929315
1.4634353631408885
1.4635923381429166
1.4637619226705283
1.4641771762399003
1.4638171738479286
1.4644406241131946
1.4645311110652983
1.4640130929183215
1.4638051998335868
1.4642056120792404
1.4635488393250853
1.4643574175424874
1.46530062018428
1.4644309976138175
1.4645838319556788
1.4637667865026742
1.4639895863365382
1.4639597230125219
1.4640401643700898
1.4638562311884016
1.463277857284993
1.4638903529848903
1.4636833134572953
1.4633771519875154
1.4638845627196133
1.4635328550357372
1.4630673164501786
1.4628634731052443
1.46331816771999
1.4634538949467242
1.4648323763394728
1.4632690085563809
1.4630503607913852
1.4628842596430331
1.462930146139115
1.4627855552826077
1.464361127000302
1.4630135573679581
1.463134877732955
1.4644321084488183
1.4633424391504377
1.4626832549693063
1.462858525221236
1.4631955651566386
1.462404924328439
1.4632293684408069
1.4629590066615492
1.462776922620833
1.463641602313146
1.4630067128455266
1.4628386484691873
1.463215850875713
1.4636795992264524
1.462291591335088
1.4632937281858176
1.4631506951991469
1.4632596775190905
1.4635826989542693
1.4626400186680257
1.4636306350585073
1.4627266939496621
1.4621094483882189
1.4636629923479632
1.4622743092477322
1.4629706857958809
1.4631751981796697
1.463518293807283
1.4630154455080628
1.4633415590506047
1.462798829190433
1.4616296068998054
1.4622629021760076
1.4626146488590166
1.46216292551253
1.4618524769321084
1.4630400199675933
1.4621882056817412
1.4625563358422369
1.463163205771707
1.4623444540193304
1.4622237265575677
1.462338010314852
1.4622289225226268
1.4624886655947194
1.4622761432547122
1.4631875477498397
1.4627713448135182
1.4626392133068293
1.462130504543893
1.4627943392843008
1.4618597424123436
1.4622111327480525
1.4623314675409347
1.4620285065611824
1.4629065063782036
1.4627253125654534
1.4625933968927711
1.4620168855180964
1.4620189986890182
1.4621690807398409
1.4615313198883086
1.4631222191965207
1.4620569942053407
1.4623769273748621
1.4616248261881992
1.4622059686807916
1.461853326531127
1.4620947290677577
1.4622048524906859
1.4615342180477455
1.4617789949988946
1.4615717203123495
1.4620594874722883
1.4619320614729077
1.461871650419198
1.4623847381444648
1.461500595556572
1.462335574789904
1.4614323085406795
1.4615029094275087
1.4622371467994526
1.461401644628495
1.461833645356819
1.461750537273474
1.4614886245690286
1.4610541777219623
1.461460251477547
1.4616095229284838
1.462098338874057
1.4613664313219488
1.4612532882019877
1.4616691849660128
1.46147135051433
1.4614256416680291
1.4608763991855085
1.461035663378425
1.4613702367059886
1.4604564398759976
1.4621870761038736
1.4615548953879625
1.4609177235979587
1.4616429130546749
1.4610545507166535
1.4613427127478644
1.4614046245114878
1.4611913808621466
1.461713824304752
1.4613692063139752
1.461469010449946
1.4611079073511064
1.4613789138384163
1.4609200063860044
1.4611660985974595
1.4611519848695025
1.4604178639128804
1.4614782239077613
1.4606900386279449
1.4602076129522175
1.4610391211463138
1.461030101054348
1.4616213927511126
1.462138328817673
1.461566083948128
1.4617517031729221
1.461736817494966
1.46025331155397
1.4608998500043526
1.4606811557896435
1.4607803031103685
1.4608212943421677
1.4603108947630972
1.4606309313094243
1.4609269858337939
1.460093809175305
1.460620769765228
1.4602042654296383
1.4600651202490553
1.4604027264285833
1.4607369581935927
1.4608285261783749
1.460333671537228
1.4599837905261666
1.4601906291209161
1.4600939163938165
1.4607279463671148
1.4601995915872976
1.4602807182818651
1.4606359252939
1.4601039887638763
1.460161400027573
1.4601746331900358
1.4598398117814213
1.4598808570299298
1.460384433856234
1.4603711542440578
1.459537846618332
1.4621542162494734
1.4597021596273407
1.4602439132286236
1.4599830992519855
1.4597799233160913
1.4600742708425969
1.4597371551208198
1.4594772363780066
1.4599594557657838
1.460039306548424
1.4597674125107005
1.4596075903391466
1.4595045909518376
1.4604711628053337
1.4595453818328679
1.4601400924148038
1.4593586347764358
1.459966586669907
1.4592627011006698
1.4600837850011885
1.4591230909572914
1.459607431315817
1.4594026756240055
1.4591657436685637
1.4597550295293331
1.4597978967940435
1.459860062925145
1.4594256307464093
1.4621403338387609
1.4600021743681282
1.459870014572516
1.459547623875551
1.4595375788630918
1.4596734613878652
1.4590439607854933
1.4605836548143998
1.459730061935261
1.459519511088729
1.459199825534597
1.4595865200972185
1.4586698287166655
1.4583803951973096
1.4589580331230536
1.4588728890521452
1.4593761779833585
1.4598702173680067
1.4593313789227977
1.4588400109205395
1.4591780274640769
1.4594422100344673
1.4594955189386383
1.4586813383502886
1.458501739660278
1.4601242162752897
1.458965137717314
1.4591458677314222
1.4586730598239228
1.4586658363696188
1.4587975951144472
1.4594782519852743
1.4586086355848238
1.4585701851174235
1.4585504434071481
1.4584077610634267
1.4583441512659192
1.458701571682468
1.4589767949655652
1.458821424166672
1.4583714329637587
1.4584308653138578
1.458784730755724
1.4582240354502574
1.4583633579313755
1.4586818111129105
1.4589834295911714
1.458935214788653
1.458247920498252
1.4580314852064475
1.45863835234195
1.4584252497879788
1.4585494459606707
1.4581233620410785
1.4581530381692573
1.458621315076016
1.4580899488646537
1.458523848443292
1.4583792588673532
1.4584618081571534
1.4582079289248213
1.4578622116241604
1.458368065301329
1.4581731603248045
1.4582032043254003
1.4582836979534477
1.4580636244500056
1.4582343662623316
1.458331223577261
1.4580638227052987
1.4576813823077828
1.4577628801343963
1.4584103908855468
1.4578005404910073
1.4581134574254975
1.458610032335855
1.457943286630325
1.45842388831079
1.4580648319097236
1.4573369392892346
1.4576758291805163
1.4584874383872375
1.4586476441472769
1.4580369206378236
1.457323042792268
1.4579769540578127
1.4578671870986
1.4596417403081432
1.4576619449071586
1.4583295192569494
1.4577515355776995
1.4577302978141233
1.458013599854894
1.457977116922848
1.457601978792809
1.4613046121085063
1.4575192077318206
1.4576535623054951
1.45789098367095
1.4575666586169973
1.457728713634424
1.4578499499475583
1.4569056703476235
1.457562034483999
1.4576514769578353
1.4584136434132233
1.4573445527348667
1.4573644052725285
1.4572217979002744
1.4571697496576235
1.4573402707464993
1.4570672527188435
1.4582932187477127
1.457134679891169
1.4575060015777126
1.4575790213420987
1.4573860564269125
1.456907712155953
1.4579075949732214
1.4578847318189219
1.4570098583353683
1.458822196815163
1.456568380817771
1.4571663780370727
1.4572547922143713
1.456931232358329
1.4568713903427124
1.4572775406995788
1.4567421884275973
1.4569982801331207
1.4566343897022307
1.4571601394563913
1.45644781680312
1.4573845211416483
1.4568926603533328
1.4567408384755254
1.4568993787979707
1.4576698986347765
1.4560813050484285
1.456116444664076
1.4563841009512544
1.4570597518468276
1.4558454505167902
1.4564583550672978
1.4563246426405385
1.4567912452621385
1.4563429970294237
1.4571399876149371
1.457523513585329
1.4564842754043639
1.456621946184896
1.4557004203088582
1.45655170280952
1.456480092718266
1.4565462470054626
1.4561509997583926
1.45648985914886
1.4560446672840044
1.455730744637549
1.4555504858726636
1.456208995776251
1.456617929507047
1.4563166432781145
1.4569698217092082
1.4555155278649181
1.4556785020977259
1.455725888023153
1.4553615053882822
1.455199288087897
1.4558300342177972
1.4561082448344678
1.4556353030493483
1.4551807907409966
1.457072876743041
1.4560357357840985
1.4560280714649707
1.4557327897055075
1.4556222191313282
1.4555891316849738
1.4543657598551363
1.4551601959392428
1.4562289380701259
1.4551459167851135
1.4545831938739866
1.455340450629592
1.455006490345113
1.455588513519615
1.4552606353536248
1.4554775699507445
1.4554092235630378
1.4547883451450616
1.455977254663594
1.4548221351578832
1.4544634592020884
1.4548808954423293
1.4544889529934153
1.4541935949819162
1.4553560332860798
1.4548734307754785
1.4545700297458097
1.4547305043088272
1.4546167633961886
1.454320272197947
1.4543605481740087
1.4546426009619609
1.4544321428984404
1.454338771989569
1.4547035491559654
1.4546149007510394
1.454650751547888
1.454638127819635
1.4538675569929183
1.4546042623696849
1.4542472047032788
1.4550116606988013
1.4539147518808022
1.4537165588699281
1.4543581430334598
1.453931845142506
1.4540926043409854
1.4536084935534745
1.453702135127969
1.4538963196100667
1.4535395689308643
1.4541987710399553
1.4540975678246468
1.4538246678421274
1.4538920717313886
1.4531817839015275
1.4536424216348678
1.4535327372141182
1.4538607179420069
1.454017878510058
1.454483408597298
1.4535538029158488
1.4536512366030365
1.4538558126660064
1.4533918861998245
1.4536467891884968
1.4538918618345633
1.453978843637742
1.4532496249303222
1.4532935956958681
1.453670059912838
1.4532207478769124
1.4535304836463183
1.4531584043288603
1.4530281116021797
1.453194459201768
1.4533871286548674
1.4531140814069659
1.4534289381699637
1.4533858108334243
1.4539361841743812
1.4523218310205266
1.4534631810383871
1.4526688718469813
1.4530242739710957
1.4534722878597677
1.453096347860992
1.453742086654529
1.4537386121228337
1.454790111980401
1.4529726710170507
1.4527437565848231
1.4532518963096663
1.45349500188604
1.4531720749801025
1.4526835350552574
1.4532077388139442
1.4537900869036093
1.4530065776780248
1.4527815256733447
1.45265674428083
1.4528637997573242
1.4530047279549763
1.453287641517818
1.4530632104724646
1.4532283080043271
1.4543136038118973
1.452963303308934
1.4532368334475905
1.4533347688848153
1.4526392585830763
1.4529933142475784
1.4528506994247437
1.4532958115451038
1.4526478403713554
1.4527288590325043
1.452968068420887
1.4525190416024998
1.4527165692998096
1.4525317335501313
1.4534656457835808
1.4527484101708978
1.4530999220442027
1.4530829914147034
1.4524988769553602
1.4529586310964078
1.4526269357884303
1.452741360408254
1.4531106257345527
1.452650883817114
1.452681249473244
1.45228372188285
1.4522065675118938
1.4531178351026028
1.4524869095766917
1.451884027919732
1.4519434010144323
1.4525524575728923
1.4521868703886867
1.4521187666105106
1.452744262991473
1.4523316719569266
1.4518149753566831
1.453263705712743
1.4527078807586804
1.45199886104092
1.4517191882478073
1.452149628661573
1.4530907815787941
1.4522729221498594
1.4527483195997775
1.4521817159838974
1.4521186389029026
1.4526259650010616
1.4521945171291009
1.4527423540130258
1.4521443883422762
1.451684073312208
1.4526248332113028
1.452561368001625
1.4522212690208107
1.4528019987046719
1.4515002919360995
1.4519790819613263
1.45181431947276
1.452259017736651
1.4516953364945948
1.451984905055724
1.4522424197057262
1.4523365588393062
1.4519547633826733
1.4515607706271112
1.4520120866363868
1.4516002787277102
1.4512551436200738
1.4526626670267433
1.4512521956348792
1.4516143809305504
1.4522588957333937
1.4520711736986414
1.4522609404521063
1.4511489671422169
1.4509856589138508
1.4522205063840374
1.4519933714764193
1.4510842508170754
1.4514929903671145
1.4513866504421458
1.450557409436442
1.4513004113687202
1.451392243267037
1.4515642292099074
1.451499393908307
1.4513008184731007
1.4510185818653554
1.4515220064204186
1.4511093869805336
1.4511029740097001
1.45106092072092
1.450998036772944
1.4516658016946167
1.450682969414629
1.4514442011713982
1.451225861441344
1.4511112559121102
1.4518005264690146
1.4522101492621005
1.4506713867885992
1.4513142623472959
1.4512076252140105
1.4507441360037774
1.451025134534575
1.4508993529016152
1.4510115223238245
1.4506483471486717
1.4512644212227315
1.4504502573981881
1.4508928254945204
1.4507814765674993
1.4508714557159692
1.451323067652993
1.4506384764099494
1.4508705676998943
1.4509154931874946
1.4501967650139704
1.4509522125590593
1.450659490772523
1.4510673712939024
1.4506487406324595
1.4505523765692487
1.4507189532741904
1.4505751988617703
1.4497977902647108
1.450455815414898
1.4505168077303097
1.4500536774285138
1.4503626227378845
1.4502573660574853
1.4502526334254071
1.4499428694834933
1.4505639789858833
1.4503086367622018
1.4501135146711022
1.4503009321633726
1.4502343675121665
1.4501230536261573
1.4500343909021467
1.449951222864911
1.450105126365088
1.4501117712352425
1.450242809485644
1.4493660264415666
1.4496033578179777
1.4504323969595134
1.4500303418608382
1.4495176397031173
1.450067410711199
1.4493517025839537
1.4495839559240267
1.4507168766576797
1.4502109119202942
1.4495649921009317
1.449735896079801
1.4497987809590995
1.449578738771379
1.449326021480374
1.4493540250696242
1.4495563274249434
1.4496747448574752
1.4499026997946203
1.4500244890805334
1.4501571890432388
1.4492926493985578
1.4494636961026117
1.4491329893935472
1.4494311510352418
1.4497664330992848
1.44935168675147
1.4489687860477716
1.449197101755999
1.4503179725725204
1.4494014490628615
1.4493625911418349
1.4493760101031512
1.448772321571596
1.4491048243362457
1.448680030880496
1.4491030460922047
1.4498510782141238
1.4505601085256785
1.4504824795294553
1.4498980410862714
1.4493828971171752
1.4496091144392267
1.449216025066562
1.4491551406681538
1.4490997701650485
1.4494082119781524
1.4493304175557569
1.450125670991838
1.448990442790091
1.4490203905152157
1.4491681319195777
1.448781234677881
1.4489709519548342
1.4500469365157187
1.4492279645055532
1.4481205851770937
1.448364589130506
1.4484727650415152
1.448799125268124
1.4487569340271875
1.4501233398914337
1.448709266493097
1.4484692713012919
1.448199927341193
1.4490858485223725
1.4485777949448675
1.448992671445012
1.4480639816028997
1.4483152487082407
1.4484785695094615
1.448712451965548
1.4491947807837278
1.4494204130023718
1.4478214324917644
1.4485214950982481
1.4484870142769068
1.448540331562981
1.448543336475268
1.4486097034532577
1.4482521242462099
1.4494935667607933
1.4481030203169212
1.4480392941040918
1.4486822873586789
1.4482455633115023
1.4480526770930737
1.4494020288111642
1.4487878968939185
1.4496217966079712
1.4484335421584547
1.4480231869965792
1.4483545566909015
1.4479948729276657
1.4484301139600575
1.4483063771622255
1.4483941328944638
1.4481732945423573
1.4479462441522628
1.4488153757993132
1.4487781311618164
1.4478296162560582
1.4480350718367845
1.4489599263761193
1.4480433425633237
1.4478500882396474
1.448582784156315
1.447814432089217
1.447663008584641
1.4482235074974597
1.447881860891357
1.4481901206308976
1.4478127367328852
1.448531377594918
1.4473677093628794
1.44830237259157
1.447875358746387
1.4478197413263842
1.4479078513104469
1.4478090917691588
1.4477055906318128
1.4478695798898116
1.4475618208525702
1.447453556698747
1.4481501916889101
1.447748882113956
1.4480338536668569
1.447791516664438
1.4475080559495836
1.447555054561235
1.44783653144259
1.4479224908864126
1.4477099105715752
1.4479145330842584
1.4475606797495857
1.44772210449446
1.4480459730839357
1.4481228545773774
1.447235370054841
1.4477131200255826
1.4474520353833213
1.4476662429515272
1.4472075221128762
1.4479399408446625
1.4475300931371748
1.4478055465733632
1.4475767464609817
1.4475920350523666
1.4486366948112845
1.447821248904802
1.4474744909675792
1.4470414039678872
1.447747334255837
1.447501486283727
1.4472589744254947
1.4477066445397213
1.447803876362741
1.4477515983162448
1.4470934214768931
1.447615805431269
1.4474476686445996
1.4470500211464241
1.4474813466658816
1.4473931898828596
1.447236257023178
1.4470515655120835
1.447074610623531
1.4475164455361664
1.4465888300910592
1.4471904843812808
1.447984225815162
1.4475578020792454
1.4468063885578886
1.4466070362832397
1.4466586653143167
1.4472625899361446
1.4465986827854067
1.44684504379984
1.4480052181752399
1.4472260663751513
1.446908353595063
1.44718882732559
1.4472759183263406
1.446613486041315
1.44749845424667
1.4466094834497198
1.4466533840168267
1.4470013087848201
1.446669289143756
1.4471570797031745
1.4476368048926815
1.4489530540304258
1.4466903366846964
1.4465836184099317
1.4468302618479356
1.4465264999307692
1.447139379917644
1.4462511475430802
1.4473568033427
1.4473644105019048
1.4471171338809654
1.4469632394611835
1.4466802484821528
1.445810690522194
1.4468760218005627
1.4464067791122943
1.4468923014355823
1.4470927128568292
1.4469002393307164
1.4468288187636063
1.4463458636309952
1.445866750786081
1.4461501146433875
1.4463661306072026
1.446716370410286
1.4463024865835905
1.4464247851865366
1.447356916964054
1.4464485245989636
1.446488463319838
1.446011611376889
1.4460705124074593
1.4467090541729704
1.4464366744505242
1.446327022043988
1.445837639621459
1.445479356800206
1.4470777610549703
1.4465679441345856
1.4462326024658978
1.4462176971137524
1.4468202808639035
1.4461764013394713
1.446538448217325
1.446258683456108
1.4473508385708556
1.4467177571495995
1.4462035201722756
1.4470909328665584
1.4469064945587888
1.4463368464494124
1.446579567156732
1.4461504839127883
1.446256615803577
1.446230950532481
1.4460236474405974
1.4463667477248237
1.4469076145906001
1.4463659472530708
1.4455645037814975
1.4457129332004115
1.446721508167684
1.4460386780556291
1.4465388766257092
1.445815679966472
1.4462692909874022
1.4460417891386896
1.4455652405740693
1.4460269882110879
1.445915552903898
1.4464545017108321
1.4459366146475077
1.4456590245245025
1.4462086479179561
1.447217627777718
1.4457252520369366
1.4457000022521242
1.4454224535729736
1.445971469511278
1.445780177717097
1.4465733921388164
1.4455890206154436
1.44590241543483
1.4455945529043674
1.4454828606685624
1.4467891044914722
1.4460041049169376
1.4460868681780994
1.4467815445968881
1.4452040427131578
1.445497585227713
1.4460276446770877
1.4458452066173777
1.4455427824286744
1.4455670600291342
1.445490070967935
1.445498904795386
1.4457823027623817
1.446536832721904
1.4456497112987563
1.4459626717725769
1.4453209347557276
1.4452181329252198
1.446007703547366
1.4456834846641868
1.445868462906219
1.4456010898575187
1.4456433813320473
1.44562928378582
1.445423462195322
1.4471311484230682
1.4445693754823878
1.4463542910525575
1.4452577707124874
1.4454828839516267
1.4465156669029966
1.4461045664502308
1.4450870228465647
1.4452037734445184
1.4453387871617451
1.445401502889581
1.445307754795067
1.445171463652514
1.444946728181094
1.4451222701463848
1.445172316278331
1.4451316498452798
1.4448347043944523
1.445187573437579
1.4451443363213912
1.4449609984876588
1.4448008760809898
1.4449926394736394
1.445160047383979
1.4447989807231352
1.4453419229248539
1.4445705261314288
1.44496035319753
1.4454484425950795
1.4449418965959921
1.4450041665695608
1.4453889185097069
1.4458852213574573
1.4441866866545752
1.446475769393146
1.445761821232736
1.4448303735116497
1.4444402563385665
1.444864810211584
1.444506396073848
1.4444793973816559
1.4447491875616834
1.444334618630819
1.4444545041769743
1.4442024396266788
1.4439639042830095
1.4440391226671636
1.4445029882481322
1.4440640036482364
1.444699007901363
1.4446156997000799
1.4440250542247668
1.4445362882688642
1.443909092573449
1.4446357024135068
1.4441970982588828
1.444564733770676
1.443762156763114
1.44380015169736
1.4439649080159143
1.4451770551968366
1.4438492201734334
1.4444239242002368
1.4441504881251603
1.4439076915150508
1.443689961452037
1.4441600238205865
1.4440284308511764
1.4444908981677145
1.4438446887070313
1.4443085276288912
1.4440865523647517
1.4444828316336498
1.4437839636811987
1.4440497223986313
1.4440613727783784
1.4436276988126338
1.4435393790481612
1.4436654009623453
1.44453156250529
1.4435500603867695
1.444128873758018
1.4435316185699776
1.443614516640082
1.4436326693976298
1.4437769586220384
1.4436009192140773
1.4437027734238654
1.4437687090830877
1.4430280673550442
1.4437226775335148
1.443510808981955
1.4441049287561327
1.4433585754595697
1.4437566443812102
1.4438560315174982
1.443728839396499
1.443717741407454
1.4434201796539128
1.4438293285202235
1.443792058620602
1.4441850149305537
1.4434521020157263
1.4432110778288916
1.4433194290613756
1.4441441342933103
1.443766517098993
1.4435584200546145
1.4436894174432382
1.4433706022100523
1.4432127445470542
1.443516950821504
1.4431294918758795
1.4437955744797364
1.4445213968865573
1.4429434129269794
1.4430808093165979
1.4437426812946796
1.4435046279104427
1.4436948698712513
1.443435251363553
1.443243210320361
1.4431479899212718
1.4433518645819277
1.443009998416528
1.443227155948989
1.4438388295238838
1.4433696019696072
1.4436274414183572
1.443160579772666
1.4438203086610883
1.4429098080145195
1.443163521704264
1.443758942768909
1.4427725612185895
1.4429339048219845
1.4434318649582565
1.4432131903013214
1.4426953012589365
1.4432067815214396
1.443219662294723
1.44294338603504
1.4440144681138918
1.4424549074610695
1.4434071352006868
1.4437374980188906
1.443368730135262
1.4438324159709737
1.4427796255331486
1.4431539472425357
1.442615221370943
1.4430081521859393
1.4435959972906858
1.4433793949428946
1.442749509587884
1.4438096440862864
1.4437966111581773
1.4429968459298834
1.442529286374338
1.4430268034338951
1.4428195210639387
1.4429088443284854
1.4436091645620763
1.443189139594324
1.4431005690712482
1.4434569599106908
1.4435804845998064
1.4433919722214341
1.4429263926576823
1.4425882229115814
1.442938205669634
1.4439970763633028
1.4426169155631214
1.443019252968952
1.4426629481604323
1.4429266140796244
1.4423774111783132
1.4425710553769022
1.4426513940561563
1.4426274216966704
1.4426448412705213
1.442997875623405
1.4426866095745936
1.4445870593190193
1.4430111245019361
1.4427009870996699
1.442991194780916
1.4428548510186374
1.4428038544720039
1.442945189657621
1.4426767739932984
1.442758874502033
1.4423782781232148
1.4430315837962553
1.44265190360602
1.4428675327217206
1.44246699672658
1.4430096814176068
1.4429626147029921
1.4427079415181652
1.442696762853302
1.442400751169771
1.442942450987175
1.4425402499036863
1.4431634490611032
1.4427213214803487
1.4420580406440422
1.4423528992338106
1.4427520304452628
1.44244437396992
1.4422828832175583
1.4429373723687604
1.4425919324858114
1.4421729817986488
1.4425475678872317
1.4421495933784172
1.4427153288852423
1.4423457559896633
1.4421806195750833
1.4421130120754242
1.442722914624028
1.4422941661905497
1.4420974642271176
1.4429422904504463
1.4415864533511922
1.441989722661674
1.4423475614748895
1.4426170461811125
1.4424034691182896
1.4419423607178032
1.44203455070965
1.442475778167136
1.4423696171725169
1.442095170961693
1.4422103780088946
1.4424422171432525
1.4423754037125036
1.4422078281641006
1.4419146318687126
1.4419988639419898
1.4416706236079335
1.4423993448726833
1.4423158356221393
1.4418237565550953
1.4422894839663059
1.4423448903253302
1.4419034590246156
1.442126678302884
1.4418144249357283
1.4413142326520756
1.4426762608345598
1.4422923024976626
1.4422604507999495
1.442374276346527
1.441707540419884
1.4423797810450196
1.4417567234486341
1.4418629622086883
1.4422319390578195
1.441747360280715
1.441591157228686
1.4417299651540816
1.4420394551707432
1.4423023433191702
1.4422332922695205
1.4416533160256222
1.4421168349217623
1.4419994276249781
1.4418517231242731
1.441436410532333
1.4412772941868752
1.4423760632053018
1.4429958874825388
1.4413848035037518
1.4413780843606219
1.441742300754413
1.4420646757353097
1.4418523424537852
1.4415006630588323
1.4422600327525288
1.44199111929629
1.4419235084205866
1.4413219740381464
1.4418415994150564
1.4420618125004694
1.4417298578191549
1.4428338933503255
1.4421494723064825
1.4417235220316797
1.4416953939944506
1.4416014645248652
1.4411164772463962
1.4418871282832697
1.4418973629362881
1.4414784163236618
1.4413235282991081
1.4410714672412723
1.4415583306690678
1.4413001282373443
1.4413409905973822
1.441355120507069
1.4421960969921201
1.4415291815530509
1.44123335625045
1.4412780901184306
1.4416563415434211
1.4423661382170394
1.4411027925089002
1.441420026239939
1.4411576667334884
1.4414514512754977
1.4412637517089024
1.4413941286038607
1.441326622851193
1.44096719333902
1.4414874027715996
1.4420476850355044
1.4414099206915125
1.4410475010517985
1.4408640549518168
1.442466474021785
1.4409905291395262
1.4409274037461728
1.4409019796876237
1.4410993026103824
1.4410882701631635
1.4413203949807212
1.440965814050287
1.441222774446942
1.441515793907456
1.4428395265713334
1.44243312231265
1.4413962438702583
1.4411701795179397
1.4411981530720368
1.44086444855202
1.441317912307568
1.4408666022354737
1.441428322577849
1.4406732002971694
1.4409320167033002
1.440621285000816
1.4413521339884028
1.4411587060894817
1.4410421676002443
1.4409638020442799
1.4410839586053044
1.4411558031570166
1.441621042555198
1.440475519746542
1.4411054134834558
1.4409376844996586
1.4407059233635664
1.4405519753927365
1.4408236189046875
1.4412017102586105
1.441004037973471
1.4432394545292482
1.442225338309072
1.4423073109937832
1.4421262632822618
1.442154565709643
1.4422291639493778
1.441609613248147
1.4428752560634166
1.4420076940441504
1.4414054513908923
1.4429382492089644
1.4408275347668678
1.4407048309221864
1.4400672102347016
1.4404772081179544
1.441157532390207
1.4404198901029304
1.4412155254976824
1.4402077610138804
1.440073131932877
1.4406620768131688
1.441455488326028
1.4403609978035092
1.4403289556503296
1.4401699206791818
1.440297938650474
1.4404689497314394
1.4408251675777137
1.440307346289046
1.4399583446793258
1.4407146127196029
1.4401888992870227
1.4405409996397793
1.4400061602937058
1.4404018897330388
1.4410761083709076
1.440852036466822
1.4406366258626804
1.4409418880240992
1.4403244504937902
1.4404832267900929
1.4406435784185305
1.4401846460532397
1.4401652672095224
1.440121831605211
1.4419343159534037
1.4405205353396013
1.440457277232781
1.440322625101544
1.4405469375196844
1.439807168673724
1.4404524482088163
1.4403321100398898
1.4407601993298158
1.4398483901750296
1.4401863751700148
1.4403331757057458
1.4403405861230567
1.4398817606270313
1.4400338809937239
1.4403449516976252
1.4401732605183497
1.4398982288548723
1.439890437060967
1.4396409415639937
1.4400234516942874
1.4402484416496009
1.4408549446379766
1.4410302423639223
1.4399725759867579
1.439756310195662
1.4395597227849066
1.4401580435223877
1.441032703150995
1.4395892530446872
1.4399599118623883
1.4404039778746665
1.4399625720689073
1.4396048652706668
1.4398657713318244
1.43988479685504
1.440452549373731
1.4398880349472165
1.4404849541606382
1.4408728859853
1.4394147123675793
1.440414785523899
1.439510420197621
1.4402535122353584
1.439728214754723
1.4403806161135435
1.4401612797519192
1.4392925592837855
1.4397702385904267
1.4396612149430439
1.439766766037792
1.4403708110330626
1.4397233390482143
1.4397135431645438
1.4399555247509852
1.4397325434256345
1.4402531079249457
1.4399862836580724
1.440411844290793
1.43969970731996
1.4397417200962082
1.4398583713918924
1.4400149183347821
1.4402954073157161
1.4398476626956835
1.439722859300673
1.4397393296239898
1.4392602319130674
1.4401684855110943
1.4409547507530078
1.439426174503751
1.4403244100976735
1.4397094866726547
1.4401308201486245
1.4392727026715875
1.4395491988398135
1.4393406237941235
1.4396303391549736
1.439844166743569
1.4394804816693068
1.4394347300985828
1.4405467614997178
1.4392937530064955
1.4396828553872183
1.4398334012366831
1.4403696047374979
1.4394659782992676
1.4393436822574586
1.4394085734384134
1.4397367193596438
1.4395306636579335
1.439629232743755
1.4399607217637822
1.43970320711378
1.4393978911684826
1.4394948438275605
1.4397197236539796
1.439414597232826
1.4397400306770578
1.4413939887890592
1.4393368209712207
1.43990730389487
1.4392593669472262
1.4392507007578388
1.4400641333777457
1.4394526542164385
1.439351643784903
1.4388771541416645
1.4394475292647257
1.4389108725590631
1.4398449235595763
1.4393964288756251
1.4398452219320461
1.4393076931592077
1.4395331622799858
1.4396017794497311
1.4404569624457508
1.4388279009144753
1.4396036403486505
1.4391625826247036
1.4392130275955424
1.439105317927897
1.4393527954816818
1.4405785565031692
1.439572251867503
1.4388232569908723
1.4396100159501657
1.438811739673838
1.4394991580629721
1.438964802888222
1.438916209503077
1.439266524859704
1.4393887982005253
1.4391147344140336
1.4396779803792015
1.4387012561783195
1.43907212826889
1.439430203055963
1.438915102975443
1.439320454839617
1.4388315889518708
1.4388584714615718
1.4395438299980015
1.4391572281019762
1.4391474913572893
1.4391395759303123
1.4390772742917761
1.4385951042640954
1.4401352545246482
1.439106471487321
1.4392493211198598
1.4398316682782024
1.4391838475130498
1.4393901225412264
1.4399103171890602
1.4398442084202543
1.43882524385117
1.4382313165115193
1.4399091273080558
1.4386860155500472
1.4394404763588682
1.438299790257588
1.4389864101540297
1.439287715125829
1.4389070036122575
1.4391310282517225
1.4389709637034684
1.4390438933623955
1.4390847589820623
1.439284022548236
1.4385951895965263
1.4389017623616382
1.4391774317482486
1.43905492965132
1.4385732440277934
1.4388973749009892
1.438356981961988
1.4387875678949058
1.4387352119665593
1.4391518499469385
1.4388839195016772
1.4393356925575063
1.438798492308706
1.4394904625369236
1.4388677345123142
1.4388428351376206
1.4384293488692492
1.438510183710605
1.4392725838115439
1.4384771944023669
1.4388007970992476
1.4390483681345358
1.4388985394034535
1.4386507673189044
1.4392530001932755
1.4385724526364356
1.4384988198289648
1.4383791679283604
1.4384532532421872
1.438778028357774
1.4389275423018262
1.4388438498135656
1.4384654992027208
1.4391199367819354
1.4389938649255782
1.4401130852056667
1.4391912050778046
1.4388306743931025
1.4384114070562646
1.4386835566256195
1.4387392945354804
1.43897235696204
1.438637902843766
1.4386642193421721
1.4384468955686316
1.4386635911650956
1.4387749256566167
1.4381514518754557
1.4385292982915416
1.4390410808846354
1.4386119893752038
1.4385710073402151
1.4386947612510994
1.4383548948680982
1.4392732674023136
1.439886400476098
1.4389519182732329
1.438607985386625
1.4382975450716913
1.4380425361450762
1.4379277175758034
1.4384688818827271
1.4384300435194746
1.4384630802087486
1.4386699887691066
1.4383788157720119
1.4384767329320312
1.438488251180388
1.4386024815030396
1.4384297603974119
1.4382590886671096
1.4384867468615994
1.4384737293003127
1.4380937515525147
1.4383259427268058
1.438584120129235
1.4383725483203307
1.43845559831243
1.4379873437574133
1.4380564515013248
1.4381646553520113
1.4381871403893456
1.4384109569946304
1.4384535478893667
1.4382895192829892
1.4384338486706838
1.438948476104997
1.438265260658227
1.437973007792607
1.4383397137280554
1.4379073943709955
1.4381545266369358
1.4383073262870312
1.4384175011655316
1.438155225594528
1.4388459830079228
1.43914681696333
1.437900059740059
1.438424137653783
1.4380430751480162
1.4381705147679895
1.438145943917334
1.4386001555249095
1.4380704992217943
1.4385252891806886
1.4380171538796276
1.4379341949243098
1.4380828246939927
1.4383053242927417
1.4381946055218577
1.438296811771579
1.4380487484158948
1.4379504211246967
1.4386186331976205
1.4375111951958388
1.438402796164155
1.4380998550914228
1.4382281514117494
1.4384838482365012
1.4374050926417112
1.4380214785924181
1.4379170903703198
1.4383194505935535
1.43792052869685
1.4378898047143593
1.4377472954802215
1.43847578112036
1.4378254126058891
1.4385094644967467
1.438416342716664
1.4382588824955747
1.4380434469785541
1.4381701872916892
1.4380316167371348
1.4379985047271475
1.4376061238581315
1.4375481493771076
1.4376381384208798
1.4386577947298065
1.4375905093038455
1.4382777031278238
1.4378306000726297
1.437907957821153
1.4378147594397888
1.4385002467315644
1.4380391698796302
1.4393960738088936
1.4384624430676922
1.4380434292834252
1.4380876463837922
1.4377888875314966
1.437460763612762
1.4379022835055366
1.4377490660408512
1.4377161344746128
1.437478878768161
1.4380108322948217
1.4374976918334141
1.4381924397312105
1.4381250606384128
1.4374664439819753
1.4382893042638898
1.4375429104547948
1.4377801856026053
1.4378077535657212
1.4376472102012485
1.4374859961681068
1.4380754474550486
1.437926521874033
1.4380807831184939
1.437416015425697
1.4373747181380168
1.4374131035292521
1.4373591068433598
1.4377501214621589
1.43842398643028
1.437477996922098