0.424738239873012
0.48905644250434993
0.5266644280960957
0.5470252449708477
0.5674471137702616
0.5813974785555115
0.5903110595561525
0.5965994077963308
0.6010256723343204
0.6043224762660643
0.6056350926462957
0.6089318965780396
0.6101834610336091
0.6108855581672212
0.6137244726640008
0.611923440886474
0.615891815989499
0.6160444458011539
0.6179981073903354
0.6170823285204066
0.6182728410513142
0.6206233401507982
0.6222106901920083
0.6214780670960652
0.6227601575139656
0.6244390854421685
0.6253853902744284
0.6249580268017949
0.6266369547299978
0.6285906163191795
0.6282548307335388
0.6287432461308343
0.6304527000213682
0.6317042644769376
0.6325895173845355
0.6329253029701761
0.6341158155010836
0.6340242376140908
0.6353063280319912
0.6350010684086815
0.6361610549772582
0.6364663146005678
0.6368021001862084
0.6381147165664398
0.6366799963368845
0.6375347232821514
0.6388473396623828
0.6388778656247138
0.6391525992856925
0.6400073262309595
0.6405262675905858
0.6386031319637352
0.6407094233645716
0.6397631185323117
0.6405873195152477
0.6408010012515645
0.6409231051008883
0.6418083580084862
0.6418694099331481
0.6433651820873653
0.6418999358954791
0.6426630849537531
0.6423578253304435
0.6426325589914222
0.6438841234469916
0.6441893830703013
0.645166213864892
0.6446472725052658
0.6454409475258708
0.6449830580909063
0.6440672792209774
0.6449220061662444
0.646020940810159
0.645196739827223
0.6457156811868494
0.6461430446594829
0.6450441100155683
0.6462346225464758
0.6477609206630239
0.6480661802863336
0.6464177783204615
0.6457462071491804
0.6467535639061022
0.6477609206630239
0.646784089868433
0.6480967062486644
0.6462956744711377
0.6486766995329528
0.6480051283616716
0.6487072254952837
0.6491345889679172
0.6491651149302482
0.6483714399096432
0.6488903812692696
0.6473335571903904
0.6494093226288958
0.6476082908513691
0.6498672120638603
0.6498366861015293
0.6497451082145365
0.650141945724839
0.6490124851185933
0.649317744741903
0.6489819591562624
0.6506608870844653
0.6502029976495008
0.6518208736530419
0.6495619524405507
0.6483409139473122
0.6510577245947679
0.6510882505570988
0.6490735370432553
0.6499893159131842
0.650935620745444
0.6513935101804085
0.651729295766049
0.650935620745444
0.650141945724839
0.6507524649714582
0.6526756005983089
0.6508440428584511
0.6513019322934156
0.6523092890503374
0.650935620745444
0.65175982172838
0.6513019322934156
0.650966146707775
0.6520040294270277
0.6513019322934156
0.652522970786654
0.652584022711316
0.6534998015812449
0.6524619188619921
0.6519429775023657
0.651729295766049
0.653377697731921
0.6527061265606399
0.6513629842180775
0.65175982172838
0.6530419121462804
0.6520040294270277
0.6522787630880064
0.6527366525229708
0.65175982172838
0.6533166458072591
0.652614548673647
0.652614548673647
0.6532555938825971
0.6539882169785403
0.6532555938825971
0.6535913794682378
0.6541103208278641
0.6545682102628285
0.6536219054305688
0.6537134833175616
0.6527366525229708
0.6548734698861381
0.6545682102628285
0.6536829573552306
0.6539576910162093
0.6530724381086114
0.6545376843004975
0.6541103208278641
0.6535608535059068
0.6527977044476327
0.6531640159956043
0.653377697731921
0.6545376843004975
0.6538966390915474
0.654965047773131
0.6542629506395189
0.6537134833175616
0.6557281968314052
0.655789248756067
0.6542324246771879
0.6546597881498214
0.6552397814341097
0.6543850544888428
0.6549345218108001
0.6538966390915474
0.654171372752526
0.654201898714857
0.655758722793736
0.6552703073964407
0.6551482035471168
0.6558503006807289
0.6553618852834335
0.6551787295094478
0.6549039958484691
0.6547818919991453
0.654201898714857
0.6553924112457645
0.6551482035471168
0.6548124179614763
0.6553008333587717
0.6553618852834335
0.6554839891327574
0.6556366189444123
0.6568576574376507
0.656552397814341
0.6553313593211026
0.6560639824170457
0.6566745016636649
0.6542629506395189
0.656643975701334
0.6572544949479532
0.6559418785677218
0.6552397814341097
0.6559724045300528
0.6562471381910314
0.6560334564547148
0.6568271314753198
0.6561250343417077
0.6561555603040385
0.6555450410574193
0.6560639824170457
0.6556976708690742
0.6561555603040385
0.6578039622699106
0.6559418785677218
0.6551787295094478
0.6568271314753198
0.6576208064959248
0.6577734363075796
0.6575597545712628
0.6575292286089319
0.6572239689856223
0.6579565920815653
0.6568576574376507
0.6579871180438963
0.6563692420403553
0.6569187093623127
0.6575597545712628
0.6576513324582558
0.6578955401569034
0.6577429103452487
0.6583229036295369
0.6589639488384871
0.6572544949479532
0.6579565920815653
0.6592386824994658
0.6579260661192344
0.6572239689856223
0.6571934430232913
0.6572239689856223
0.6569492353246436
0.6579871180438963
0.657437650721939
0.6577734363075796
0.6578344882322416
0.6584450074788608
0.659147104612473
0.6587197411398394
0.6572239689856223
0.6580481699685583
0.6574987026466009
0.6577123843829177
0.6577429103452487
0.6584755334411917
0.6591776305748038
0.6569187093623127
0.6574681766842699
0.6579260661192344
0.6579871180438963
0.6588113190268323
0.6581397478555512
0.6595439421227755
0.6580786959308892
0.6569187093623127
0.6569797612869746
0.6594218382734516
0.659116578650142
0.6594218382734516
0.6596049940474373
0.6592081565371348
0.6590555267254801
0.6608260325406758
0.6604902469550352
0.6592997344241277
0.6585060594035227
0.6590555267254801
0.6601239354070637
0.659940779633078
0.6589944748008181
0.6587197411398394
0.6586892151775084
0.6603376171433805
0.6583229036295369
0.6604597209927043
0.6601849873317256
0.6592386824994658
0.6594523642357826
0.6603376171433805
0.6604291950303733
0.6585671113281846
0.6594523642357826
0.6611618181263165
0.6608260325406758
0.6588418449891633
0.6600018315577398
0.6591776305748038
0.659910253670747
0.6596049940474373
0.6606734027290211
0.6600323575200708
0.6602765652187185
0.6600323575200708
0.661497603711957
0.6612228700509784
0.6601544613693947
0.6600628834824018
0.6605818248420281
0.6603986690680423
0.6605818248420281
0.6595134161604445
0.6601544613693947
0.6618333892975976
0.6621081229585762
0.6602765652187185
0.660703928691352
0.6604597209927043
0.6608260325406758
0.6609176104276687
0.6624133825818859
0.6616807594859428
0.6597576238590922
0.6592081565371348
0.6616502335236119
0.6613144479379712
0.6603376171433805
0.6613754998626332
0.6615891815989499
0.6608260325406758
0.6613449739003022
0.6611618181263165
0.6613754998626332
0.6616807594859428
0.6610091883146616
0.6611923440886474
0.6618333892975976
0.6612533960133093
0.6613754998626332
0.6624439085442169
0.6614670777496261
0.6618333892975976
0.6607955065783448
0.6617112854482737
0.6621081229585762
0.6611923440886474
0.6626881162428646
0.6614670777496261
0.6620165450715834
0.6619554931469215
0.6618028633352666
0.6620470710339144
0.6621691748832382
0.6618639152599286
0.6618944412222595
0.661528129674288
0.6624744345065479
0.6611312921639855
0.6621081229585762
0.6619249671845905
0.6625660123935407
0.6621081229585762
0.662352330657224
0.6617112854482737
0.6620165450715834
0.6625965383558716
0.6621081229585762
0.6621081229585762
0.6618944412222595
0.66317653164016
0.6628712720168504
0.6614670777496261
0.6616807594859428
0.662382856619555
0.6618639152599286
0.6620470710339144
0.6618944412222595
0.6625354864312097
0.6625965383558716
0.6618944412222595
0.6624744345065479
0.6629323239415122
0.6632681095271529
0.6629933758661741
0.6632681095271529
0.6617723373729357
0.6635733691504625
0.6628712720168504
0.6626575902805336
0.6632070576024909
0.6627491681675265
0.6636344210751244
0.6637565249244483
0.663146005677829
0.6632986354894838
0.6644891480203914
0.6625354864312097
0.6636038951127934
0.6649165114930248
0.6635123172258005
0.6628102200921884
0.6629628499038432
0.6638175768491101
0.6632986354894838
0.6636649470374554
0.6629323239415122
0.6630239018285051
0.6638786287737721
0.6614365517872951
0.6640312585854269
0.6637565249244483
0.6650691413046796
0.6637259989621173
0.6632375835648219
0.662352330657224
0.663939680698434
0.6637870508867793
0.6638481028114411
0.6632681095271529
0.663939680698434
0.6644586220580604
0.6646723037943771
0.6642144143594126
0.6640007326230959
0.6645807259073843
0.6644586220580604
0.6654354528526512
0.6643975701333985
0.663939680698434
0.6641533624347508
0.6640312585854269
0.6644280960957294
0.6657407124759608
0.6653438749656583
0.6646723037943771
0.663909154736103
0.6650080893800177
0.6653438749656583
0.6654354528526512
0.6658933422876157
0.6644891480203914
0.6652828230409964
0.6644280960957294
0.6648554595683629
0.6648249336060319
0.6659238682499465
0.663909154736103
0.6653133490033273
0.6661986019109253
0.665557556701975
0.6668091211575445
0.6651912451540035
0.6651301932293415
0.6665038615342349
0.6646417778320461
0.6661375499862633
0.6667175432705515
0.6666259653835587
0.6656491345889679
0.6645807259073843
0.6666870173082207
0.6662901797979182
0.6658322903629537
0.6667785951952135
0.6654354528526512
0.666320705760249
0.667205958667847
0.6659543942122775
0.6665343874965658
0.6669312250068683
0.6657712384382918
0.6666259653835587
0.6660459720992704
0.6660764980616014
0.665527030739644
0.6666259653835587
0.6661680759485943
0.6670533288561922
0.6664733355719039
0.6668091211575445
0.6662901797979182
0.6668091211575445
0.6665038615342349
0.6665343874965658
0.6667480692328825
0.6672364846301779
0.667205958667847
0.6678164779144663
0.667175432705516
0.6684575231234164
0.6666259653835587
0.6674806923288257
0.6679385817637901
0.6679691077261211
0.6661070240239324
0.6665649134588968
0.6666564913458897
0.6673585884795018
0.6675722702158186
0.6667480692328825
0.6683964711987546
0.6690069904453738
0.6689459385207118
0.667999633688452
0.6691596202570286
0.6681522635001068
0.6676943740651424
0.6686406788974022
0.6684880490857474
0.6679080558014592
0.6691290942946977
0.6684575231234164
0.6684880490857474
0.6686712048597332
0.6675112182911567
0.6691290942946977
0.6683048933117617
0.6684880490857474
0.6688238346713881
0.6674196404041638
0.6678164779144663
0.6695869837296621
0.669678561616655
0.668854360633719
0.6692817241063524
0.6699227693153027
0.6699838212399646
0.6690680423700357
0.6684269971610856
0.6685491010104093
0.6693733019933453
0.6690985683323667
0.6673280625171708
0.6704417106749291
0.6690985683323667
0.6699838212399646
0.6684269971610856
0.6698617173906407
0.6701975029762813
0.6689154125583809
0.6693122500686834
0.6698006654659788
0.6703501327879361
0.6700448731646265
0.6707774962605696
0.6696175096919931
0.6684269971610856
0.6701059250892885
0.6704417106749291
0.6702280289386123
0.6710217039592173
0.6703196068256052
0.6695564577673311
0.6706248664489148
0.669709087578986
0.6706248664489148
0.6698006654659788
0.6698006654659788
0.669709087578986
0.6713574895448579
0.6707164443359077
0.6691290942946977
0.6698922433529717
0.6706553924112457
0.6710217039592173
0.672120638603132
0.6701975029762813
0.6708690741475625
0.6697396135413168
0.6717543270551604
0.6704417106749291
0.6717848530174914
0.6709301260722245
0.6708690741475625
0.6712048597332031
0.6713880155071889
0.6701669770139503
0.6717848530174914
0.6717238010928295
0.6705943404865838
0.6723037943771177
0.6713880155071889
0.6718764309044842
0.6709301260722245
0.671326963582527
0.6727616838120821
0.6723343203394487
0.672944839586068
0.6731585213223847
0.6716627491681675
0.6711132818462102
0.6717543270551604
0.6706859183735767
0.6713574895448579
0.6718764309044842
0.6719374828291462
0.6713574895448579
0.6730669434353918
0.671326963582527
0.6715406453188437
0.6722732684147867
0.6714795933941817
0.6730364174730609
0.6720290607161391
0.6719680087914771
0.6712048597332031
0.6731585213223847
0.6726395799627584
0.6725480020757655
0.6711438078085412
0.6723343203394487
0.6725785280380964
0.6739521963429898
0.6723648463017796
0.671296437620196
0.672120638603132
0.6737995665313349
0.6729753655483989
0.6723343203394487
0.6730669434353918
0.6721816905277939
0.6718764309044842
0.6733111511340395
0.6727006318874202
0.6733111511340395
0.6733416770963705
0.6719069568668152
0.6738606184559969
0.6736469367196801
0.6723953722641106
0.672944839586068
0.6721816905277939
0.6737995665313349
0.6741658780793065
0.6719069568668152
0.6727922097744131
0.6730669434353918
0.6738606184559969
0.672914313623737
0.6730974693977227
0.6728532616990751
0.6741658780793065
0.6740743001923135
0.6735553588326872
0.6735248328703562
0.6733416770963705
0.6749290271375805
0.6730364174730609
0.6734332549833634
0.672944839586068
0.672944839586068
0.6735248328703562
0.6728227357367441
0.6748374492505876
0.6749290271375805
0.6742879819286303
0.6751427088738973
0.674501663664947
0.6732195732470466
0.6746237675142709
0.6744711377026161
0.6735248328703562
0.6742879819286303
0.6738606184559969
0.673677462682011
0.6758448060075094
0.6735248328703562
0.6744406117402851
0.6758753319698404
0.6746542934766019
0.6739827223053206
0.6740743001923135
0.6743185078909613
0.6748374492505876
0.6739216703806588
0.6739827223053206
0.6751732348362283
0.6732500992093776
0.674562715589609
0.675295338685552
0.6750206050245734
0.6755090204218688
0.6744711377026161
0.6762416435178119
0.6746542934766019
0.6752648127232211
0.6757227021581855
0.6747458713635948
0.6743795598156231
0.6752037607985591
0.6748985011752495
0.6726395799627584
0.6743185078909613
0.6764553252541287
0.6746542934766019
0.6751732348362283
0.676150065630819
0.6748679752129186
0.6757532281205165
0.6759974358191642
0.6747763973259256
0.6751732348362283
0.6741353521169755
0.6746848194389328
0.6752648127232211
0.6755395463841998
0.6751121829115663
0.673707988644342
0.6758753319698404
0.6749900790622424
0.6751121829115663
0.6751732348362283
0.6751732348362283
0.6757532281205165
0.675325864647883
0.6758448060075094
0.6763637473671358
0.67618059159315
0.6747763973259256
0.674532189627278
0.6748985011752495
0.6755700723465308
0.6762111175554809
0.6757532281205165
0.6759058579321713
0.6756311242711927
0.6756005983088617
0.6747153454012638
0.6756005983088617
0.6764247992917977
0.6747763973259256
0.6755700723465308
0.6750816569492353
0.6763942733294667
0.67618059159315
0.6763332214048048
0.6765163771787905
0.676150065630819
0.6754174425348759
0.6765469031411215
0.6755700723465308
0.6759363838945023
0.6763026954424738
0.6754479684972069
0.6765774291034525
0.6770353185384169
0.676089013706157
0.6768216368021002
0.6772184743124027
0.6751427088738973
0.6764553252541287
0.6766690069904454
0.6746542934766019
0.6759058579321713
0.6770658445007479
0.6765163771787905
0.676913214689093
0.67618059159315
0.676974266613755
0.6772490002747337
0.6763332214048048
0.6776458377850362
0.6764858512164595
0.676943740651424
0.6754784944595378
0.6765774291034525
0.6767300589151073
0.6772490002747337
0.6766384810281144
0.6778900454836839
0.6780121493330077
0.6766690069904454
0.6770047925760859
0.6764247992917977
0.6766995329527763
0.675295338685552
0.676913214689093
0.6762721694801429
0.6768826887267622
0.6778900454836839
0.6770353185384169
0.6775542598980433
0.6780121493330077
0.6770658445007479
0.6764553252541287
0.6765469031411215
0.6770353185384169
0.67618059159315
0.6766079550657834
0.6778289935590219
0.6779816233706768
0.6785310906926341
0.6779205714460148
0.6772490002747337
0.675295338685552
0.6781342531823316
0.6777984675966909
0.6779205714460148
0.6768216368021002
0.6774016300863884
0.6776458377850362
0.6757532281205165
0.6774932079733813
0.6776763637473672
0.6778595195213529
0.6778595195213529
0.6775237339357123
0.676913214689093
0.6776458377850362
0.6777068897096981
0.6785616166549651
0.6780732012576697
0.6782563570316554
0.6772795262370647
0.6771574223877408
0.6772490002747337
0.6795689734118868
0.6778900454836839
0.6790500320522604
0.6774321560487194
0.6780426752953387
0.6767911108397692
0.67776794163436
0.6768826887267622
0.6774932079733813
0.6782258310693244
0.6772795262370647
0.6779205714460148
0.6781037272200006
0.6777984675966909
0.6781953051069936
0.6778900454836839
0.6779205714460148
0.6789584541652676
0.6774626820110504
0.6770963704630788
0.6786531945419579
0.6783479349186483
0.677737415672029
0.6780732012576697
0.6791416099392533
0.6785310906926341
0.6772490002747337
0.6778900454836839
0.6781342531823316
0.6781037272200006
0.6786837205042889
0.6781953051069936
0.6781647791446626
0.6787142464666198
0.6791416099392533
0.6786531945419579
0.6782868829939864
0.6792026618639153
0.6781037272200006
0.6796605512988797
0.6799047589975274
0.6783784608809793
0.6786531945419579
0.6795689734118868
0.6798131811105345
0.6799047589975274
0.6792942397509082
0.6790195060899294
0.6796300253365487
0.6783174089563173
0.6787142464666198
0.6791721359015843
0.6784089868433102
0.6779510974083458
0.6780121493330077
0.6779510974083458
0.6787142464666198
0.6771879483500718
0.6787752983912818
0.679446869562563
0.6781342531823316
0.6786226685796269
0.6784395128056412
0.6775847858603743
0.6785921426172961
0.6802100186208371
0.6793247657132391
0.6779816233706768
0.6792637137885772
0.6781953051069936
0.6799658109221893
0.6796300253365487
0.6792637137885772
0.6802100186208371
0.6781953051069936
0.6786226685796269
0.6800879147715132
0.6782258310693244
0.6789889801275986
0.6787142464666198
0.6803626484324918
0.6792331878262462
0.6799963368845203
0.6799658109221893
0.6799352849598583
0.6790195060899294
0.6799658109221893
0.6800268628468512
0.6798437070728655
0.6784089868433102
0.6788668762782747
0.6788974022406057
0.6807594859427943
0.6799963368845203
0.6801184407338441
0.679446869562563
0.6790805580145914
0.6795079214872248
0.6808815897921182
0.679446869562563
0.679446869562563
0.6805763301688086
0.6791416099392533
0.6803931743948228
0.6806984340181325
0.6795079214872248
0.6799352849598583
0.6796300253365487
0.6792026618639153
0.6793552916755701
0.6809731676791111
0.6801184407338441
0.6792637137885772
0.6803626484324918
0.6801184407338441
0.6797521291858726
0.6803626484324918
0.6812173753777588
0.6804847522818157
0.6790195060899294
0.6806679080558015
0.6802100186208371
0.679416343600232
0.6797826551482036
0.6806068561311396
0.6808510638297872
0.6808510638297872
0.681827894624378
0.6805152782441466
0.6791721359015843
0.6808815897921182
0.6804237003571537
0.6799963368845203
0.6800573888091822
0.6812784273024207
0.680271070545499
0.6806373820934705
0.6809426417167801
0.6801489666961751
0.6813089532647517
0.6806984340181325
0.6817668426997161
0.6814005311517446
0.6800879147715132
0.6812479013400897
0.6816752648127232
0.6813394792270826
0.6814615830764065
0.6808815897921182
0.6809426417167801
0.681095271528435
0.6815836869257303
0.6814615830764065
0.6820415763606947
0.6821636802100186
0.6817057907750542
0.68188894654904
0.6800573888091822
0.6824689398333282
0.681064745566104
0.6813089532647517
0.6813089532647517
0.6812173753777588
0.6819499984737019
0.6817363167373851
0.6820110503983638
0.6821026282853567
0.6815226350010684
0.6805152782441466
0.6821636802100186
0.6807900119051253
0.6812173753777588
0.6822552580970115
0.6804847522818157
0.6827741994566379
0.6813089532647517
0.6817973686620471
0.6825605177203211
0.6820721023230257
0.679446869562563
0.6820110503983638
0.6808205378674562
0.6806984340181325
0.6814615830764065
0.6801489666961751
0.6817668426997161
0.6822552580970115
0.6823163100216735
0.6821942061723496
0.6821942061723496
0.6814310571140755
0.681064745566104
0.6814921090387375
0.6824994657956592
0.681858420586709
0.6821636802100186
0.6820415763606947
0.6826215696449831
0.681827894624378
0.6807900119051253
0.6814310571140755
0.6816447388503922
0.6817363167373851
0.6823468359840044
0.6826215696449831
0.683445770627919
0.682713147531976
0.6824994657956592
0.681919472511371
0.6822857840593425
0.6825299917579901
0.6825605177203211
0.6824078879086664
0.6839647119875454
0.6814615830764065
0.683445770627919
0.6823468359840044
0.6821636802100186
0.6827741994566379
0.6825910436826521
0.68188894654904
0.6825299917579901
0.6830794590799475
0.6822857840593425
0.6827741994566379
0.6823773619463354
0.6827436734943069
0.6820415763606947
0.6837205042888977
0.6828657773436307
0.6838731341005525
0.6834152446655881
0.6829573552306236
0.6830184071552856
0.6840562898745383
0.6828047254189689
0.68347629659025
0.682682621569645
0.6820721023230257
0.6824689398333282
0.6833847187032571
0.6839036600628835
0.6836899783265667
0.6844226014225099
0.6838120821758906
0.682713147531976
0.6824078879086664
0.684331023535517
0.6837205042888977
0.6840562898745383
0.6821331542476876
0.6844226014225099
0.6830184071552856
0.6844836533471718
0.6830489331176165
0.6847278610458195
0.6822857840593425
0.6853994322171006
0.6844531273848408
0.6846973350834885
0.6841478677615311
0.6837815562135596
0.6847889129704814
0.6833236667785952
0.6846973350834885
0.6842089196861931
0.6832931408162642
0.6846362831588266
0.6839952379498764
0.6846668091211575
0.6841783937238621
0.6835678744772429
0.6841783937238621
0.6831405110046094
0.68347629659025
0.6840868158368693
0.6838426081382215
0.6839036600628835
0.6843920754601789
0.6843920754601789
0.6839036600628835
0.6852773283677768
0.6831710369669404
0.6847889129704814
0.6836289264019049
0.6844226014225099
0.6846057571964956
0.6846973350834885
0.685094172593791
0.6848194389328124
0.6848499648951433
0.6847889129704814
0.685948899539058
0.6857657437650722
0.6845752312341646
0.685918373576727
0.6848194389328124
0.6842394456485241
0.6851857504807839
0.6859794255013889
0.6850331206691291
0.6851552245184529
0.6853383802924388
0.685918373576727
0.6846057571964956
0.6844836533471718
0.6854299581794316
0.6851552245184529
0.6853383802924388
0.6862236332000367
0.6858267956897341
0.6848194389328124
0.685948899539058
0.6865288928233463
0.6846973350834885
0.6869257303336488
0.6848804908574743
0.6864067889740224
0.6864067889740224
0.6855215360664245
0.685948899539058
0.6838120821758906
0.6865899447480082
0.6855520620287554
0.6861320553130438
0.6876583534295919
0.6855520620287554
0.685948899539058
0.6865288928233463
0.6850025947067981
0.6851552245184529
0.6865594187856772
0.6857962697274032
0.6850025947067981
0.6848499648951433
0.6856741658780793
0.6852162764431149
0.6851552245184529
0.6860099514637199
0.6865899447480082
0.6863762630116914
0.6865288928233463
0.6860404774260509
0.6860404774260509
0.6862541591623675
0.6868036264843249
0.6862236332000367
0.6850025947067981
0.6863762630116914
0.6857657437650722
0.686742574559663
0.6855215360664245
0.686742574559663
0.6855520620287554
0.6868952043713178
0.6864983668610153
0.6864067889740224
0.6856436399157484
0.686742574559663
0.687536249580268
0.6864983668610153
0.6863457370493605
0.6875667755425989
0.6864983668610153
0.6855520620287554
0.6870783601453035
0.6862236332000367
0.687536249580268
0.686712048597332
0.6865288928233463
0.6863762630116914
0.685918373576727
0.6869257303336488
0.6862541591623675
0.6859794255013889
0.6876278274672609
0.6865594187856772
0.6864983668610153
0.6863762630116914
0.6863762630116914
0.6882078207515492
0.6868952043713178
0.6872004639946274
0.687475197655606
0.6858267956897341
0.6862541591623675
0.6875667755425989
0.6870783601453035
0.6868952043713178
0.6870478341829727
0.6879025611282396
0.6872309899569584
0.6872615159192893
0.6874446716932752
0.6877499313165848
0.6862236332000367
0.6879636130529015
0.6871088861076345
0.688360450563204
0.6867731005219939
0.6872615159192893
0.6874141457309442
0.6872615159192893
0.6880246649775634
0.6884215024878659
0.6878109832412467
0.6869257303336488
0.6878720351659086
0.6869867822583107
0.6874141457309442
0.6872920418816203
0.6864373149363534
0.6886046582618517
0.6882993986385421
0.6868341524466559
0.6869867822583107
0.6877804572789157
0.6878720351659086
0.6876278274672609
0.6884520284501969
0.6880551909398944
0.6872309899569584
0.687505723617937
0.6882078207515492
0.6883909765255349
0.688329924600873
0.687536249580268
0.6878109832412467
0.686742574559663
0.688360450563204
0.6877804572789157
0.6876888793919228
0.6878720351659086
0.6875667755425989
0.6877194053542538
0.687475197655606
0.6865594187856772
0.6881162428645563
0.6881772947892182
0.6878720351659086
0.6883909765255349
0.688329924600873
0.6873836197686132
0.6887878140358374
0.6886046582618517
0.6876583534295919
0.687536249580268
0.6891541255838091
0.6868952043713178
0.6889709698098233
0.6886962361488446
0.6876888793919228
0.6879330870905705
0.6888488659604994
0.6878415092035777
0.6879330870905705
0.6893372813577948
0.6893067553954638
0.6892457034708019
0.6891541255838091
0.6898256967550902
0.6887267621111756
0.68918465154614
0.688360450563204
0.6881467688268873
0.6878415092035777
0.6877499313165848
0.6890014957721542
0.6892457034708019
0.6902225342653927
0.6893372813577948
0.6899478006044141
0.6892762294331328
0.688360450563204
0.6892457034708019
0.6889709698098233
0.6894288592447877
0.6884825544125278
0.690069904453738
0.6893983332824567
0.6873225678439513
0.6893372813577948
0.6897035929057663
0.6893678073201258
0.6888793919228303
0.6892762294331328
0.6891235996214781
0.6899172746420831
0.6907109496626881
0.6890014957721542
0.6899783265667451
0.6888488659604994
0.6888488659604994
0.6898562227174212
0.6889709698098233
0.6899783265667451
0.6897341188680973
0.6895509630941116
0.690069904453738
0.6906804237003572
0.6896120150187734
0.6888488659604994
0.6901309563783998
0.6904667419640405
0.6896425409811044
0.6901614823407308
0.6907109496626881
0.6892762294331328
0.6894288592447877
0.6885741322995207
0.6905888458133642
0.6889404438474923
0.6889709698098233
0.6889404438474923
0.6901614823407308
0.6901920083030617
0.6898867486797521
0.6899172746420831
0.690069904453738
0.6896425409811044
0.6902835861900546
0.6901614823407308
0.6899172746420831
0.6896425409811044
0.6901920083030617
0.6898256967550902
0.6897951707927592
0.6901309563783998
0.6902225342653927
0.690008852529076
0.6906498977380262
0.6898562227174212
0.6891541255838091
0.6910162092859977
0.6901920083030617
0.6912604169846455
0.6899172746420831
0.6918404102689337
0.690802527549681
0.6905277938887023
0.6902225342653927
0.6906193717756952
0.6899478006044141
0.6909551573613358
0.6908941054366738
0.6906804237003572
0.6913519948716383
0.6902835861900546
0.6911383131353216
0.690863579474343
0.6914130467963002
0.6911688390976526
0.6901309563783998
0.6903141121523856
0.6906804237003572
0.6896730669434354
0.6915351506456241
0.6908941054366738
0.6922677737415672
0.6911383131353216
0.6910162092859977
0.6914435727586312
0.690069904453738
0.6910772612106597
0.6912298910223145
0.6911688390976526
0.6917183064196099
0.6917793583442718
0.6918404102689337
0.690863579474343
0.6892151775084709
0.6906498977380262
0.690863579474343
0.6902835861900546
0.6912909429469764
0.6912909429469764
0.6913519948716383
0.6915046246832931
0.6912909429469764
0.6912604169846455
0.6919319881559266
0.6910467352483287
0.6914740987209622
0.6913825208339693
0.6897341188680973
0.6912909429469764
0.6913519948716383
0.6918098843066027
0.6911383131353216
0.6926035593272077
0.691626728532617
0.6919319881559266
0.6906193717756952
0.6921456698922434
0.6915351506456241
0.691657254494948
0.691687780457279
0.6917183064196099
0.6905583198510333
0.6915656766079551
0.6919319881559266
0.6907109496626881
0.691657254494948
0.6914740987209622
0.6922372477792362
0.6910162092859977
0.6918709362312647
0.691596202570286
0.6919625141182576
0.6922067218169052
0.6922982997038981
0.6921761958545743
0.6922677737415672
0.6909856833236668
0.6926035593272077
0.6913519948716383
0.6913519948716383
0.690863579474343
0.6918098843066027
0.6927561891388626
0.6921456698922434
0.6927867151011936
0.6925425074025459
0.6923593516285601
0.6917488323819408
0.6913825208339693
0.6915351506456241
0.6922372477792362
0.691596202570286
0.6926340852895387
0.6917183064196099
0.6927561891388626
0.6927561891388626
0.6918709362312647
0.6927867151011936
0.6935498641594676
0.6926340852895387
0.6933361824231509
0.692481455477884
0.6931225006868341
0.6927867151011936
0.6926340852895387
0.6930003968375104
0.6922067218169052
0.6926646112518697
0.6918709362312647
0.6925119814402149
0.6930003968375104
0.6922677737415672
0.692481455477884
0.693214078573827
0.6921761958545743
0.692481455477884
0.6929698708751794
0.694038279556763
0.6926951372142007
0.6934888122348057
0.6917183064196099
0.6928172410635245
0.6937330199334534
0.6927256631765316
0.6926340852895387
0.6931530266491651
0.6942214353307488
0.6926951372142007
0.6933667083854819
0.6935498641594676
0.6926646112518697
0.6936109160841295
0.6930309227998412
0.6939467016697701
0.6935498641594676
0.692450929515553
0.6934277603101437
0.6936109160841295
0.6939467016697701
0.6927256631765316
0.6925425074025459
0.6934888122348057
0.6938245978204463
0.693244604536158
0.6930309227998412
0.6942824872554108
0.6936719680087915
0.6937330199334534
0.6930003968375104
0.6925730333648769
0.6923898775908911
0.693214078573827
0.6912604169846455
0.6933361824231509
0.6931530266491651
0.6941909093684179
0.6939772276321011
0.6928172410635245
0.6946182728410513
0.6937940718581154
0.6937024939711225
0.693275130498489
0.6934582862724747
0.6934888122348057
0.6935803901217986
0.6928477670258555
0.6933056564608199
0.6933361824231509
0.6938551237827772
0.6943435391800726
0.6938245978204463
0.6937330199334534
0.694038279556763
0.6936414420464605
0.6939161757074391
0.6934277603101437
0.6945572209163894
0.6946793247657133
0.6934888122348057
0.6937024939711225
0.6939161757074391
0.6939772276321011
0.693275130498489
0.694038279556763
0.694068805519094
0.6938856497451082
0.6928172410635245
0.6944961689917275
0.693244604536158
0.6944351170670655
0.6939772276321011
0.6945877468787204
0.6937635458957844
0.6937330199334534
0.6944351170670655
0.6938551237827772
0.694862480539699
0.6947098507280443
0.6946793247657133
0.6935498641594676
0.6944961689917275
0.6946182728410513
0.6942519612930798
0.6931225006868341
0.6943740651424036
0.694099331481425
0.6939772276321011
0.6943435391800726
0.694068805519094
0.6938551237827772
0.6936719680087915
0.6946182728410513
0.6945877468787204
0.694862480539699
0.6943435391800726
0.6944351170670655
0.6944961689917275
0.6940077535944321
0.6942824872554108
0.6950761622760158
0.6950761622760158
0.6943130132177416
0.6951372142006776
0.694038279556763
0.6946793247657133
0.6949845843890229
0.6942519612930798
0.6937024939711225
0.6951677401630086
0.6947403766903751
0.6947098507280443
0.6945266949540584
0.6943435391800726
0.6946793247657133
0.6949540584266919
0.694038279556763
0.6948014286150371
0.6950456363136848
0.694038279556763
0.6944656430293965
0.6937330199334534
0.6949845843890229
0.6938856497451082
0.6952898440123325
0.6947098507280443
0.6950761622760158
0.6950456363136848
0.6942824872554108
0.694831954577368
0.6945572209163894
0.6950761622760158
0.6952898440123325
0.6944045911047346
0.6954424738239873
0.6944351170670655
0.6947709026527061
0.6959003632589518
0.6953508959369944
0.6957477334472969
0.695625629597973
0.6949845843890229
0.6958698372966208
0.6955951036356421
0.6955340517109802
0.6951372142006776
0.6950456363136848
0.6944045911047346
0.6951372142006776
0.6950456363136848
0.6954729997863183
0.69489300650203
0.6950151103513538
0.6958393113342898
0.6943435391800726
0.6949845843890229
0.6961445709575994
0.6955951036356421
0.6957782594096279
0.6949845843890229
0.6948014286150371
0.6951982661253396
0.6953508959369944
0.6950456363136848
0.695656155560304
0.6950151103513538
0.6939161757074391
0.6952593180500015
0.6953814218993254
0.6973656094508379
0.6959308892212827
0.6953203699746634
0.6955645776733111
0.6969992979028664
0.6953203699746634
0.6955951036356421
0.6953814218993254
0.6960529930706065
0.6939161757074391
0.6960835190329375
0.6962666748069233
0.6957477334472969
0.6958698372966208
0.6960835190329375
0.6955951036356421
0.6959003632589518
0.6952287920876705
0.6957477334472969
0.6947403766903751
0.6953814218993254
0.6951677401630086
0.69648035654324
0.694038279556763
0.6957782594096279
0.6954729997863183
0.6964193046185781
0.6951066882383468
0.69648035654324
0.6960529930706065
0.6957782594096279
0.6955340517109802
0.6959614151836137
0.6968771940535425
0.6951372142006776
0.6963887786562472
0.6951982661253396
0.6957477334472969
0.6959003632589518
0.6955951036356421
0.69648035654324
0.6960224671082755
0.6954729997863183
0.6962666748069233
0.6954119478616564
0.6963887786562472
0.6962056228822614
0.6962056228822614
0.6961140449952685
0.6958698372966208
0.6967550902042187
0.6962361488445923
0.6954119478616564
0.6970603498275283
0.6971519277145212
0.6960224671082755
0.6965414084679019
0.6966329863548948
0.6958087853719589
0.6959308892212827
0.6961140449952685
0.6969382459782044
0.6971824536768522
0.6966024603925639
0.694862480539699
0.6953814218993254
0.6962361488445923
0.6945266949540584
0.6947098507280443
0.6961140449952685
0.6959003632589518
0.6961750969199304
0.6969687719405354
0.6959919411459446
0.6970908757898593
0.6965719344302329
0.6969382459782044
0.6971519277145212
0.6965719344302329
0.6968161421288807
0.6977013950364785
0.6969992979028664
0.6971214017521903
0.6973656094508379
0.6969687719405354
0.6977624469611404
0.6973350834885069
0.6974571873378308
0.6978540248481333
0.6969992979028664
0.6979456027351262
0.6972129796391832
0.6981898104337739
0.6966940382795568
0.6977624469611404
0.697304557526176
0.6968466680912115
0.6977319209988095
0.6980371806221191
0.6989834854543789
0.6975792911871547
0.6979456027351262
0.6970603498275283
0.6969077200158735
0.6981898104337739
0.6977319209988095
0.69806770658445
0.6985255960194146
0.6968466680912115
0.6977319209988095
0.6981898104337739
0.6979150767727953
0.6974877133001618
0.6981898104337739
0.698128758509112
0.6981592844714429
0.6984340181324217
0.6982508623584358
0.6967550902042187
0.6985866479440764
0.697304557526176
0.6972129796391832
0.6988613816050551
0.6976098171494857
0.6977319209988095
0.6980371806221191
0.6986782258310693
0.6978845508104643
0.6989834854543789
0.6979150767727953
0.698128758509112
0.6960835190329375
0.6978234988858024
0.6988613816050551
0.6988308556427242
0.6980371806221191
0.6984950700570836
0.6985255960194146
0.6981898104337739
0.6984340181324217
0.6989224335297171
0.6989529594920479
0.6984950700570836
0.6995634787386672
0.6990140114167099
0.6981898104337739
0.6992582191153576
0.6984950700570836
0.6985866479440764
0.6977013950364785
0.6986476998687383
0.6994719008516743
0.6990140114167099
0.6985255960194146
0.6987698037180622
0.6983729662077597
0.7001739979852865
0.6991055893037028
0.6998382123996459
0.6999603162489697
0.6995634787386672
0.6992276931530267
0.6989529594920479
0.6995634787386672
0.6987087517934003
0.6982813883207668
0.6992582191153576
0.6990445373790408
0.6988919075673861
0.6994413748893434
0.6980371806221191
0.6974877133001618
0.6989529594920479
0.6983729662077597
0.6993192710400196
0.6993192710400196
0.6988919075673861
0.6988308556427242
0.6990445373790408
0.6996245306633292
0.6988613816050551
0.6990445373790408
0.6999908422113007
0.6989224335297171
0.6993192710400196
0.6997466345126531
0.7000213681736317
0.6999297902866388
0.699807686437315
0.6981898104337739
0.6991971671906957
0.6998992643243078
0.7004487316462652
0.7003266277969413
0.7002961018346103
0.6984034921700907
0.6998687383619768
0.699777160474984
0.6984950700570836
0.6998382123996459
0.7001739979852865
0.6999908422113007
0.7000824200982936
0.7004182056839342
0.6998687383619768
0.699777160474984
0.6997161085503221
0.6988919075673861
0.699777160474984
0.7002961018346103
0.7000213681736317
0.6987392777557313
0.700570835495589
0.6995940047009982
0.6997466345126531
0.6997161085503221
0.6995329527763363
0.7002350499099484
0.6987698037180622
0.6999908422113007
0.7009066210812296
0.6991971671906957
0.7002045239476175
0.7001739979852865
0.6995634787386672
0.6993803229646814
0.6998382123996459
0.6991055893037028
0.7003876797216032
0.7012729326292011
0.7008150431942367
0.7005403095332581
0.7009066210812296
0.7012424066668702
0.6995634787386672
0.7007845172319057
0.7004487316462652
0.6995940047009982
0.700570835495589
0.7007845172319057
0.7003266277969413
0.70060136145792
0.7002655758722793
0.7004487316462652
0.6999603162489697
0.7003876797216032
0.7006624133825818
0.7010287249305535
0.699777160474984
0.7012118807045392
0.7005097835709271
0.7007539912695748
0.7008150431942367
0.6994719008516743
0.7000824200982936
0.7000824200982936
0.7004182056839342
0.7012424066668702
0.7007234653072438
0.7018834518758204
0.6996550566256601
0.7005403095332581
0.7001739979852865
0.7011508287798773
0.7007234653072438
0.7009981989682225
0.7004792576085961
0.7003876797216032
0.7019139778381513
0.7012424066668702
0.701364510516194
0.7011203028175463
0.7009371470435606
0.7012729326292011
0.6999603162489697
0.7012729326292011
0.7002045239476175
0.7017002961018346
0.701456088403187
0.7003266277969413
0.7018223999511585
0.7012118807045392
0.7012729326292011
0.7013339845538631
0.7016392441771727
0.7015171403278488
0.7008760951188986
0.7007845172319057
0.7018223999511585
0.7018223999511585
0.7014866143655178
0.7015171403278488
0.7015476662901798
0.7020360816874752
0.7018223999511585
0.701395036478525
0.7025550230471016
0.7002655758722793
0.7016087182148417
0.7018223999511585
0.7014866143655178
0.7011508287798773
0.7012424066668702
0.7013034585915321
0.7019139778381513
0.7016087182148417
0.7017308220641656
0.701364510516194
0.7017918739888275
0.7013034585915321
0.7017613480264966
0.7018529259134895
0.7011813547422082
0.70218871149913
0.7015781922525107
0.70218871149913
0.7027076528587564
0.7018529259134895
0.7017002961018346
0.7014866143655178
0.7002655758722793
0.7011813547422082
0.7015476662901798
0.7007234653072438
0.7019750297628132
0.7019139778381513
0.7020666076498061
0.702249763423792
0.7017002961018346
0.7024939711224396
0.70218871149913
0.7017918739888275
0.703043438444397
0.702249763423792
0.7024329191977777
0.7028297567080802
0.7024329191977777
0.7017613480264966
0.7017613480264966
0.7020360816874752
0.7027687047834184
0.7023108153484539
0.7028602826704112
0.7023413413107849
0.7024634451601087
0.7027992307457492
0.7020666076498061
0.7027381788210874
0.7027687047834184
0.7024023932354467
0.7029518605574041
0.7026466009340945
0.7021581855367991
0.7024634451601087
0.7031960682560517
0.7003876797216032
0.7028297567080802
0.7025550230471016
0.7025244970847706
0.703012912482066
0.7028908086327421
0.702982386519735
0.7036844836533471
0.7031960682560517
0.7028602826704112
0.702982386519735
0.7031350163313899
0.7035318538416924
0.702249763423792
0.702982386519735
0.7024634451601087
0.7039897432766568
0.7026466009340945
0.7035929057663542
0.7027381788210874
0.7036844836533471
0.7031350163313899
0.7033181721053756
0.7031960682560517
0.703012912482066
0.703012912482066
0.7026160749717635
0.7034402759546995
0.700570835495589
0.7032571201807137
0.7031655422937209
0.7031960682560517
0.7031350163313899
0.7034708019170305
0.7040202692389878
0.7023108153484539
0.703043438444397
0.7031044903690589
0.703043438444397
0.7033181721053756
0.7042644769376355
0.7043865807869593
0.7035623798040234
0.7037150096156781
0.7036539576910162
0.7026771268964254
0.7031044903690589
0.7040507952013187
0.7036234317286852
0.7036234317286852
0.7032265942183827
0.7040202692389878
0.704600262523276
0.7027992307457492
0.7037150096156781
0.7035929057663542
0.7041728990506426
0.7042950028999664
0.7035929057663542
0.7033792240300375
0.7037150096156781
0.7043255288622974
0.7041118471259806
0.7048444702219238
0.7044781586739522
0.7041118471259806
0.703806587502671
0.7037760615403401
0.7040202692389878
0.7040202692389878
0.7041423730883116
0.7044476327116213
0.7039897432766568
0.7042339509753045
0.703837113465002
0.7037760615403401
0.7045392105986141
0.7046918404102689
0.7039286913519949
0.7045086846362831
0.7041728990506426
0.7043560548246284
0.7048444702219238
0.7045086846362831
0.7046918404102689
0.7043865807869593
0.7039286913519949
0.7039592173143259
0.7044781586739522
0.7051497298452334
0.704600262523276
0.7048749961842548
0.7044171067492903
0.7042339509753045
0.7047528923349309
0.7042644769376355
0.7042644769376355
0.7045697365609451
0.7046918404102689
0.7051192038829024
0.7041118471259806
0.7049665740712476
0.7047834182972619
0.7041118471259806
0.7048444702219238
0.7041728990506426
0.7048139442595928
0.7056991971671907
0.705424463506212
0.7039897432766568
0.7039286913519949
0.7045392105986141
0.705424463506212
0.7042339509753045
0.7047223663725999
0.7028602826704112
0.7049971000335785
0.704600262523276
0.704630788485607
0.705393937543881
0.7047223663725999
0.7050886779205714
0.705393937543881
0.7011508287798773
0.7052718336945573
0.7053023596568881
0.7048139442595928
0.7055770933178669
0.7050276259959095
0.7050581519582405
0.7058518269788455
0.7056381452425288
0.7048139442595928
0.7041728990506426
0.7056991971671907
0.7050886779205714
0.7056991971671907
0.7051802558075644
0.7053023596568881
0.7060349827528313
0.7047223663725999
0.7058213010165145
0.7056991971671907
0.7050276259959095
0.7057297231295216
0.7060349827528313
0.7046918404102689
0.7049055221465856
0.7061570866021551
0.7040507952013187
0.7068591837357673
0.7058823529411765
0.7057297231295216
0.7057297231295216
0.7065233981501267
0.7056686712048598
0.7060349827528313
0.7061570866021551
0.7064012943008028
0.706248664489148
0.7067676058487744
0.705424463506212
0.7058213010165145
0.7059434048658384
0.705485515430874
0.7052107817698953
0.7067981318111053
0.7071949693214079
0.7071339173967459
0.7059434048658384
0.7074391770200555
0.7064318202631338
0.7064623462254648
0.7059434048658384
0.7067676058487744
0.7056991971671907
0.705393937543881
0.7066149760371195
0.706218138526817
0.7073170731707317
0.7060349827528313
0.7064623462254648
0.706218138526817
0.707072865472084
0.7063707683384719
0.7069812875850912
0.7073475991330627
0.7075002289447175
0.7067065539241124
0.706218138526817
0.7063402423761409
0.7056076192801978
0.7072865472084008
0.7071949693214079
0.7073170731707317
0.7082328520406606
0.707836014530358
0.707042339509753
0.7067981318111053
0.7072254952837388
0.7079275924173509
0.7059434048658384
0.7071339173967459
0.707011813547422
0.7074697029823865
0.7074697029823865
0.7072865472084008
0.7087517934002869
0.7076223327940413
0.7068897096980983
0.707011813547422
0.7083244299276534
0.7077749626056962
0.7080496962666748
0.7074391770200555
0.7071339173967459
0.7072560212460698
0.7076833847187033
0.70789706645502
0.7071033914344149
0.7082023260783297
0.7082633780029916
0.7076528587563723
0.7084160078146463
0.7087212674379559
0.707836014530358
0.707866540492689
0.7081718001159987
0.7083854818523154
0.7083854818523154
0.7087517934002869
0.7088128453249488
0.7085075857016393
0.7083549558899844
0.7087823193626179
0.7084160078146463
0.7081412741536677
0.7084770597393083
0.7085686376263012
0.7090265270612656
0.7082328520406606
0.7089044232119418
0.7079581183796819
0.7089654751366037
0.7094233645715681
0.7084465337769773
0.7087823193626179
0.7087517934002869
0.7091791568729204
0.7092096828352514
0.7089349491742727
0.7094844164962301
0.7085075857016393
0.7090265270612656
0.7087212674379559
0.7088433712872798
0.7098507280442016
0.7097591501572087
0.7091486309105894
0.7089654751366037
0.7093317866845752
0.7083244299276534
0.7094233645715681
0.7092096828352514
0.7087823193626179
0.7096065203455539
0.7096370463078848
0.7093317866845752
0.7088738972496108
0.709545468420892
0.7095149424585611
0.7094844164962301
0.7098507280442016
0.7091791568729204
0.7097591501572087
0.7099117799688636
0.7100949357428493
0.7094538905338991
0.7097591501572087
0.7097591501572087
0.7096065203455539
0.7085686376263012
0.7107359809517995
0.7093928386092372
0.7101559876675112
0.7101254617051802
0.7092096828352514
0.7100644097805183
0.7092402087975823
0.7086296895509631
0.7081412741536677
0.7102780915168351
0.7105222992154828
0.7094538905338991
0.7096370463078848
0.7098812540065326
0.7099728318935254
0.7096675722702158
0.7089044232119418
0.7097286241948777
0.7098202020818706
0.7099728318935254
0.7100033578558564
0.7098507280442016
0.7098812540065326
0.7100949357428493
0.7092402087975823
0.7081412741536677
0.7097286241948777
0.7092402087975823
0.7091791568729204
0.710339143441497
0.7099728318935254
0.7101559876675112
0.7091486309105894
0.7102780915168351
0.710400195366159
0.7095759943832229
0.7097286241948777
0.710400195366159
0.7102475655545041
0.7093623126469062
0.7099423059311945
0.7095759943832229
0.7094844164962301
0.7100949357428493
0.7097896761195397
0.7101865136298422
0.7101559876675112
0.7094538905338991
0.7104307213284898
0.7098507280442016
0.7108275588387923
0.7109496626881162
0.7098202020818706
0.710369669403828
0.7109496626881162
0.7106444030648066
0.7101865136298422
0.7104307213284898
0.7105528251778137
0.7099728318935254
0.7100644097805183
0.7110107146127782
0.7093317866845752
0.7103086174791661
0.7109191367257853
0.7112549223114258
0.7106749290271376
0.7099117799688636
0.7100033578558564
0.7099728318935254
0.7104612472908208
0.7109191367257853
0.7100338838181873
0.7105222992154828
0.7099423059311945
0.7103086174791661
0.7113770261607497
0.7097286241948777
0.7101865136298422
0.7107970328764615
0.7097591501572087
0.711163344424433
0.7109496626881162
0.7105833511401447
0.7105833511401447
0.7115296559724046
0.7106138771024757
0.7104917732531518
0.7103086174791661
0.7107054549894686
0.7113159742360878
0.7105528251778137
0.7110412405751091
0.7114075521230807
0.7103086174791661
0.7117433377087212
0.7112549223114258
0.7104612472908208
0.7106138771024757
0.7102780915168351
0.7117128117463903
0.7115907078970665
0.7104917732531518
0.7108580848011233
0.7115296559724046
0.7116517598217283
0.711193870386764
0.7121707011813547
0.7114075521230807
0.7113159742360878
0.7114075521230807
0.7113465001984187
0.7115907078970665
0.7116822857840593
0.711132818462102
0.7113770261607497
0.7114380780854116
0.7113159742360878
0.7120485973320309
0.711193870386764
0.7123538569553405
0.711163344424433
0.7113159742360878
0.7117128117463903
0.7107054549894686
0.7101865136298422
0.7118654415580451
0.7114686040477426
0.7113465001984187
0.7122012271436857
0.7113770261607497
0.7117433377087212
0.7116517598217283
0.7120180713697
0.7116212338593975
0.7124759608046644
0.7122928050306786
0.7120180713697
0.7117433377087212
0.7113465001984187
0.7124454348423334
0.7118043896333832
0.7117128117463903
0.7129033242772979
0.7115296559724046
0.7118043896333832
0.7115907078970665
0.7116822857840593
0.7121707011813547
0.7122012271436857
0.7123843829176715
0.7129949021642907
0.7124759608046644
0.7120791232943618
0.7126591165786501
0.7121096492566928
0.7126896425409811
0.7122622790683476
0.7131170060136146
0.7121096492566928
0.7123843829176715
0.7125370127293263
0.7120791232943618
0.7121401752190237
0.712781220427974
0.7125675386916572
0.7126896425409811
0.712750694465643
0.7126285906163192
0.7123233309930096
0.7135443694862481
0.7131170060136146
0.7124454348423334
0.7129949021642907
0.7127201685033121
0.712781220427974
0.7132085839006075
0.7132696358252694
0.7118654415580451
0.7124759608046644
0.7130864800512836
0.7129338502396289
0.7132085839006075
0.7135443694862481
0.7132696358252694
0.713574895448579
0.7133612137122622
0.7129949021642907
0.7125370127293263
0.7123538569553405
0.7122012271436857
0.71360542141091
0.71360542141091
0.7135443694862481
0.7132391098629385
0.7126285906163192
0.7133612137122622
0.7138191031472267
0.7134833175615861
0.7121096492566928
0.7129949021642907
0.7133612137122622
0.7137885771848957
0.7139717329588815
0.7140327848835435
0.7140938368082054
0.7137885771848957
0.712750694465643
0.7122928050306786
0.7121096492566928
0.7128727983149669
0.7131170060136146
0.7129643762019597
0.71360542141091
0.7135443694862481
0.7135443694862481
0.7131170060136146
0.7132391098629385
0.7124759608046644
0.7137580512225647
0.7133001617876004
0.7135138435239171
0.7140633108458744
0.7132696358252694
0.7123843829176715
0.71360542141091
0.7145212002808389
0.7148875118288104
0.7140327848835435
0.7140327848835435
0.7138191031472267
0.7123233309930096
0.7139106810342196
0.7143075185445221
0.7147654079794865
0.7134527915992551
0.7138496291095576
0.7137580512225647
0.714399096431515
0.7141854146951983
0.7143380445068531
0.713574895448579
0.7134833175615861
0.7131780579382765
0.7149485637534724
0.7142769925821911
0.7141854146951983
0.7140327848835435
0.7140633108458744
0.7140327848835435
0.7140327848835435
0.7131780579382765
0.7143380445068531
0.7148264599041485
0.7139717329588815
0.7143380445068531
0.7144906743185079
0.712750694465643
0.7139412069965506
0.712750694465643
0.7142159406575292
0.714368570469184
0.714368570469184
0.7146127781678318
0.7140022589212125
0.7142159406575292
0.7139412069965506
0.7145517262431699
0.7143380445068531
0.7132391098629385
0.7139106810342196
0.7146738300924936
0.7149485637534724
0.713635947373241
0.714368570469184
0.7145212002808389
0.7140327848835435
0.7147654079794865
0.7148264599041485
0.7142769925821911
0.7145212002808389
0.7145517262431699
0.7145517262431699
0.7143380445068531
0.7152843493391129
0.7138801550718886
0.7148569858664794
0.7150401416404653
0.7145517262431699
0.7149180377911414
0.7145822522055008
0.7145212002808389
0.7151317195274581
0.7153759272261058
0.7144601483561769
0.7147654079794865
0.7147348820171556
0.7147959339418175
0.7147348820171556
0.7148569858664794
0.7146738300924936
0.7148264599041485
0.7145822522055008
0.7147654079794865
0.7149180377911414
0.7148264599041485
0.7143075185445221
0.7143075185445221
0.7149180377911414
0.7145212002808389
0.7149790897158033
0.7145517262431699
0.71519277145212
0.7142769925821911
0.7148875118288104
0.7142464666198602
0.7146127781678318
0.7145517262431699
0.713574895448579
0.7144906743185079
0.7149485637534724
0.7154980310754296
0.7146738300924936
0.7148264599041485
0.7150401416404653
0.7147654079794865
0.7147348820171556
0.7147348820171556
0.715223297414451
0.7148569858664794
0.7147348820171556
0.7157117128117464
0.7146738300924936
0.7151011935651271
0.715223297414451
0.715253823376782
0.7152843493391129
0.71519277145212
0.7157727647364083
0.7153454012637749
0.7143380445068531
0.7150706676027961
0.7156201349247535
0.7158948685857321
0.7156811868494154
0.7149180377911414
0.7157727647364083
0.7156506608870845
0.7143380445068531
0.7153454012637749
0.7155285570377606
0.7151317195274581
0.71519277145212
0.7158948685857321
0.7150096156781343
0.7154980310754296
0.716016972435056
0.7149790897158033
0.716016972435056
0.7151317195274581
0.7149485637534724
0.7134833175615861
0.7158032906987393
0.7160780243597179
0.7157422387740774
0.7156506608870845
0.7152843493391129
0.7164138099453585
0.7147959339418175
0.7147959339418175
0.7153148753014439
0.7154064531884368
0.7158948685857321
0.7165664397570133
0.7153454012637749
0.7161085503220489
0.7152843493391129
0.7149180377911414
0.7155590830000915
0.7157422387740774
0.7162611801337038
0.7166580176440063
0.7165969657193443
0.7159559205103941
0.7159253945480631
0.7163832839830275
0.7155590830000915
0.7149790897158033
0.7159253945480631
0.7159559205103941
0.71678012149333
0.7167190695686682
0.7162917060960347
0.7158948685857321
0.7162611801337038
0.7161390762843799
0.7171769590036325
0.7150096156781343
0.7155285570377606
0.7165053878323514
0.7162611801337038
0.7156506608870845
0.7165969657193443
0.7157727647364083
0.7160780243597179
0.7154980310754296
0.7157117128117464
0.715986446472725
0.7153148753014439
0.715162245489789
0.7163527580206966
0.7160780243597179
0.7160780243597179
0.7161696022467108
0.7158643426234012
0.7162611801337038
0.7158643426234012
0.715253823376782
0.7158948685857321
0.7167190695686682
0.7160780243597179
0.7157727647364083
0.716841173417992
0.7155896089624225
0.7167495955309992
0.7160780243597179
0.7164138099453585
0.7167495955309992
0.7162611801337038
0.7163832839830275
0.7157727647364083
0.7165664397570133
0.716841173417992
0.7164138099453585
0.7148264599041485
0.7165359137946824
0.7167190695686682
0.7169022253426539
0.7163222320583656
0.7165359137946824
0.716016972435056
0.7165053878323514
0.7161390762843799
0.7166885436063372
0.7169022253426539
0.7156506608870845
0.7161696022467108
0.7162917060960347
0.7156201349247535
0.7169327513049849
0.7172685368906255
0.7161696022467108
0.7164138099453585
0.716841173417992
0.7167190695686682
0.716841173417992
0.7169938032296468
0.7167190695686682
0.716016972435056
0.71678012149333
0.7164443359076895
0.7172380109282945
0.7172685368906255
0.7163832839830275
0.71678012149333
0.7165664397570133
0.7164748618700204
0.71678012149333
0.7168716993803229
0.716810647455661
0.715253823376782
0.717634848438597
0.7158338166610703
0.7165053878323514
0.7172685368906255
0.7161085503220489
0.7163527580206966
0.7173295888152874
0.7173295888152874
0.7172074849659635
0.7169327513049849
0.7171769590036325
0.7169327513049849
0.7173601147776184
0.7175432705516042
0.7170853811166397
0.7173295888152874
0.717604322476266
0.7171464330413017
0.7168716993803229
0.7175127445892732
0.7177264263255899
0.7172074849659635
0.7171159070789707
0.7174211667022803
0.7169938032296468
0.7179706340242377
0.7169632772673159
0.7169632772673159
0.717573796513935
0.7174516926646113
0.7174211667022803
0.7165053878323514
0.7182453676852163
0.716016972435056
0.7165053878323514
0.717573796513935
0.7178790561372447
0.7174211667022803
0.7177264263255899
0.7177874782502518
0.7175127445892732
0.7181843157605543
0.7179095820995757
0.7182453676852163
0.718459049421533
0.718428523459202
0.7181537897982234
0.718428523459202
0.7179095820995757
0.7173601147776184
0.718397997496871
0.717665374400928
0.7184895753838639
0.717634848438597
0.7182148417228853
0.7180316859488995
0.7187948350071736
0.7184895753838639
0.718397997496871
0.716841173417992
0.7185811532708568
0.7179401080619067
0.7179706340242377
0.7187032571201807
0.7188558869318356
0.7180316859488995
0.7182148417228853
0.7182148417228853
0.7187643090448427
0.7179706340242377
0.7187337830825117
0.7180927378735614
0.7186422051955188
0.7186727311578498
0.7181537897982234
0.7183369455722092
0.7189169388564974
0.7186727311578498
0.7178485301749138
0.7189779907811594
0.7182453676852163
0.7186422051955188
0.7186116792331878
0.7186116792331878
0.7188253609695046
0.7185506273085259
0.7188253609695046
0.7185811532708568
0.7194358802161238
0.7184895753838639
0.7187643090448427
0.7183064196098782
0.7187032571201807
0.718397997496871
0.7186116792331878
0.7187643090448427
0.7188864128941664
0.7189779907811594
0.7183674715345402
0.718397997496871
0.7182758936475473
0.7186116792331878
0.7191000946304832
0.7189169388564974
0.717665374400928
0.7180316859488995
0.7188253609695046
0.7182758936475473
0.7191000946304832
0.7188253609695046
0.7187643090448427
0.7188253609695046
0.718397997496871
0.7177569522879209
0.7192221984798071
0.7192527244421381
0.7185506273085259
0.7188253609695046
0.7185811532708568
0.7189779907811594
0.7191611465551452
0.7195274581031167
0.7188864128941664
0.7193443023291309
0.7189474648188284
0.7187032571201807
0.7191306205928142
0.7186116792331878
0.7191611465551452
0.7185201013461949
0.7191306205928142
0.719283250404469
0.7184895753838639
0.7193443023291309
0.7191611465551452
0.7190695686681523
0.7190695686681523
0.7194969321407857
0.7192527244421381
0.7189169388564974
0.7193137763667999
0.7181537897982234
0.7197106138771024
0.7186422051955188
0.7185506273085259
0.7191306205928142
0.7186116792331878
0.7194358802161238
0.7191000946304832
0.7194358802161238
0.7194664061784548
0.7186422051955188
0.7187948350071736
0.7194664061784548
0.7183674715345402
0.7183674715345402
0.7190695686681523
0.7194358802161238
0.7191000946304832
0.7193748282914619
0.7192221984798071
0.7185201013461949
0.7191306205928142
0.7194053542537928
0.7187948350071736
0.7185201013461949
0.7188864128941664
0.7190695686681523
0.7193443023291309
0.7191611465551452
0.7182148417228853
0.7196190359901096
0.7192527244421381
0.7195274581031167
0.7191611465551452
0.7197411398394334
0.7198021917640953
0.7198021917640953
0.7196800879147716
0.7197716658017644
0.7191000946304832
0.719283250404469
0.7178485301749138
0.7195579840654477
0.7194358802161238
0.7188558869318356
0.719283250404469
0.7193748282914619
0.7190085167434903
0.7196800879147716
0.7192221984798071
0.7196190359901096
0.7193443023291309
0.7193137763667999
0.7193137763667999
0.7196190359901096
0.7188864128941664
0.7194358802161238
0.7189779907811594
0.7194969321407857
0.7199548215757502
0.7191306205928142
0.7197411398394334
0.7190390427058213
0.7194358802161238
0.7200463994627431
0.7196495619524406
0.7198021917640953
0.7198632436887573
0.7200463994627431
0.7192221984798071
0.7193137763667999
0.7201990292743978
0.7195885100277786
0.7197106138771024
0.7196495619524406
0.7197106138771024
0.7200158735004121
0.7200769254250741
0.7193443023291309
0.7202600811990598
0.7199853475380812
0.7191306205928142
0.7205042888977075
0.7199548215757502
0.7197411398394334
0.7195579840654477
0.7198021917640953
0.7202295552367288
0.7202906071613908
0.7194358802161238
0.7197716658017644
0.7203821850483837
0.7200769254250741
0.7197411398394334
0.7198937696510882
0.7196800879147716
0.7203211331237217
0.7202906071613908
0.7204127110107146
0.7195885100277786
0.7194969321407857
0.7204432369730456
0.720137977349736
0.7198021917640953
0.7199242956134192
0.7199548215757502
0.7203821850483837
0.7208706004456791
0.7191611465551452
0.7200769254250741
0.7196495619524406
0.7197716658017644
0.7204127110107146
0.7197716658017644
0.720137977349736
0.7196190359901096
0.7198021917640953
0.7202295552367288
0.7203211331237217
0.7205348148600385
0.7202295552367288
0.7194969321407857
0.720107451387405
0.7204432369730456
0.7198021917640953
0.7202600811990598
0.7199242956134192
0.7210537562196648
0.72090112640801
0.7195579840654477
0.7191000946304832
0.7208400744833481
0.7204432369730456
0.7203821850483837
0.7199853475380812
0.7203516590860527
0.7204432369730456
0.7195274581031167
0.7202600811990598
0.7204432369730456
0.7211453341066577
0.7204127110107146
0.7201990292743978
0.7205042888977075
0.719283250404469
0.7199242956134192
0.7202906071613908
0.72090112640801
0.7202600811990598
0.72090112640801
0.7205348148600385
0.7201990292743978
0.7204432369730456
0.7206569187093623
0.7207484965963552
0.7206569187093623
0.720962178332672
0.7206569187093623
0.7206263927470313
0.7197716658017644
0.7204432369730456
0.7210842821819958
0.7204432369730456
0.7205653408223694
0.7196190359901096
0.7206874446716933
0.7207484965963552
0.7212063860313196
0.7205958667847003
0.72090112640801
0.7205958667847003
0.7204432369730456
0.7210537562196648
0.7205958667847003
0.7198327177264263
0.7205042888977075
0.7208095485210171
0.7210842821819958
0.7196495619524406
0.7211758600689887
0.7212369119936506
0.7213284898806435
0.7210232302573338
0.7211758600689887
0.7210232302573338
0.7212674379559816
0.7207790225586862
0.7203516590860527
0.7192221984798071
0.7194053542537928
0.7205042888977075
0.7211758600689887
0.720931652370341
0.7210842821819958
0.7203821850483837
0.7208400744833481
0.7205348148600385
0.721755853353277
0.7213284898806435
0.721786379315608
0.7208095485210171
0.7211148081443267
0.7208095485210171
0.7213284898806435
0.7211148081443267
0.7206874446716933
0.7205348148600385
0.7214505937299673
0.7208706004456791
0.7212369119936506
0.7214200677676363
0.7214200677676363
0.7210537562196648
0.7206263927470313
0.7211758600689887
0.718459049421533
0.7197716658017644
0.7193443023291309
0.7198327177264263
0.7196800879147716
0.7194358802161238
0.7203516590860527
0.7191611465551452
0.7202600811990598
0.7207179706340242
0.7190390427058213
0.7211148081443267
0.7211453341066577
0.7218779572026008
0.7214200677676363
0.7211453341066577
0.7216032235416221
0.7207179706340242
0.721786379315608
0.7221526908635795
0.7212063860313196
0.7206263927470313
0.7216642754662841
0.721725327390946
0.7215726975792912
0.7218779572026008
0.7215116456546292
0.7213895418053055
0.7215421716169602
0.7223968985622272
0.7210537562196648
0.7216337495039531
0.7212979639183126
0.7219084831649317
0.7221221649012485
0.7205348148600385
0.7210232302573338
0.720962178332672
0.7212979639183126
0.7221221649012485
0.721725327390946
0.7212369119936506
0.7219390091272627
0.7220611129765866
0.7220611129765866
0.7203211331237217
0.7216337495039531
0.7214811196922983
0.7215116456546292
0.7211148081443267
0.7218779572026008
0.7218169052779388
0.7216642754662841
0.7212674379559816
0.7220000610519247
0.7221221649012485
0.7215726975792912
0.721755853353277
0.7220611129765866
0.7218779572026008
0.7215726975792912
0.7218169052779388
0.7220611129765866
0.7218474312402698
0.7224884764492201
0.7219390091272627
0.7218169052779388
0.720931652370341
0.7211148081443267
0.7221221649012485
0.7229768918465155
0.722580054336213
0.721755853353277
0.7208706004456791
0.7221526908635795
0.7223053206752343
0.7216337495039531
0.7220916389389176
0.722549528373882
0.7220000610519247
0.7218779572026008
0.7213284898806435
0.7221832168259105
0.721786379315608
0.7211758600689887
0.7223358466375652
0.7216642754662841
0.7223053206752343
0.7216032235416221
0.7220305870142556
0.7216337495039531
0.7214811196922983
0.7227326841478677
0.7220611129765866
0.7222137427882414
0.7223358466375652
0.7213895418053055
0.7222442687505723
0.7223053206752343
0.7218474312402698
0.7223663725998962
0.7221526908635795
0.7221832168259105
0.7214505937299673
0.7221526908635795
0.7222442687505723
0.7219390091272627
0.7221526908635795
0.7220916389389176
0.7224274245245581
0.722549528373882
0.7221221649012485
0.7229158399218535
0.7219084831649317
0.7211453341066577
0.7222747947129033
0.7215726975792912
0.7224274245245581
0.721725327390946
0.7229158399218535
0.7223968985622272
0.7226411062608749
0.722549528373882
0.721725327390946
0.7224884764492201
0.722580054336213
0.7215726975792912
0.7227326841478677
0.7220611129765866
0.7224884764492201
0.7216032235416221
0.7227326841478677
0.7227326841478677
0.722519002411551
0.7221832168259105
0.7221526908635795
0.7224579504868891
0.7220000610519247
0.7226716322232059
0.7222442687505723
0.7223968985622272
0.7222137427882414
0.7223053206752343
0.7222747947129033
0.7203516590860527
0.722580054336213
0.7219084831649317
0.7227632101101987
0.7226716322232059
0.721786379315608
0.7226716322232059
0.722519002411551
0.7229158399218535
0.7229158399218535
0.7228242620348606
0.7219390091272627
0.7228853139595226
0.7221832168259105
0.7226411062608749
0.722580054336213
0.7222137427882414
0.7215421716169602
0.7229768918465155
0.7226105802985439
0.7228853139595226
0.722580054336213
0.7228242620348606
0.722549528373882
0.7212979639183126
0.7226411062608749
0.7231600476205012
0.7221526908635795
0.723373729356818
0.7228242620348606
0.7228853139595226
0.7229158399218535
0.7228547879971916
0.722519002411551
0.7230989956958394
0.7222442687505723
0.7233126774321561
0.7228853139595226
0.7224579504868891
0.7230074178088465
0.7229463658841845
0.7231295216581702
0.7231295216581702
0.722580054336213
0.722549528373882
0.7229463658841845
0.7227937360725297
0.7229463658841845
0.7232210995451631
0.721786379315608
0.7228853139595226
0.7226411062608749
0.7221526908635795
0.7227326841478677
0.7226411062608749
0.7219084831649317
0.7224884764492201
0.7232516255074941
0.7237400409047895
0.7220916389389176
0.7231295216581702
0.7222442687505723
0.7239231966787752
0.7226105802985439
0.7226411062608749
0.7228547879971916
0.7229158399218535
0.7231600476205012
0.7231600476205012
0.7229768918465155
0.7228242620348606
0.7231905735828322
0.7226411062608749
0.7228242620348606
0.7229768918465155
0.7233126774321561
0.7231600476205012
0.7235263591684727
0.7231905735828322
0.7230989956958394
0.7229463658841845
0.7227632101101987
0.7227021581855368
0.7232821514698251
0.7222747947129033
0.7230379437711774
0.7230379437711774
0.7235874110931347
0.7234958332061419
0.7227937360725297
0.7236484630177966
0.7231905735828322
0.7230379437711774
0.7227937360725297
0.7232821514698251
0.7226716322232059
0.7229158399218535
0.7232210995451631
0.7237705668671205
0.7231905735828322
0.7230379437711774
0.7232516255074941
0.7227326841478677
0.723373729356818
0.7231905735828322
0.7229463658841845
0.7221221649012485
0.7226411062608749
0.723343203394487
0.7231905735828322
0.7230074178088465
0.7230684697335084
0.7227937360725297
0.7232821514698251
0.7231295216581702
0.7235874110931347
0.7234653072438109
0.7229158399218535
0.7231905735828322
0.7230989956958394
0.7228547879971916
0.7232516255074941
0.7234347812814799
0.7228547879971916
0.723373729356818
0.7224884764492201
0.7219084831649317
0.7227021581855368
0.723404255319149
0.7235568851308037
0.7236484630177966
0.7239842486034372
0.7235263591684727
0.7235568851308037
0.7236789889801276
0.7233126774321561
0.7231600476205012
0.7233126774321561
0.7233126774321561
0.7234347812814799
0.7235568851308037
0.7235568851308037
0.7230989956958394
0.7234653072438109
0.7237705668671205
0.7235874110931347
0.7230074178088465
0.7234958332061419
0.7234653072438109
0.7237705668671205
0.7239537226411062
0.7238621447541134
0.7234958332061419
0.7234958332061419
0.723404255319149
0.7232210995451631
0.7237095149424586
0.7228242620348606
0.7235568851308037
0.7237705668671205
0.7232210995451631
0.7236789889801276
0.7240147745657682
0.7231600476205012
0.723343203394487
0.7234347812814799
0.7231600476205012
0.722580054336213
0.7241063524527611
0.7234653072438109
0.7237400409047895
0.724167404377423
0.7235263591684727
0.7232516255074941
0.7238316187917824
0.7233126774321561
0.7238010928294515
0.7237400409047895
0.7238316187917824
0.7234347812814799
0.7235568851308037
0.723404255319149
0.7237705668671205
0.7240147745657682
0.7231905735828322
0.7245642418877255
0.723373729356818
0.7238316187917824
0.7235263591684727
0.7232516255074941
0.7244116120760707
0.7236179370554656
0.7239537226411062
0.723404255319149
0.7236484630177966
0.7238316187917824
0.7240758264904301
0.7230074178088465
0.7238010928294515
0.7233126774321561
0.7233126774321561
0.723404255319149
0.7238621447541134
0.7239537226411062
0.7235874110931347
0.7237400409047895
0.7242589822644159
0.7244116120760707
0.7243505601514088
0.723343203394487
0.7240758264904301
0.7236179370554656
0.7239842486034372
0.7239231966787752
0.7243810861137397
0.7232210995451631
0.7236484630177966
0.7223053206752343
0.723373729356818
0.7238621447541134
0.723343203394487
0.7240758264904301
0.7243810861137397
0.7239537226411062
0.7237705668671205
0.7239842486034372
0.7246558197747184
0.7238316187917824
0.7245642418877255
0.7236179370554656
0.7237705668671205
0.724197930339754
0.7237095149424586
0.7243505601514088
0.7237705668671205
0.724197930339754
0.7242284563020849
0.7242895082267469
0.723343203394487
0.7238621447541134
0.7237095149424586
0.724167404377423
0.7243810861137397
0.724167404377423
0.7243200341890779
0.7243505601514088
0.7232210995451631
0.7242284563020849