1.4167675475039245
1.181698793187251
1.0917269330214994
1.0294541849190553
0.9811847995890095
0.9285532321145774
0.8895115069279215
0.8616140640848637
0.843712087499908
0.8281105524323151
0.8115925804014794
0.8028598069027517
0.7922476959271759
0.7806792663547696
0.7741277165431641
0.776596506767002
0.7646744728556856
0.7572762529571803
0.7515357195466145
0.7469302451163711
0.7445365059152336
0.7346051418399292
0.7344192069884223
0.7264267842419346
0.7262372478860754
0.720255099822561
0.7175075088367496
0.7136162300171847
0.7080025250202511
0.7022845765807753
0.7000058161448395
0.7014442393071995
0.6911072945436226
0.6943231442134643
0.6901406004502378
0.6842570288654106
0.6833922933368182
0.6805793557050295
0.6766733263214958
0.6723870133582454
0.6742651257326121
0.6681797937045219
0.6669929757480033
0.6589523441233687
0.6579980361382358
0.6549962062879658
0.6544405808435818
0.6468458339355733
0.6431349997364768
0.6434355153372239
0.6401853980958245
0.6387077558970364
0.6348057007180592
0.6326036020897176
0.6304835517054025
0.626436598382737
0.6234202630448514
0.6208612926826872
0.6237180767605642
0.6183887213432515
0.6143987350517202
0.6118402127739596
0.6111965732786359
0.6094482238826757
0.6051397453250302
0.6036890598313552
0.6005203229394328
0.5985495110989482
0.5955275519060685
0.5934200587501116
0.5905813978942158
0.5901645403603112
0.587319744253101
0.5840623290193556
0.5861757014491826
0.5826370809339843
0.5786086464933645
0.5788929393873106
0.5766748164159932
0.5755492027087684
0.5710481864725664
0.5703987706330984
0.5683044763022927
0.566900486056721
0.5649214320091988
0.5649522039160907
0.5624670424062799
0.5595555411338662
0.5590495220154632
0.5593237353459524
0.5595066370543863
0.5557871300911816
0.5524507745866187
0.5521945817691095
0.5499256847036649
0.5500498971797102
0.5490869204575667
0.5470717693380606
0.5474604419471996
0.5454865437014503
0.5426732434777424
0.5420543085040463
0.5416847488503934
0.5411209334791643
0.5399090731662879
0.5388081182952082
0.5376165045972603
0.5360915728787269
0.5357954957789348
0.5330700731803601
0.5337650192385718
0.5315502363886626
0.5308796342061394
0.5309472257021405
0.5283291751052621
0.5267101396348197
0.5266445042090231
0.5275524397264657
0.524656452743073
0.524650973467181
0.5224298406144584
0.5232181199786885
0.521006397141691
0.5216592345859725
0.5196011379775575
0.5183694794900183
0.5218243207669893
0.515977360506372
0.5158086864428624
0.5154096047600062
0.5147586174156098
0.5127125164401575
0.5133420366618192
0.5114485891186773
0.512280780439149
0.512022519968405
0.5106795903795287
0.5092629686970953
0.5079721217972768
0.5071700787511817
0.5060954700340095
0.5059311284696032
0.5051275837936742
0.5043765439538166
0.5037037856705676
0.5034854671002299
0.5018735363394778
0.5020737237913
0.49971161079125653
0.4999399115855129
0.49962245690058626
0.49969611283585413
0.4980435467346548
0.49607206953119626
0.49708654890974313
0.49589561734983684
0.4958139625451152
0.49551628883184806
0.49335314128930796
0.4928884389376698
0.49245670314387224
0.49133101219655956
0.49038084029718926
0.4949527486095694
0.4891125642601063
0.48987956151384254
0.4897556284210558
0.4884071198203111
0.4872240140097173
0.48525807247052316
0.4864719021871704
0.4858565137799302
0.48357822660451355
0.4834462495964412
0.48335934832169614
0.4835683913065848
0.4821916189778961
0.4830382339467161
0.4822201993600201
0.4816557305629625
0.48082386886086115
0.4806781225401949
0.4795114582149985
0.47938662832276274
0.4773172562741455
0.47744593222455506
0.4759959843563774
0.475383484805906
0.47743082232548073
0.47594425012836145
0.475599257660604
0.4753182732568831
0.47370490715574326
0.47391092660133033
0.47231215750291816
0.47208363988054997
0.4710564909653767
0.4700188551643163
0.47128845131454905
0.47046152226617866
0.47018274654518305
0.47028972850853473
0.4679809518816105
0.4689569275470354
0.46776900815235806
0.4683363188549137
0.46776842907917976
0.4678270634637634
0.4660817535983752
0.4653258664396106
0.46718493534168715
0.46573000624685795
0.4652015424661221
0.46481378829644987
0.46601178791675774
0.4636269929709573
0.46224032754152833
0.46149339857528116
0.4621185260985898
0.46025708158744866
0.4610732190193836
0.4591690889968477
0.4598074895267835
0.45975628270888125
0.45959501917121487
0.45830060072702683
0.45897249683755775
0.45704672693701726
0.45780083156014006
0.45705990571677324
0.45685598145192885
0.4561932536051524
0.4559385274754254
0.4544525945237066
0.4553554116724624
0.45352935803178
0.4551489567372862
0.45316087737445243
0.4526391462473584
0.45253676530131404
0.4522167780766536
0.4522874296666489
0.450526157891808
0.4509503971312326
0.4517821050378547
0.44930582697150784
0.4482667401496055
0.44971266718628616
0.4475039731949892
0.4492775939918487
0.4492359895714105
0.4466656502268695
0.44809300338054364
0.4473167964614288
0.44696576409537386
0.44704906310899656
0.44564454661098907
0.44528463672049245
0.4459911261965603
0.4457214122149359
0.4451910678247731
0.4442255268596392
0.44468875245575173
0.4451471184129222
0.4430652463711807
0.44322026789440644
0.4426568142592258
0.4422296341125737
0.4424905681029917
0.44065663079757067
0.4420420534485341
0.4412965038667423
0.44104209614347806
0.4400710848485544
0.43847852480454774
0.4391641612632027
0.4409027537725136
0.4388244683384679
0.4404119656003444
0.4383226766497654
0.4377527065809361
0.4373666961489306
0.4365658642095767
0.43573063257473554
0.4382015145783557
0.4364730654354179
0.43606630319497464
0.4348694746041312
0.4345157277357045
0.4359080545973605
0.4336651772476886
0.43322110687807075
0.43378342310599577
0.4343416160997341
0.434342498786324
0.4330668568728264
0.4330931312732281
0.43272998855148576
0.4317391789287437
0.43243677706030864
0.43052336318190904
0.4316888241212198
0.43214942837424547
0.43046679994161213
0.4301887978737703
0.4307251356614184
0.4283508685121297
0.42912122227494776
0.4294313448047696
0.4301060779153075
0.4296067116428459
0.42810963558206533
0.4267703473856256
0.42769146233148414
0.4275752985545917
0.4274039787286498
0.4275341909356244
0.42741247795819515
0.42659312367727564
0.4254843754988916
0.42501196911177874
0.42419199426596516
0.4246463295806564
0.42557608686216364
0.42534641602145284
0.4247246049794998
0.42412738750678597
0.42250876997157194
0.4223917080258372
0.42332626064336143
0.421997176958507
0.42170594336674466
0.4222110962267726
0.4218510863705659
0.42270434758611286
0.42110883811220723
0.4205646618588083
0.4210791853735136
0.4213790245705533
0.42040686422853113
0.419743749131747
0.4189217434261341
0.41834765144746566
0.4199874491499514
0.4185914019124972
0.4184208299104291
0.41921504190081266
0.41807631034282416
0.41688323597972166
0.41743480926323256
0.4165426559178688
0.41700246424708143
0.4168369462432063
0.416960073371464
0.41471232108078093
0.4147108879341252
0.4148532259475075
0.41518213985062136
0.4145515284026909
0.4138725866150323
0.41392281510052975
0.4141385081295091
0.41435571904986773
0.4122075574087405
0.413133559930966
0.4127692116431198
0.4121579714434755
0.41270069453635555
0.4115308765614768
0.41091272855648253
0.41181943159969353
0.41179501606734803
0.41009777251004886
0.41111466460641666
0.410184445069087
0.4099332613480855
0.4098422598846013
0.4087115631786771
0.40849237767427693
0.40892108124844107
0.40767130071461705
0.4094171234583336
0.4082419093171227
0.40765791162938564
0.40653188096893167
0.4070983406881539
0.4073246114784818
0.4065442431308194
0.4077903353794959
0.40832134145238813
0.406151377124106
0.40602080723971234
0.40529399083199785
0.4055880656896076
0.4048983943902019
0.40465505158093995
0.4041402318358349
0.40394873683314947
0.40543664877439206
0.40394702476270256
0.40420485859085886
0.40422665224181986
0.4022668034982436
0.4033715926840487
0.4040333046797469
0.40127307169833093
0.4016379989962912
0.40003727342676654
0.4020402888748277
0.40083551609116136
0.39942871902178534
0.40028842598731385
0.40039293456737046
0.40045448193977506
0.4005617292005537
0.3993893138019249
0.40043126916042115
0.39895196525693083
0.3982333803758872
0.3989353165336791
0.3982751915386755
0.3983733797087779
0.3988952909155941
0.3971668596108058
0.398149477748117
0.3976082427803305
0.3957653689809693
0.39632511404235965
0.396499723376213
0.39566367441177946
0.3968500217069233
0.39686669038547856
0.39419264272936455
0.39621189006907187
0.3938206220867772
0.3952759242759614
0.3948421634625567
0.3931660382426203
0.39504555329013763
0.3930237442998276
0.3935165440679461
0.3928888229813152
0.3933840769837456
0.3946062634094306
0.3932874911389299
0.3924208140921888
0.39291162942924696
0.3906163917685506
0.3920846851148441
0.3910553540624543
0.3905416016197767
0.39136807992603934
0.38945429726642306
0.3914652901241035
0.3908854305807235
0.38967438145318806
0.3903011140766066
0.38959168909430647
0.39091900678885316
0.38944261961649235
0.38998219969501086
0.3907303281822112
0.3882044529567102
0.3882797761598406
0.3875887555665953
0.38840805160325415
0.38878190207059754
0.38717576164072054
0.38675251874302435
0.3875542611487327
0.3870454109223174
0.38565503916688526
0.38605937112163313
0.38650300015020833
0.3875432239829629
0.3852868262484688
0.38592410030377244
0.38485915952124505
0.38428698445443954
0.38436768776956753
0.38424258700097846
0.384573829149717
0.3847096732884033
0.3834321662026853
0.3849069530768219
0.3843143831627689
0.3834530526215825
0.3840313826292357
0.38225299304186794
0.38271190697257434
0.381198561816795
0.3826849665695479
0.3824272631085337
0.38156920348484397
0.3820283560728724
0.38045171649615306
0.3813474268676148
0.38002535116553593
0.38212027326406417
0.3800692575766357
0.3803161142535841
0.37842547129997317
0.37946561789263983
0.3798128489738256
0.37901792458586275
0.38007382546273366
0.38017292522984086
0.37885898761586384
0.3788621676533946
0.3781243999282567
0.38026074784500424
0.3774912237598501
0.37874583907632614
0.37800072150658526
0.3763989107514379
0.3763258304568559
0.3763553798468975
0.37748061872775496
0.37758011879915193
0.37526617543783125
0.3757462884730771
0.3773622755884692
0.37551674326519147
0.3754114549710644
0.3761544871440173
0.3747281201201814
0.37473295873623375
0.3744832705503652
0.3751215727317362
0.37486211448781726
0.37497367230136996
0.3748018622551532
0.3740548788645319
0.37380082269695825
0.37415405467801255
0.3725432075172699
0.3724414946684814
0.37281337281308413
0.37345888038608444
0.37254346936869076
0.37351831431616606
0.37204346394992943
0.37216379496628166
0.3724223452709174
0.3703606981365179
0.37129450479056125
0.3723743868611095
0.3700696482056214
0.37023447057572356
0.37215813114662555
0.3697122013851766
0.3705112947986665
0.36993722327080575
0.3708644609542467
0.36992628512478365
0.3690822839809012
0.36882358279074695
0.37029850264918845
0.36735003906445174
0.3691993611859115
0.36898441801912985
0.3685669421275769
0.36758783267542916
0.3686428347190317
0.3678928990606241
0.3669352464179678
0.3676763183584813
0.36819161271998496
0.3681749080227825
0.36676660047206655
0.36785320249333203
0.36634438558331855
0.36551720428729867
0.36562987880954717
0.36583664365103774
0.3657220264236829
0.3658790426731938
0.3656137617442311
0.36555162400791047
0.3652286293658517
0.3655941693614515
0.36577723599168527
0.3651094814174625
0.36423895310299714
0.3638237915987187
0.3628093774014906
0.3639178136735254
0.363965166617802
0.36315432127830916
0.3630693124330174
0.36561186246781135
0.36311795165651944
0.36304301112223564
0.36121752809962887
0.3632275201560436
0.36259314384054675
0.36238104999605947
0.3625290256799925
0.36060528689601257
0.36174751568175717
0.36204275855751755
0.36078979388924437
0.3604923287832247
0.3600038885935114
0.36029501540863385
0.3602271195672263
0.3607775123413774
0.3609754919888679
0.3607559862131075
0.35860739995645496
0.35933951322471286
0.3586228798484788
0.3588536384829659
0.35811290959799447
0.3578490932419121
0.35903355440050544
0.35821992289072224
0.3587509950368407
0.3584158166819573
0.3575030811842725
0.35853915970137357
0.3564534338535752
0.3584117451468719
0.3571996748123088
0.3571178433063025
0.3569252982312203
0.35733881764825626
0.3568267474669463
0.3587015521123627
0.35539822467347154
0.3570403453759948
0.35576959498938365
0.35584983144050064
0.35448951305688653
0.3561060694434839
0.355336610727832
0.3556244302689669
0.35540605035521533
0.35476344750637806
0.3541312314290666
0.35528000748458405
0.3554505803447753
0.35349390576024875
0.35394238759656554
0.35273623435410073
0.35553705339131936
0.3531987110542487
0.3529880124548542
0.3530188370653695
0.3526335318979358
0.3528263446218374
0.35188757398243464
0.35218597375568195
0.352712268072846
0.3522218127510856
0.35169190799472844
0.35251827040257017
0.3526723306207155
0.3508304162119868
0.35125482304442895
0.35064014194458903
0.35110647029084624
0.35183250906335545
0.3498030412523245
0.3512335090504953
0.3503907951543236
0.350161471927793
0.3504324999053432
0.3499043799549377
0.3491280854442027
0.3501358232275102
0.34981196644877005
0.3496596950997104
0.35033261551642214
0.3498317469159161
0.3487043725157735
0.3480662356345873
0.34870064953857854
0.34957835497616135
0.34697091450380946
0.34741851945093494
0.35004759702872046
0.3479863909718455
0.34690059417860974
0.34770742869128485
0.3469610608024061
0.3465658460519622
0.34672267000306906
0.34764671644608086
0.3466305573129668
0.34680422354476054
0.3454202377071836
0.3464044207794887
0.3466340635048435
0.3457886259011843
0.34584930574266914
0.34658450107602573
0.3453266105131486
0.34546806167770616
0.3461722197887255
0.3453592870479051
0.3455182712867478
0.3442600967414326
0.3454130045673219
0.3444163881719761
0.3443157944103034
0.3451946304149322
0.3434922127897751
0.34489054019768983
0.34428948419846533
0.3439972118813513
0.34196903306580945
0.3428756891780205
0.3429567572247449
0.3425050194103816
0.3431744303333572
0.3422713831265287
0.34266248029153323
0.34190421831651063
0.34206137893115596
0.34185049764388564
0.34249528891158076
0.3422608158878865
0.34143276336493633
0.34235504775915065
0.3439882243009331
0.34098307235209224
0.341496308204665
0.342459684370723
0.34049187310967943
0.34152267949865117
0.3399978875122883
0.3426784642554252
0.341089740913573
0.3409905707037939
0.3409531684603628
0.33929958068816374
0.3400734478501916
0.33890493044758074
0.3395200328453204
0.34021041471569685
0.3390588506272439
0.3396818159911624
0.3382608337235494
0.3385780297192726
0.33878684489387556
0.3394745826369834
0.3391778298812449
0.33756858142410395
0.3389422024815302
0.33663890359893966
0.3377927056859453
0.3372751623752472
0.3376081550613208
0.337570368603971
0.3370818141464959
0.3370761114793144
0.3364867581709985
0.3368184313024907
0.3363096035854776
0.33662733241032805
0.33651565177030546
0.336184801454988
0.3370828742123104
0.33625121415111864
0.33599010215759134
0.33557474351022953
0.3348910784463712
0.33587656427791934
0.3349449313960816
0.3346012687398416
0.3362011796667577
0.33432579700448783
0.3357790462906949
0.33468375082027524
0.3350416330785064
0.3340621959021655
0.3345543660849621
0.33363151112897943
0.3357231497647468
0.3338055580430985
0.3337735096476927
0.3340578825475407
0.3336765609474395
0.3344204806178772
0.33295284533488056
0.333511570754586
0.33334419625431766
0.3328849735254244
0.3329557256802394
0.33191652842848013
0.33321931795583093
0.3319776470321338
0.33278328206439695
0.3314827464773188
0.33160323068441006
0.332321619531624
0.3343621587545184
0.33150677139248064
0.33131176836004855
0.33127672286949683
0.33090097594109813
0.331348258821787
0.3307300759175344
0.3305348581381079
0.33087011234791996
0.32998676803255816
0.3306628797099697
0.33025098170639167
0.33025128138054527
0.33034397495917284
0.330309249899894
0.33064894780444554
0.3303600361541436
0.329910121587845
0.3290901070701672
0.32919629822240776
0.328566360347054
0.33018156078429
0.3291588720596399
0.3289938211540141
0.3292911523793167
0.32785422292773353
0.3278648696497461
0.32891576675903117
0.3276414803692118
0.3281307788712154
0.32749971356851015
0.32730549059024455
0.3274707034468975
0.32745986854817444
0.32918072056966724
0.3270069336092962
0.32683830144291487
0.3278040699570686
0.32768301884480444
0.3272997783620852
0.32542828219788467
0.32746081581246894
0.3268233437537066
0.3274779430530884
0.3259535622225563
0.327832156382366
0.32536414081169945
0.32981628749830405
0.32572505896980847
0.32527931245604697
0.325691947997283
0.32649436544406224
0.32649047614188986
0.32539224001649936
0.32597261531213173
0.32642098228833405
0.3244463358425784
0.32593125492748787
0.3237436530996731
0.3246771505974152
0.32410848488470373
0.3240917040870729
0.3234766429873519
0.32519821519034375
0.323622024747596
0.3252146059766574
0.32380480444038506
0.32286123200088845
0.32476599788137833
0.32287734383863576
0.3235982118271282
0.32375680091717657
0.32325762196555463
0.32227468315147073
0.32438104218176084
0.3229679704419683
0.3222216302157349
0.32224624840477356
0.3231265728633306
0.3219482180726643
0.32204129031556405
0.32369762152532494
0.3215733669549587
0.3213954231799766
0.3213055596890732
0.32217472752031423
0.3209150923526381
0.3208914878254502
0.3226326461318326
0.32226700549258286
0.3208547568842859
0.320425418783272
0.32209515309877956
0.31995574241231545
0.3206882402999045
0.32020608260957334
0.3215089988711199
0.31954078451519724
0.32069397254643156
0.32044559187439364
0.32008187256825515
0.3198363401419162
0.3187171136633805
0.32064038570497316
0.31897160289707754
0.3187255424457493
0.3202983065561235
0.3200372893097467
0.3190806513109403
0.3191947691984916
0.31812508844352694
0.31881314303901637
0.31926030439280756
0.31815415286338533
0.31834377107878264
0.3192339915041209
0.31841383020797837
0.31835131558669594
0.31852974564269493
0.3179385694624471
0.3173917215069736
0.318486779392162
0.317771737307238
0.3179796549571541
0.3180721823909875
0.3162840218198775
0.3178731134181624
0.3175016999438387
0.3165235222669762
0.31746946936056575
0.31701972487606694
0.3170170007519055
0.31573154793955394
0.31685208499053225
0.31570786689976826
0.31602180448722234
0.3167587308260413
0.31742837655041567
0.3142093765980676
0.315070785037011
0.31743837220925375
0.3144435678533264
0.3157187898721019
0.3155811675199214
0.31610881173679156
0.31442534641791786
0.3164405885300044
0.3157590666049337
0.31514287837741595
0.31532965186519374
0.3144238537274292
0.31376670599839634
0.3157289560091431
0.3132027789517931
0.31448344477286794
0.3138087011283622
0.31492689473299984
0.3139293290935952
0.3128846194707713
0.3147026597676481
0.3146631579346135
0.3131413953682856
0.3131443290974598
0.3129899557342048
0.3139082346935875
0.313648745881567
0.31214061861648307
0.31374325749195187
0.31066251061676564
0.3130172318232751
0.31194933466928615
0.31123639576299234
0.31215846650032136
0.31257760165284015
0.3116912894905911
0.31217082403600216
0.31196715766530225
0.3102444327980316
0.31100328843882974
0.31155098456227215
0.31267194338413146
0.3105205688805757
0.3111017875895895
0.3098849403855482
0.3092466867568271
0.3108393077410875
0.3106144438728582
0.309337393616066
0.31103332051523075
0.31204610308035396
0.30995958448897826
0.31015362138065994
0.31022090387802026
0.31061439727407125
0.30869409877766363
0.30955018277900537
0.30876726818191025
0.3117578079982547
0.3095142375159797
0.3095307421691472
0.30985953147774237
0.308322282703965
0.30842626617800223
0.3104152607752918
0.3088713230400773
0.30862699406719263
0.30871137295553447
0.3083093329192001
0.3089062461467345
0.3086949221906956
0.30837768234285506
0.30711407308548944
0.3092153594258186
0.30683430530662403
0.3076872316244291
0.3094078945457719
0.30650206391971013
0.30756626849117924
0.30641206626880557
0.3078136089220733
0.307263145648943
0.30728160321910697
0.3073950623541602
0.3068951786132
0.30640506004732204
0.3067000108932065
0.3073054470139879
0.3058424073247804
0.30757680511667407
0.3062999278009659
0.30726187832049906
0.30760277216035553
0.3059691174480582
0.30581519786525235
0.30630041897621235
0.30629040937343704
0.30695222210287687
0.30482616835693854
0.3061370828392788
0.3054421985434073
0.30537429346985656
0.3050778716771065
0.3051611685037541
0.30562352037739726
0.3066717387507011
0.3043636766858084
0.30510965744630314
0.3052134802463625
0.3048089543152533
0.30356150474556987
0.30514783545103297
0.3066343571360087
0.3046179036125586
0.3041691982064581
0.30311849327958407
0.3045335490270062
0.30237599170824203
0.3032912849915972
0.30438636538393554
0.30410161462163116
0.3046006049776164
0.3029799578506432
0.30310426696576404
0.3042732714894965
0.303196319985905
0.3037658276772881
0.3025351352877059
0.30252272941784747
0.30275376490626976
0.30296746730137764
0.30297227504977364
0.30207126797993356
0.3035872519498256
0.30108283752938136
0.30293723048040916
0.3028790325268725
0.30039333713160965
0.3024932547746071
0.30355365511746185
0.30000765110166716
0.30267591479638684
0.3034611257016118
0.30045078150666754
0.30098373591089045
0.3018489708288369
0.301068045095312
0.30098960921618784
0.29964833012911546
0.3017016093943723
0.3013566602021456
0.3009633014345724
0.2992960063013121
0.3000962131869548
0.3009567967871657
0.3015657145115564
0.299981596461861
0.29950953470238967
0.30178716654203463
0.2993450916362104
0.29981689522450533
0.30156794098963763
0.2982326474946168
0.30053494252408647
0.29966298565088334
0.2995186082257505
0.30059717171470735
0.2994143752023091
0.29842924901443063
0.29893893046257286
0.3000394150011124
0.29846935911597333
0.29987623219343384
0.3001635924562758
0.29821509644479244
0.29832426415353186
0.29781562505242615
0.2980863219295981
0.2986183884444375
0.29753418816782834
0.2971426119899519
0.2970405045621989
0.2981835156566539
0.29759982717476846
0.29727041483502004
0.29830033625583047
0.2975425024628369
0.29810025640723925
0.297263392559202
0.2968597640266514
0.2977450181073549
0.29757734856589674
0.2962574748527326
0.2996638156518682
0.29604670971613983
0.29721334527506793
0.29599054115841295
0.2970911824879796
0.29619283344880415
0.2967264133819718
0.29626943757295826
0.29593877505146177
0.2959328471055703
0.29710179870157644
0.29492359316064337
0.29658966754735455
0.29487534675481386
0.29760328756404325
0.293884199763566
0.29616723484624324
0.29754238167806935
0.29635185459594915
0.29315664789931084
0.29519168192468936
0.2947908113547291
0.29402206319653423
0.29507308390482523
0.29421804797584516
0.2948688994980493
0.29448089240053543
0.2951953396349785
0.29451775027972793
0.2936799366819923
0.2946081282075454
0.29415297317695877
0.2932663484664573
0.2941876012908504
0.29249188915895075
0.2936714676286498
0.29421576198771543
0.29245150533641046
0.29286435680033723
0.29334141911112194
0.29382855519697415
0.2933702520674777
0.2929098483517388
0.29392370904830734
0.293177820685823
0.291515547421816
0.2918798329540615
0.29343990808828063
0.2928969689330678
0.2934794698626776
0.2922211113209051
0.2910317177293054
0.2919348120743447
0.2907401047322669
0.29194199670435006
0.2916960122712416
0.2922993783930265
0.2909572696833541
0.2925003670345194
0.2915917075742509
0.29001428428789583
0.2911633152127302
0.2913246796147711
0.2912850277509626
0.2903742939256303
0.29069808553431314
0.2900121379553587
0.2931065248796196
0.29015310996965454
0.29053561937879263
0.2903369240408725
0.29152650091720533
0.2903416280554745
0.2897382683606037
0.2906559703031503
0.2893737582636247
0.28974297409820876
0.2901186493429228
0.2900032070673723
0.2906027670798794
0.2903012815939472
0.2890973966366002
0.28994741802753604
0.28900967155692436
0.2882888985791006
0.29063751521275943
0.28956469441758426
0.2890567651633376
0.2886088690151795
0.28898854800325424
0.28888192973769705
0.28901817404778796
0.2888617293600628
0.288702876220357
0.28902821382226146
0.2894973211269713
0.28770342402097104
0.2879053670710275
0.28809437393340337
0.28795630535045513
0.2879332703365939
0.28812405227164334
0.2877659976725639
0.2885496243969633
0.286870908829977
0.28665066850309723
0.2880751242322854
0.2894224354652677
0.28687276917553656
0.28677283037125056
0.2863052663682738
0.2869217042442965
0.28726576138040033
0.2872730234059018
0.28596868530983394
0.2880593915858465
0.28645496741117416
0.2855767907356301
0.28738731643840437
0.2851795437604982
0.2860673725415819
0.2869189676694671
0.2851031598992006
0.2867529413819385
0.2864500464378274
0.2853088889861121
0.28723398009326395
0.2849847156883295
0.28559333673861903
0.2863162080819258
0.2865465965612984
0.2840499467697296
0.2870163653370223
0.28549077207089696
0.28532650041536955
0.2858573911146248
0.28526757622617405
0.2847202183226036
0.2858131853131602
0.28480230810564405
0.2843334014193034
0.28365405570567015
0.2851769215480268
0.2843188870531544
0.2829265679528952
0.28403369967511516
0.2848023940012886
0.2844464340649248
0.2834476404130783
0.284719476092296
0.28539409190236154
0.2822877932182246
0.28487333779909085
0.2843225453760669
0.2828051944746396
0.283280499425898
0.2839631875335017
0.2829510820905668
0.28382574802798366
0.2830166300756467
0.282696063307079
0.28257079463015156
0.28153524322698775
0.28247775270084446
0.2824856430323662
0.2813802500972761
0.28420398998757807
0.282099200218934
0.2804750382884472
0.2824180039859849
0.2825101233271042
0.28192015133230547
0.28270044193536653
0.28140675697020706
0.2822302935944539
0.2827908422757377
0.28145802984331725
0.2817123647927878
0.28257405513530415
0.281732193466857
0.2811248511427331
0.2825447935295689
0.2801696104791461
0.28224265635995577
0.2820736125174644
0.280080873926847
0.2818336556006804
0.28108669649877166
0.2807898735233381
0.28043746996215996
0.2793455131829434
0.281365022817773
0.28016801995811974
0.28051680732324735
0.2800566615466988
0.2796863166383381
0.28228293645771124
0.2788093146589892
0.2803165651497486
0.27867782202874736
0.2811432399448039
0.28040225834708477
0.2798201952426905
0.27963769606155814
0.27825992527398696
0.2788490657024581
0.27995972832194116
0.2794551118158768
0.27968521428349663
0.2800084555086915
0.27967884608216703
0.2787484958218332
0.2780479711864454
0.2783324643361417
0.27961121059215416
0.28013414743625553
0.27796995479437864
0.2788715340138527
0.27793639929381797
0.27941799734999506
0.27899941812160156
0.27798467685109257
0.2780661659141802
0.27863031423491896
0.27839741272741464
0.27769188326811634
0.28031942070413385
0.277848700482619
0.2781947500138862
0.27755146928045993
0.2763218026081192
0.2790220680296367
0.27648214515672487
0.279923242905336
0.2770538473774329
0.2780654020832701
0.2778078020925317
0.2762918538586242
0.27754787237641315
0.27750146027514766
0.27837805755373357
0.2754342050067495
0.2768129787442726
0.2764798956196823
0.2764910669499578
0.276439053259853
0.27738647957297524
0.27579927499413925
0.2761784007135405
0.2757742860035784
0.2776029252727598
0.2765599517467034
0.27738153725635023
0.27443088350328815
0.2774611925740052
0.2760359852145704
0.2754915841306676
0.27494759454269146
0.2745653131217701
0.27514545182543193
0.2765261401673452
0.27539043059795554
0.2755599918323676
0.27379548023967243
0.27425534121845335
0.2758068813319614
0.27448532538445714
0.2768309837862615
0.27464686431432145
0.27504250799230284
0.2735811939019318
0.2756019372722762
0.27470726599779427
0.27352700661304785
0.2748491237933287
0.2737504937061015
0.2750536154059213
0.27502259421314335
0.27280449797877954
0.27392151236687273
0.2736718161403232
0.27218046365925164
0.27429485563841954
0.2734518705730967
0.27209219282679936
0.2735711389267423
0.2726449662574005
0.2734333876488863
0.2737013506674925
0.2736160499229577
0.2725311289231733
0.27436042688967166
0.27350324836921086
0.2726450801174975
0.273068247468829
0.27400027426070067
0.2721426487441975
0.27142478280364024
0.27369993879598314
0.27218018240433867
0.2721036969286535
0.27139950083048414
0.27224708319683316
0.2750341848390314
0.2721859476548206
0.27242277543924237
0.27163068900625825
0.27089025976841297
0.2720316064362713
0.2697116146506032
0.2723743663008405
0.27196552732592266
0.27224130230305993
0.2710474507529581
0.270961817417028
0.27143279091649863
0.2714828428313442
0.2718793231264171
0.27187136726221917
0.2706843390587848
0.27145737001926895
0.2711786251343976
0.2699523258688516
0.27176851302187127
0.26968362947256996
0.2707660931737997
0.27068525027740464
0.270392034943818
0.27043382071089245
0.2683449674807624
0.27296391958111793
0.26989488639590636
0.26940053120534757
0.2700019832114895
0.27032346928890844
0.26984710606916423
0.26922309543248246
0.2698833194325938
0.2700268576369861
0.27073146699800493
0.2695755713124914
0.2688562322966529
0.2705014955090244
0.2709388881921768
0.26914159457639597
0.26876552415698624
0.27015058912940443
0.2690208965446237
0.2681084162833793
0.269179242157446
0.2699177194907
0.2685216168029529
0.2689974998386336
0.2682873623810501
0.2683789115218939
0.2676239818685937
0.268142276597823
0.26908457063210556
0.26732248729016034
0.26850034575346304
0.2690172079441553
0.2678245417120559
0.2682558778907649
0.2683817188749867
0.2679100482394646
0.26896634322682345
0.26626178210752116
0.26829110959402885
0.26770508093275175
0.268052171803155
0.26763640946405687
0.2669363603076955
0.2667482538304169
0.26595516420873794
0.26937440831434917
0.26735877783962286
0.26639929415822533
0.2669357168279867
0.26717566027606704
0.2662079836947994
0.26622801371810656
0.26706490561843566
0.26729350812291724
0.26596090297564917
0.26613023978271755
0.26678288536779177
0.26624269438839937
0.26637923107803446
0.2659079858057985
0.267075918078819
0.26524505276624855
0.26620863280523716
0.26595626591491944
0.26706825674904516
0.2662353342739097
0.26750883638876816
0.2647274943449261
0.265427642149407
0.266243335217724
0.2662768426160931
0.26400370969062054
0.2671480468894381
0.2639873839279652
0.2663651112210289
0.26455489960932677
0.26521300556005273
0.26636864245838815
0.26544571921517657
0.26427719207703526
0.2639444893476032
0.2660212877579259
0.26457562953787783
0.2646968450606716
0.26437987787863004
0.2643173028531393
0.26438203611002364
0.2642373849030814
0.26347483635543334
0.2651522764744645
0.26352739389062363
0.2648326073634689
0.2635965372042724
0.26332268231698147
0.2621040770304282
0.2630189109386419
0.26485130739507534
0.2635982930119698
0.26523080941722105
0.26407601311577633
0.26245820411946064
0.26426658731183666
0.26269545616129325
0.26425678354373794
0.2631725601473555
0.2650745118998595
0.26264105307021623
0.26268207520570835
0.26218975547187595
0.2645922481108281
0.26279880609047995
0.2629360518144599
0.2632023496688439
0.2615920289576126
0.2631747622905522
0.2620673333480504
0.26430148517593577
0.26064665115662505
0.26107625471779394
0.26124526843982676
0.263206214428921
0.26196551184871536
0.2622846778585804
0.26145692371922075
0.2625695525644912
0.2614798482750715
0.2614669857508398
0.26317556092049366
0.2625246795036232
0.2607219610273153
0.2607318647250875
0.26269114655448167
0.26217759266482193
0.26041287760123016
0.2625816297349143
0.26097296239378015
0.26008003197853624
0.26052236941022555
0.2604599963589836
0.2608272919370517
0.25992181992210095
0.26106919576171805
0.2606388680353094
0.2587509785171828
0.26034583524094745
0.2602963032180662
0.2598757438086865
0.26034263569631916
0.2604971982926094
0.2599332583809166
0.25941109961121733
0.26161995794097054
0.26003651463053895
0.25943644167438706
0.25948982334897336
0.259759919317
0.2594759996897094
0.258497708964701
0.2597835137967151
0.25945192886158336
0.26071627616449883
0.2599138041829832
0.26029306148801634
0.25777130060127634
0.2601264498096315
0.25827310945581927
0.2585387416296563
0.25988797980846057
0.2580658685204268
0.2577420884997842
0.25845658857524034
0.25849908231864566
0.25824355803421073
0.2589752385786936
0.25731642986394404
0.25876074747949335
0.2590239875608697
0.25800655527939026
0.25846045226041126
0.258189029854237
0.2581484030477225
0.2580029242722703
0.25830831369238727
0.256704938921181
0.25801261857449287
0.2560828608542933
0.2581744989202309
0.2567960864750549
0.25778324725252755
0.2588198919033918
0.25681691352354574
0.2565403536835994
0.25677847581833346
0.2582714862022391
0.25625744943553186
0.2574885128788929
0.2563816264064525
0.25820450895120184
0.256097141310951
0.2583667961486414
0.2558993626174212
0.2555708528058254
0.25815791972522073
0.2548940884537247
0.25572423865070437
0.25498936613154527
0.2571781255471483
0.25666308629370443
0.25513123342499333
0.2570615469544513
0.255882129505583
0.2564797196402119
0.2571759336845366
0.2567990493184764
0.25465749019470874
0.2562206002715817
0.2550441831003474
0.2561863815432196
0.25541924360797186
0.25541952046415933
0.2547628846438433
0.2560114930963826
0.25512115481087744
0.2566680098076361
0.2526006171076661
0.2564855437599654
0.2543189512450865
0.25414615372891797
0.2561607690913177
0.2550731385250586
0.25515231880682554
0.2549961000847593
0.25334057710308044
0.25375107303036526
0.25533364876257897
0.2551709553801163
0.2542565860183056
0.2544284025871588
0.2539949237494003
0.2551314585347814
0.2534869395088328
0.25380704372427554
0.25325327655109053
0.2534184386005497
0.2538361312436366
0.25391387705440027
0.2544235597142754
0.25357929205672847
0.25417863962746157
0.2531549877981501
0.2544172770628636
0.25256620136460123
0.25302830658753955
0.25264130411906105
0.2519763603878569
0.2544336503150872
0.2537301463022053
0.25299972525044395
0.2538152498608633
0.2533188749030413
0.2524171652916499
0.25333202661137844
0.25145212649013016
0.2521913432141151
0.25269394493385916
0.2525015901526416
0.25289818959393984
0.25363009216482363
0.2526685638350976
0.251582191633725
0.2523750293765672
0.2537846435176742
0.25145160460882926
0.25179824616395147
0.25474363336837347
0.25091846961136166
0.2510770458791139
0.2534451056373145
0.2517462299760553
0.25251758804020025
0.25132507167783585
0.2515880557930293
0.2516016951191184
0.2506960862954716
0.25065579896898627
0.25143651740609735
0.25354964677762454
0.2506254521888898
0.25128195513638935
0.2511236666642048
0.2519416296978491
0.25177664666277827
0.2511220240274032
0.2528623254832326
0.2502319768201808
0.24953158588757898
0.2517457091516422
0.2502775453684228
0.2505852256359886
0.251929586033642
0.24959294151451705
0.2501630371925224
0.250220160469629
0.24964112929094406
0.2512568117906548
0.25030852629923617
0.2500105063727141
0.2514743320914177
0.2513120089474043
0.24950290074236375
0.2489397939938732
0.24968681440766374
0.2496213513182109
0.25012966278521515
0.25032290531504797
0.25016748195034344
0.24795551421267162
0.24919278536018935
0.249895826493364
0.2492887440870686
0.2494683085412616
0.24800392547160605
0.25047544942900735
0.2479928201740155
0.25083182390189157
0.247911034532549
0.24890573793051465
0.24987867561944882
0.24952689638899633
0.24838091309284824
0.24763097175866583
0.24979891217659433
0.24972798606603797
0.24999086491700528
0.2476694115821583
0.25016842397355543
0.2477174473942191
0.24863209840284148
0.24799928423400153
0.2495716194269735
0.2478728300701498
0.2478581159561422
0.24828955316871062
0.24697140038031476
0.24779539863199465
0.2484934620509665
0.24655014935525038
0.24963926365925618
0.24883087318809535
0.24875463604782916
0.2474322936609117
0.24736439510549282
0.2471091501964335
0.2475083657611328
0.24694320397336653
0.24703813368959088
0.2484379704802904
0.24796368853282522
0.24700953697891592
0.2471054696163755
0.24763110488036055
0.24783715750445515
0.24569651605887957
0.24891046474281217
0.24504005900182127
0.24785595181248316
0.24713361585127616
0.248757289407241
0.24629071192475804
0.24550524044966612
0.24740593422524082
0.24641089419977336
0.24532955143704308
0.24640121869067183
0.2472163764782421
0.2467951447924795
0.24541608665359207
0.24537976315873422
0.2456525303828817
0.24756990239010648
0.2464708552944689
0.24468217674584242
0.24523397203773584
0.2476089196899025
0.245439411933785
0.24519313416559757
0.24587579912076982
0.2431439580429602
0.24700867939636814
0.24590618560426253
0.24501580466373296
0.24575789083930535
0.24520123061671079
0.24315638522400174
0.24630344354354988
0.24534001931584154
0.24518538468225692
0.24442303556827277
0.24483032633821866
0.2460704644175726
0.24388461548749452
0.24509471432252944
0.24439458202845457
0.24381250433821994
0.24676976528834044
0.24289349091217877
0.2458848927007873
0.24309844372764752
0.2469464567835649
0.24364619661109047
0.24471731118839843
0.24497262725748456
0.24286957246847135
0.24433176558658462
0.2435408164730167
0.24471355894943103
0.24307619966341334
0.24471309832652002
0.24440194632826506
0.24391356561031133
0.2446928029303341
0.24365327434508444
0.2439219341179786
0.24350837962825791
0.24416640478140136
0.24388078322235446
0.2423919007866818
0.24362226967736988
0.24305350907110895
0.24456886238358833
0.24306223990830358
0.24298884487173722
0.24265791807084952
0.24356353381578838
0.24156793865500223
0.2439631224219139
0.2432371136048829
0.24318083670066878
0.24347903825311124
0.24298894109188646
0.2432323098520522
0.24288907815829514
0.24287544086827764
0.24151384804348272
0.24266223519355815
0.24264953096713668
0.24707702495734304
0.2394542449819512
0.24148008777132707
0.24452004261526583
0.24048003089020734
0.242447514073448
0.24119878717064136
0.24202601679633434
0.24263059161716066
0.24170080205017955
0.24291354447305924
0.24198576662027274
0.24034888144163583
0.24266312508748117
0.24064291205522947
0.23998439934401983
0.24146632992514963
0.2407325656032764
0.2405166093602398
0.2430409236035187
0.23953192079599672
0.2428021622954574
0.24082166652793138
0.24218410796158132
0.2411135977422402
0.24156174480919573
0.24027620944472652
0.24033028312126556
0.24001574698732006
0.24051636079733937
0.23960660344514514
0.24247087418870886
0.24019218029447595
0.24124108333289263
0.23871781328578165
0.240534885548857
0.24359148590991042
0.23953041383386234
0.23869252113114137
0.24174151524333812
0.2394639837275177
0.23946425940575666
0.2397019377286842
0.2400520006690215
0.24108583939925035
0.24073513227648935
0.23946852065699384
0.23790484982257779
0.2380089425158652
0.23995352959870717
0.2396367948655458
0.23962232592136137
0.2390664745135708
0.23959891536490407
0.23992044318404315
0.23767074736954583
0.23903341323110255
0.23724075295977032
0.23912853338815354
0.23940396480523546
0.2391739873825927
0.2390958254688398
0.2392454406802859
0.23729661572555658
0.2404972859799069
0.23631878355754474
0.23930515776171002
0.2393040567604958
0.23774722089006722
0.23947508470915446
0.23692972819797217
0.2406375377744148
0.2369086495076983
0.23871381121587365
0.2383867114176467
0.2387647183697576
0.23675447341815953
0.2376360114012927
0.2393505754942545
0.23752668940044372
0.23727328979388834
0.23831380810701214
0.2373196235401815
0.23873712004645486
0.23864851564511277
0.2375974452850536
0.23822346268651923
0.23504229122885428
0.23866474873610427
0.23746996976552304
0.23760530208671035
0.2362597327512726
0.23825376308179644
0.23813552447023748
0.23644799509501263
0.23659030406847326
0.2359965994318963
0.23790884305561974
0.23759577098553675
0.23761102280094137
0.23660968859627068
0.23548263932399208
0.23766298399519675
0.2375762541085806
0.2350711100639048
0.2382352544076993
0.2374760028213587
0.23607352317537225
0.23596756477494518
0.2360801851892666
0.23506626040824524
0.2364068391002003
0.2355481364810445
0.23643034466957852
0.23632741686150413
0.23672440563167527
0.23575877592512637
0.23600137683854605
0.23394797059809821
0.23466171432813537
0.23540272598831657
0.2355244677725553
0.23483199796931054
0.23664885031863453
0.23542994546491153
0.23498841631873776
0.23529647018517194
0.23351182579203647
0.2342851651103845
0.23548510109503476
0.2338640702451425
0.23369867438754516
0.23638456605573016
0.23319006478582863
0.23622662163234823
0.2337744033680339
0.23378648667932997
0.23554706542404705
0.23386540327518457
0.23584469347435444
0.23518706811535675
0.2346353884442893
0.23177345970503652
0.23532784250120045
0.234473625393956
0.23268973814186156
0.23438796592581265
0.23550835677040818
0.23423610413458285
0.23477134142440384
0.23332971137381883
0.23455332110589763
0.23515656871772952
0.23234077356530505
0.23284077358307112
0.2335780226020762
0.2334192945771685
0.2331377008553716
0.23216541028247095
0.23528659831734763
0.23250307097913925
0.23365033482580908
0.23442922428389956
0.23215007361254353
0.23208114200079094
0.2321607600469615
0.23513190232514614
0.23185758714754462
0.23198940892430178
0.2345597806860757
0.2318200608614062
0.23228578131979258
0.23110373601195783
0.23258863829589813
0.2323166211681866
0.23232611945910242
0.2332811130981041
0.2327050112656339
0.23124618762980206
0.23183353880742405
0.23055267034654822
0.2321311039163167
0.23168912266089414
0.23148698773473825
0.23205627487046687
0.23391863436718555
0.23201506351545326
0.23166025125454243
0.23088677239209018
0.23238584839771564
0.2323410580905454
0.230654950358397
0.23246398979083982
0.22976192603835965
0.23195479971839805
0.2301272712276287
0.23182668325186065
0.23142298272706144
0.23267723047968447
0.23073368465489602
0.23239610292594046
0.22968219715241509
0.23092517313269276
0.23331803610005575
0.23043769806344175
0.23009575694515635
0.23146553400525555
0.23007110544585116
0.231054255225895
0.23006739490693648
0.22918438863013718
0.2314667500174878
0.22975916072428948
0.23093979336668208
0.23078519267738407
0.23095649632624154
0.23026197881830862
0.2357544680199211
0.23127176215761805
0.22950651940913305
0.2294703444720504
0.2304491381686825
0.22962655683927588
0.23011795773723825
0.22986771621512747
0.23055931668561921
0.22920816606800315
0.2291603219980304
0.22905791985566987
0.22822709274483888
0.2290916845040281
0.2283236677707719
0.22808725589789458
0.22853456119564164
0.23021070499247911
0.22839299425428694
0.22994837457451522
0.2283975968287724
0.23118857308960955
0.22703998064466874
0.22868390312078246
0.2282452121728349
0.2303735475577279
0.22819134733552945
0.23010053885075857
0.2293764884699645
0.22841266658891357
0.2290393499490842
0.22867611351061473
0.22948149624793027
0.2270896204008508
0.22778759670625143
0.22890395465720234
0.22866270813455822
0.22792712636427118
0.22900258004665375
0.22781039671037692
0.22662101293764242
0.22680068437005546
0.22914726832068494
0.228152669256749
0.22958523499753503
0.2270251145651688
0.22700322491816158
0.22748576964228048
0.22791414126357404
0.22739367796831111
0.22787506584902412
0.2262719694306531
0.2305499683398902
0.2259400036758062
0.22650605359845574
0.22728172849588987
0.22760064461625473
0.22805090973822642
0.22687499814676942
0.22878857979273926
0.2252567201850546
0.2264692574770988
0.2268963614174648
0.2259052368973302
0.2266523886782803
0.22745648530078771
0.22553422359553726
0.22728744876698254
0.22621454478904804
0.22682815455260633
0.22783813271795408
0.22594128720160514
0.226408957882121
0.22643458646831374
0.22702568583303057
0.22508527778264725
0.22800404924737175
0.226725230653384
0.2257396078554794
0.22633412716507084
0.22558737610057988
0.22494253491421998
0.2274392363159245
0.22500421937910936
0.2250896141568183
0.22641755691183305
0.225286476863627
0.22789817230782708
0.22581156945709666
0.2256915740918778
0.22576227692038073
0.22466906312596335
0.225574624237065
0.22463895270922993
0.22528513190263327
0.2260343986884336
0.2256551727724623
0.22503746401275335
0.22605815993682757
0.22513244005354818
0.22496046319585902
0.2250881637452213
0.2235688229588096
0.22543222922268702
0.22539416554427852
0.22376668581146716
0.22644296671379865
0.2257811993072226
0.22254554060667284
0.22422433351622637
0.22584202438322637
0.2229509079725253
0.2244908351084035
0.2247964761376453
0.22431671628987523
0.22262145862086904
0.2251244990342041
0.22374163464639682
0.22452088033030443
0.22428038603025957
0.2233710895949004
0.2235355465014115
0.22444045652456338
0.22243942928578178
0.22433405345195437
0.2247005486140138
0.2224292247156368
0.22341986162252409
0.22351436312743964
0.22236484099864204
0.2232826732452666
0.2256142931586039
0.22315558680178915
0.2221267525210274
0.22158492940332755
0.22491956923940773
0.22212722202697646
0.22450654183209232
0.22280747303232423
0.22282689029492772
0.22402016842454006
0.22173906562617893
0.2234131654672676
0.2209305839372085
0.22229416569539467
0.2237913719510171
0.22054711107430391
0.22171410522057688
0.22120452235523777
0.222447088657188
0.22306544607124565
0.2220768026777846
0.22209396633345457
0.2210298604303757
0.22310310156459603
0.22167049512996856
0.22234141214231554
0.22238653887090293
0.22202331213530563
0.2223622635943858
0.22223023552123228
0.2204496737990749
0.2205207323894229
0.22223125515841263
0.2201767063608445
0.22040680080354935
0.22230004657289643
0.22181584219028216
0.22190179402501906
0.22037178459278833
0.2221690577408693
0.22164533765617186
0.22138351711704696
0.21940484605481828
0.22237204203321323
0.2205568899151654
0.2224909399344418
0.22031029773495434
0.22081246533450258
0.22057498366028033
0.22251004333795918
0.21952384484322582
0.22052434707756413
0.22096030504477662
0.22111201696908675
0.2189893290871234
0.22032828586899023
0.22417460992243118
0.219784206179215
0.22145108161032417
0.22051641970767022
0.22120969612241476
0.21883584653109564
0.22117910281886788
0.22028121576636597
0.22097260453608766
0.22017294046398087
0.21999943842649677
0.2198485396228091
0.2198079300249286
0.22048327047152597
0.21831723218930135
0.2210980014472371
0.22008118296814622
0.21902988247906716
0.21954161823927645
0.2195468114986295
0.22021220871298028
0.22188168109711057
0.21920685430689116
0.21958829000526917
0.2200485819876374
0.22010450664583364
0.2190677678525592
0.2203773924266692
0.21893373814421596
0.21860662765999156
0.21950980436908218
0.2186056241537236
0.2226320382122045
0.21740819757045252
0.21786814852265196
0.2189341365008366
0.21811080663639515
0.22118987236847648
0.21783019986539684
0.21773366589873958
0.21926997796583925
0.21790097561296629
0.22146265301740803
0.2173010487838039
0.21856558219075853
0.21809168412894048
0.2181139114440082
0.21845639070457673
0.21878043959365467
0.21712119110095277
0.21734833707886567
0.21808602788824558
0.2175045082809577
0.21844480327469046
0.21763826679875298
0.21721447272701447
0.21919644467573177
0.21787193932197763
0.21781758716084432
0.21649165773379112
0.21810798838221104
0.2176312436929655
0.21931296388563468
0.21699922470496394
0.216967003355805
0.2192502243223599
0.21681361022926732
0.22070410711512853
0.21738146130950556
0.21557754684834232
0.21649775652726155
0.21676373983786285
0.21826644013962396
0.21805608225029138
0.2170930526679902
0.2170830566696192
0.21799915539778705
0.21644366936850504
0.21561652038949108
0.21704696906908463
0.21715610864219742
0.21816842813279025
0.21576634179372814
0.21754324369942218
0.21663278450754705
0.21674200812717304
0.2159176909735262
0.21574310964748192
0.21768746642280987
0.21624711115575398
0.2163150338591172
0.21720373584576932
0.21592338565858632
0.21386501645419337
0.21631469237229628
0.21660584130435911
0.21651358604814042
0.21540992774695447
0.21591304868522765
0.21526034349100406
0.21665033236925266
0.2160731120487763
0.21532330970801278
0.21485292151831586
0.21347164477986322
0.21472208435560478
0.21602354088106712
0.21520799106074792
0.2150060193716777
0.21448375043000895
0.21653380138324316
0.21560411326003856
0.21321063929945772
0.21472711209095158
0.21600951144118155
0.215355303713955
0.21516132572532926
0.2160419485674768
0.2156567603367704
0.21591658693960133
0.21326826693362894
0.21656208966567014
0.21361076429783576
0.21428105141517076
0.21414745913451355
0.21592866655038231
0.21436970825098733
0.21371724422088628
0.21757053461560963
0.21342096475382058
0.21493419945046324
0.21490412231077505
0.21587099722544906
0.21336214924107297
0.21329013037550495
0.21582230147168022
0.21511885556566923
0.21349042969020454
0.2159175065637734
0.21189057636226752
0.2139045099616321
0.21326308492165702
0.21524657040920014
0.2142054805725795
0.21334767021112674
0.21324351892728885
0.21516559194174326
0.21394516435984473
0.2129669456969059
0.2132332302346159
0.2144902431346395
0.21406618031496327
0.2138832891382448
0.21428158267445077
0.2141402424893093
0.21238694468596467
0.2136913490917493
0.21175628504518784
0.213839803771662
0.21369911908445724
0.21213454174715687
0.21443310753749784
0.21451931057819937
0.21218977639386308
0.2147180523020649
0.21285972120229069
0.21316602663277787
0.21300182113662686
0.21227922620411688
0.21305347671630953
0.2113639362811808
0.21293094513786928
0.21235877366909958
0.2122325151269082
0.21315873389840667
0.21368867863688118
0.21336728720357045
0.211520505905773
0.21383923431914728
0.2129030552497888
0.21189520696342495
0.2118778355924149
0.21085949904739207
0.21131742189997557
0.2127606794913778
0.21169425036190606
0.21153882986662106
0.20987106619026633
0.2116740012593216
0.21115173206201776
0.21029545278699469
0.21129975496299178
0.211305262974183
0.2100332782692766
0.2130520899009811
0.2110158519587393
0.21212114798278967
0.21269654230459029
0.21063925099177364
0.21072899445805793
0.21037668638559737
0.21165816998953832
0.21118561897715138
0.21048928104552744
0.21180823571898916
0.211351137718652
0.21092504596939038
0.20999312873799106
0.21146813115981175
0.21051842919995664
0.20859735846032976
0.21078850098850685
0.2119150319792096
0.21025896393451862
0.21048320651374208
0.2111171610952392
0.20824261048995635
0.21147251764972308
0.20967095378198478
0.21167879490837221
0.2103020581850352
0.21212028973750507
0.20921109564953733
0.21025186159423898
0.21066321584676476
0.21017987933572935
0.20948676961815343
0.2091051682552825
0.21267816337431356
0.21070632871416056
0.2093543274848392
0.21178881438987324
0.21031733019955393
0.21186067953935522
0.20999693889463683
0.20946126969411807
0.2086080522856426
0.21042569641005857
0.20971239917655954
0.20923907769125455
0.21062517306680692
0.20944868137400052
0.2097474165393677
0.20865168829900105
0.2073389325727863
0.20826254084147738
0.21262377185213235
0.20900412676957275
0.20729975436026954
0.2118355435698756
0.2081873919105353
0.20916790923271486
0.20898292560925416
0.21106025124894412
0.20737421137709824
0.21028110947901385
0.2090044948126008
0.21081953699460665
0.20891656172140857
0.20827752206150213
0.20764957246074436
0.21019486685428754
0.20764334207713747
0.20913856431049044
0.20797279738497884
0.20817362023641364
0.2069942438321812
0.20878373427449431
0.2091216480499077
0.20709394915265897
0.2085497188730956
0.20772925529520883
0.20789859107410605
0.20674838328749806
0.20883785968166668
0.20819569527629894
0.21067812163810704
0.20880863239297232
0.20696755943362666
0.20630549277745394
0.20717210293338695
0.20793731050608633
0.2064510197069005
0.21391771666867773
0.20694182644414624
0.2065639337828831
0.20767056061002226
0.20639458513551784
0.20734864094338526
0.2072507425869039
0.2064102532740732
0.20725113429701206
0.20787790547966273
0.20506600084339585
0.2072687069654573
0.2069902772696502
0.2061175561792689
0.20728672003010884
0.20693228701681368
0.20857974978168342
0.20643400051096114
0.2079825975584202
0.2074875539504307
0.20639076413070961
0.2073614041533821
0.2078613629705411
0.20681830447903657
0.20698266524479172
0.20648994061424697
0.20732805081964115
0.20669669408954797
0.20563049998501498
0.20821252431013276
0.20443423267143093
0.20782773459089207
0.20730904177588017
0.2050547860337572
0.20788886299004333
0.20569661233580908
0.20580874424441262
0.2058672662475287
0.20699238466569633
0.20695742119684762
0.20544836654394252
0.20549581039633869
0.20511864944211372
0.20833817166484614
0.20615574172804946
0.2049583382150012
0.2078986367359397
0.20505312729194455
0.20682306813938767
0.20436353693652037
0.2058045403995836
0.21201040235909993
0.22739333736101006
0.2038475065210557
0.20600373531492402
0.20319440954183526
0.20741540777464335
0.20447102184559443
0.20475041914051073
0.20558261076166343
0.20446210551304245
0.2055495401997538
0.20451476333236057
0.2063524936007149
0.2091281286079297
0.20211858983898248
0.20324678837176427
0.20793785543902862
0.2062095639626963
0.2029622099919756
0.2036529729574099
0.20535158763494357
0.20815652274969232
0.20244211863902056
0.20524488564495091
0.20566637497935827
0.20421348607782477
0.20459503652651803
0.20539882430128817
0.2033126840768821
0.20528259581380592
0.20323816183931953
0.20453948847174716
0.20592253559135
0.20393742266096437
0.20419639188620603
0.2038655058292733
0.20380749607947457
0.20516270154551067
0.20292617127011014
0.2183395818229472
0.20334627749589795
0.20265129495731937
0.20158293740114394
0.20348484895925206
0.20404311769643063
0.20462538381000167
0.20326962070021568
0.20545797130293433
0.20565015259435335
0.20355811727063183
0.20355290102973994
0.20161582877101578
0.20332097556532677
0.20365225957501612
0.20361383912432826
0.20362708317127165
0.20236860350013103
0.20139215324646112
0.2032757409160761
0.2050688919130411
0.20267253987797443
0.20481098395633762
0.2036499648142106
0.2025718483916217
0.2028748763673359
0.20521948854027916
0.20269627057065445
0.20745271530358217
0.20172148599923378
0.2039868006957954
0.20285070839576183
0.20335162066524576
0.20074855085651525
0.2035688236845655
0.20181939954291736
0.2029665900211885
0.20177495913375101
0.2021005736273165
0.20369204445916622
0.2015648089628554
0.20448504725387803
0.20269226425067222
0.2022042648738392
0.2030682576687369
0.20149850730244814
0.2023634977780616
0.20169347019397632
0.2027288206493732
0.20105539416689358
0.2018581570318687
0.20249538261785724
0.20051519349420122
0.20347026773157476
0.20194589192140058
0.20276131642759387
0.20147480732877315
0.2018974183381793
0.20025436636375796
0.20098311089524298
0.20324376196811086
0.20045103759143362
0.2025909354598312
0.2014504966225831
0.20126615112316326
0.20084522694502444
0.20022392155266983
0.20196526671423068
0.20172584649882624
0.2014380094900439
0.20093764923344012
0.19998115785937967
0.20290614881675506
0.2008418187086877
0.20312687434693022
0.20072775970279558
0.1998347881393104
0.20096107216004594
0.20278402257140865
0.20428721736801256
0.19867832489320705
0.20090784395660893
0.20254834303733732
0.19968802332281255
0.20129283129867107
0.20235967225515641
0.20062861482341388
0.19921945644364644
0.20118155638420415
0.19956341508140804
0.20072125883867564
0.20133013098738287
0.20038618948344397
0.2004244294447741
0.19916567046976813
0.19891450335885405
0.19975112931197003
0.2014020084546476
0.2002710059100476
0.20019166741943598
0.19949402815708497
0.19941864827109507
0.1987383630815916
0.20155271136752603
0.20612536306732854
0.19809555063675074
0.20012688783516583
0.20107642371469867
0.199554035870275
0.19900499444855815
0.2004267572219221
0.20080665271265258
0.19915096208953187
0.19873642235850192
0.19897015154600467
0.20098161481280316
0.1978170453377086
0.2010051492655688
0.19805612736815156
0.19995556984596774
0.19812779493535337
0.2006172520179468
0.1999177219218911
0.198651488365869
0.19848358423810591
0.198869637821203
0.1991277446355468
0.20004539984642125
0.19909115212360237
0.19953038031235337
0.19848976011175162
0.19947194984067848
0.1996601260815631
0.20023167825685736
0.19823713548157135
0.19811692196164085
0.19798684491243262
0.19923792554329103
0.19781471789333668
0.19998794515136328
0.19937930637103435
0.19890972175393276
0.19744423862226856
0.1987505741918543
0.198773604196056
0.1984092241137355
0.19751186899282264
0.19918249187959491
0.20152536050462702
0.19796257973406486
0.19683251048729922
0.19793178866467603
0.19978811922612652
0.19707599346792865
0.19806510160937274
0.1963175454097006
0.19738132043988268
0.1994069516805182
0.19726246334201325
0.19770491009909197
0.19903045501942862
0.198842246994205
0.19766185323267435
0.19716467064306445
0.19859305773822292
0.19877704973935073
0.19696595255699922
0.19559744088781014
0.19803512987242664
0.19842915747544426
0.1994012598265886
0.19685894931906422
0.19885942458930767
0.1970818671290881
0.19709053663976103
0.19673178507693048
0.19475634639886769
0.19913676772052658
0.19676945870516974
0.19662792086623782
0.19625787598113592
0.1964974633002476
0.19815273068286704
0.19552692627824816
0.1965225395051697
0.19754982812661215
0.19412334276951101
0.1973719424911591
0.19695843732549823
0.1954910769966288
0.19772570540941575
0.19574227065530392
0.19624177639247645
0.19506073229300916
0.19794190956753743
0.1971143415713505
0.19558189118600833
0.19709257834209207
0.1957572074888551
0.19576553954374598
0.1985579162707694
0.1941084917150483
0.19839485294941223
0.19466908885438577
0.198319198795681
0.19662619658386585
0.1944171493532904
0.1964287478015043
0.1962142690133299
0.19664312867017547
0.1966591094087859
0.19480811282677044
0.19704521304230682
0.19582214488444047
0.1953678942370502
0.19532083484379095
0.19520552548497663
0.2032761352577054
0.19356209237608235
0.19591773445678576
0.19506120683789757
0.19340779225903923
0.19791168161130712
0.19318137476766908
0.1952492844087028
0.19488432105099096
0.19508990532343592
0.19499671691071419
0.19767393734803854
0.19294740697380242
0.19436821510661687
0.19627704243530422
0.19657173857966748
0.19481231180101885
0.19594269021196875
0.19628392176042697
0.19482966275613173
0.1970795140789761
0.19366952954952524
0.1958228360305224
0.19502187930520493
0.19340747227709845
0.1953825014750355
0.19364075674737344
0.1931119911753299
0.19683701197809328
0.19406194682936875
0.19296113113752209
0.19551604551273288
0.19451710321752416
0.19363046841788248
0.200230939728191
0.19374662533176087
0.19365308116930013
0.19328857282122558
0.1946374984196823
0.19486392517219395
0.19401279147522932
0.1949911901125957
0.19446052593475224
0.19401187193382896
0.19277226505632158
0.19385484415934193
0.19299779475825368
0.1947183784135722
0.19524799010963004
0.19481379878307448
0.1930732130869196
0.1930892332789219
0.19411595495014555
0.1953992456841894
0.1915977363820394
0.19458121967731673
0.192841002816715
0.19340478071424616
0.1930243636660521
0.19523519378024837
0.1935871426036363
0.1928725612170751
0.1929755473696371
0.19285329162822237
0.1938665099509574
0.19326180927320288
0.19390892322448858
0.19234047416133632
0.19401434240716328
0.19318119481210444
0.19224923534911156
0.19128762168343547
0.1938201540758993
0.1929575785765922
0.19368092176316368
0.19112583298062705
0.1988806200096611
0.19601056797310548
0.1904784344956549
0.192617944428222
0.19246290786644532
0.1920139665727784
0.19389030236431015
0.19339990835217927
0.19260994088751554
0.19123205291630954
0.19267093793668097
0.19106981147558147
0.191639779608003
0.19186002103569033
0.19246110061077715
0.19392114652359033
0.19228387337083397
0.19294280695820176
0.19129709686133492
0.1929105092459409
0.19185037403159122
0.191595315133664
0.1911664825910308
0.19125328727794008
0.1934204872566959
0.19152243792455523
0.19211481781417397
0.19217213504061445
0.18956850488819948
0.1917799995759414
0.19163163230859168
0.1933022888440373
0.19016999397494413
0.19124615959600155
0.19064861269016833
0.19146961824148623
0.19256766975610692
0.19116462669487336
0.1922504221288512
0.19187904829260732
0.1899446698689457
0.19082337563030846
0.19090815613152146
0.19180640438965724
0.19093057711100817
0.191170088388251
0.19223565488103259
0.19292432020678485
0.18968851652284668
0.19169855888982493
0.1910987875312837
0.19063612972493166
0.1913577534107462
0.1895866273286355
0.190477315175427
0.19245312569359996
0.18956774441883453
0.1938485158185059
0.19174976932617444
0.18915129381292775
0.19301082385127336
0.18958512144140727
0.18786970785106144
0.1889797775209977
0.18989648379468807
0.1923424222516718
0.1901855879173836
0.1903491785936733
0.19213681412633268
0.18972842114782715
0.19021335445252105
0.1891295280830626
0.19025041584033595
0.19194021657843507
0.18751216179690128
0.18959637912116414
0.18852899444178017
0.18971796655811216
0.1912419050442057
0.18941498705115004
0.18862352746470123
0.18906055287004167
0.18860063846577793
0.18900356095333773
0.18966550989686867
0.18952192607568857
0.18932978671715295
0.18961703835422355
0.18967753326342393
0.19211597578147338
0.18917289829082076
0.19077391284906464
0.18829544793483333
0.19107511299836843
0.18878794117000725
0.18945627638049864
0.18850376805011296
0.18895765979230367
0.18883795588825714
0.18980590718040444
0.18793451278825193
0.18994193630289632
0.19149940676520946
0.18757704067457256
0.18892267005159966
0.18965948861488732
0.1905102213853666
0.1895033735928307
0.18758061789133854
0.18935781275851263
0.18891349908059063
0.18738185034269758
0.18863042159526278
0.18950721293241868
0.18742074467244016
0.18756504244246536
0.1921176096622099
0.19002891085623
0.18840313442569437
0.1893782444960441
0.1885339750265286
0.186475298887157
0.18821049364623776
0.18730922957922827
0.1878369351285324
0.18763003020632918
0.1881201414936453
0.19371201516215789
0.18678826040350702
0.1884985349175972
0.18666931095971143
0.18637934318341612
0.18817791660871477
0.18834295099828632
0.18704827394034654
0.18873909168269715
0.18935703448281188
0.18859098340663946
0.18810012439173504
0.18733489180339596
0.18693476825830907
0.19104887749504257
0.1859305626014529
0.18792268899275033
0.18684537148051314
0.19091844570202507
0.18582276124034208
0.18856778316776365
0.18753552302310497
0.18740827787246334
0.1886413530384651
0.1888805454024795
0.19077694803440298
0.18812908238412906
0.18545749133955033
0.1884311534672133
0.18486218462656495
0.18906642987923258
0.18731372595112658
0.18708205178488121
0.1852798088878267
0.1879238610143493
0.18676524474921816
0.1871527667166361
0.18544016678579953
0.1878822105108989
0.18533848599950808
0.18760430547008977
0.1863959809720737
0.18683708462179463
0.18696557745864523
0.1865569882943974
0.18877553646007897
0.18570306530940778
0.18800155535574548
0.18539082566490162
0.1856276717334265
0.18769184852462653
0.18643473201243269
0.1852838554247277
0.18842830581020703
0.18618837482168676
0.18613466736100426
0.18532785769673615
0.18571484594762397
0.19690336952123344
0.18486645208905927
0.18873194892054024
0.18457758703472896
0.1857983864502623
0.18576743336058837
0.18532725836926262
0.18697137401260192
0.18596597547285898
0.18626856539024553
0.1858397155232669
0.18664053851792628
0.18305674324796378
0.1860828482970469
0.18714492101934002
0.18633964597422092
0.18751958299072363
0.18565689223709245
0.1848938134977506
0.186564210109737
0.1850036685242393
0.18410555267438491
0.18362518629856506
0.18746648661278756
0.1866875106509338
0.18550348007812772
0.1839311186262511
0.18438516789258985
0.18336132625084114
0.1871297126140405
0.18538183415536078
0.18372315016294746
0.1836119566339112
0.18695650726642365
0.1842988010123147
0.18568826217554563
0.18494932353834395
0.18402760611574515
0.1845692160360272
0.18688508505035448
0.1844672512582885
0.18565693946004572
0.18533837431625091
0.18415893394018026
0.1844319986788153
0.18429989448693349
0.18505394306403225
0.18657919772345452
0.18396971613887197
0.18539809648560174
0.18339498020188283
0.18611554902451205
0.18438653631345284
0.18223425103666793
0.18437966323506083
0.18507643014940342
0.18497430322806666
0.18615889022894824
0.1847369840589353
0.18338071755465782
0.1844062906821701
0.18329382402554353
0.18467393454908648
0.18430201908823513
0.1825814687048942
0.1841706778277545
0.1851630692247486
0.1834946498049574
0.18375859558109325
0.18505179282939996
0.1840538282973293
0.18361721747524432
0.1830988297153922
0.18400107198952279
0.1846898149354372
0.18539665275880618
0.18262740449603768
0.18142309354588912
0.18372760093889168
0.18369175834826756
0.18423846181585682
0.18232209248042597
0.18339841339755195
0.18385112948519738
0.18231541016268596
0.1829114828068434
0.18383401243056666
0.18468680560471717
0.1826686883258533
0.18238467167941302
0.18320162492571118
0.1815856841793723
0.1869539970789947
0.18100805952244112
0.18566876761682846
0.1812917340497296
0.1836810756920687
0.18063591999038964
0.1843796952299891
0.1817717188794702
0.19070466280776327
0.18371733964928746
0.18157949125419
0.18056125158980094
0.18711557724099817
0.18176701736491188
0.18320807294149802
0.18239232015310636
0.18006425186768715
0.18652483324510155
0.18368526313571032
0.18128056749262303
0.1809952970680881
0.18271633764186102
0.1842016321978562
0.18071666976015793
0.18186255625759937
0.18195381797703733
0.18251517419917274
0.1827254317145673
0.18565625416513581
0.18125191579450106
0.18141441302826716
0.1822646971439499
0.18405987484439162
0.1823696763848181
0.18304213963701257
0.18179277049325757
0.18338318895312092
0.18030755687871003
0.18093114916883868
0.1836821067804626
0.18106784347806265
0.18238394181812778
0.17982340628616827
0.18142572494827328
0.1819355634492715
0.17994394205271874
0.18218954322981268
0.1810348382813151
0.18018825678830513
0.18378972579717204
0.1805104539521881
0.17985128742634818
0.18175542447378154
0.1787990248520513
0.18146104849210548
0.1813967720444394
0.18130302576048632
0.18320620842835447
0.1790726430333493
0.17866657074696263
0.1816961032528759
0.18102578005157727
0.17981829225314283
0.18094164836800408
0.17923242129507094
0.17977185736994789
0.1814040996842627
0.1837266998809223
0.18029443696569178
0.180049966865905
0.17916443926916248
0.17989154673826754
0.18007123975382786
0.1808361794727493
0.18096893715183449
0.17959144791788642
0.1811489408459636
0.18158599215490967
0.18027275511257332
0.18316273964286084
0.17947713004204444
0.18041370337110513
0.17919444501683782
0.18009466079047948
0.18034464090627852
0.18243601288198252
0.17935013469813127
0.17901857772632587
0.17847558976845881
0.17915126219833272
0.18010496569993345
0.18282957762500052
0.18162881150084942
0.17927372744565936
0.18200866982989472
0.17732097956373333
0.18174644090807315
0.1776191558240673
0.18004338936474817
0.17864491372676666
0.179590697115357
0.1796804107421561
0.17995033218799003
0.18116859792638232
0.17913033651974067
0.18398484417058283
0.17989488310566873
0.18193363220438794
0.18017333698967988
0.18057834507701548
0.1785336264207545
0.18061328033534887
0.17893421351588687
0.18003625810110296
0.17869089462793236
0.18168345647115156
0.17849340921993104
0.18158027376504357
0.17948632841499607
0.17711214959270072
0.18062559460676045
0.17999829570486908
0.17702924034039083
0.1803332326929237
0.17927396522909222
0.17811778785847804
0.18787079821132402
0.17837485886841084
0.17642331855909893
0.1793149128621568
0.17712821680241622
0.178279443294882
0.17874754144232427
0.17853879534099995
0.17931881307105127
0.17978192797041034
0.18108233612170388
0.1762745519525663
0.1807563079097629
0.179256582085354
0.17765673296863918
0.18006266366595802
0.1793045809446297
0.17586795655174908
0.17814361674884535
0.1808104300336572
0.17853769854537718
0.17911617652577277
0.17935266153506277
0.17915616418598748
0.17752444895576716
0.17876147681877058
0.17725355558867648
0.17875456418718202
0.17887934463429733
0.1757153504944216
0.17771139055796806
0.17937189587273666
0.1777613866286512
0.17891037464535997
0.1779780104221999
0.1778655651001825
0.17930652014376255
0.17923737614006796
0.17491533443108742
0.17819198887702867
0.1787404468274048
0.17840005396758324
0.17500845249348118
0.17945739446250675
0.17908028151700328
0.17642927964295665
0.17646506340625812
0.17677306889177963
0.17692399336905765
0.17826759721070276
0.17754110907251747
0.17518342458536035
0.1766474720410453
0.17904688815328382
0.17653429199814202
0.18075317629706453
0.17440578146886077
0.17919974839720232
0.17729914216651269
0.1751271603581695
0.17598725903155382
0.17449632635117118
0.17638375496822878
0.18212265113060067
0.1735449767983468
0.17461097227497321
0.1768978492727339
0.17801718582301215
0.17695211959741514
0.17527314918081952
0.17779587780743694
0.17638308093280608
0.17642544601968474
0.17619026071778268
0.17606389731846686
0.17921972842582984
0.17511847511523976
0.17532438877069065
0.1779571492405115
0.17800715394169453
0.17845413787853526
0.17466917010012928
0.1786225869065824
0.17638536498058663
0.1756038853477466
0.17733987234926984
0.1761081888213159
0.17595978415888727
0.17672600448604542
0.17656050177016255
0.1754998375229231
0.1781940732822453
0.1748121629256255
0.1753656245025377
0.17714015094387686
0.17655666375323284
0.17591489177758038
0.1769503643657413
0.17438924153804997
0.17337674230445252
0.1767408254690369
0.17646261513066516
0.17385969264939555
0.1755810560030185
0.1784064136513091
0.17674917885481842
0.17664500167694713
0.17428559617127012
0.17665587211626851
0.17789921349594695
0.17575454524298173
0.176369093627384
0.1767503616367405
0.17526600539443302
0.17640652892291275
0.17562684666268535
0.1738890401440185
0.17429434679991407
0.17471220838683044
0.1754569615949139
0.17805852127309885
0.17382000277478793
0.17561530249256374
0.17401821266166065
0.17763092544182071
0.17314723892500028
0.1762453384005984
0.17253667236775377
0.17791586623447153
0.175520057022513
0.17335537845322901
0.17628036719660176
0.173493678964215
0.17641527522377842
0.17387499656368322
0.17368117961728496
0.17774542580058003
0.1760038152774019
0.1739566127218964
0.17240802686720041
0.17336220684897113
0.17452851041110892
0.17400833857589218
0.1726275267098617
0.1740524874858788
0.174147894109927
0.17478408129939849
0.1770559898898582
0.17186578695336863
0.174244412388951
0.17433316394249754
0.17446234518945883
0.17265737623521357
0.1743876471701095
0.17519867402459738
0.17524658908060736
0.17380874890140388
0.1748887572911632
0.1744850527195591
0.17212570069173064
0.17440247423541444
0.1747733043386244
0.1733056890455603
0.1738125020305895
0.17451851261709844
0.1734152609463263
0.17456163298462526
0.17394394429691673
0.17397980873322086
0.1738149295076773
0.1726158143999787
0.17289306959159845
0.17353270576417698
0.17507006980573359
0.17257438796575766
0.1733737811130869
0.17285077709551483
0.17639706429024254
0.17557748185162136
0.1724492318898962
0.17173073599492272
0.17248799770754034
0.17303481807384952
0.17278486482845226
0.1737420426559451
0.1737347683906465
0.17396330546042651
0.17296580418870033
0.17210224343006564
0.17356067879447554
0.17165951294533935
0.17304340960793513
0.17281120343014436
0.17405208266264743
0.17232175238803255
0.17109925798821785
0.17163518062615912
0.17354535242315142
0.1735886888321773
0.17396802780642978
0.17117364423691847
0.17351774058778835
0.17275735230028558
0.17209142969218516
0.1718434913826041
0.1726402543325252
0.17095886580133643
0.1730439119596156
0.17186762051355034
0.17284432200077549
0.17183188711458586
0.17244586384007224
0.17254894097733167
0.17077431562857787
0.17103408222247765
0.17492407133708177
0.17130951954450507
0.1703447184971384
0.17166342612067653
0.17340969290142877
0.1713917088720772
0.1720440075158433
0.17117690865768
0.1706654498665543
0.17306543781029055
0.17186854965703285
0.1703089039779506
0.17682987556791668
0.17270093976476084
0.17002607991822072
0.17198471819301742
0.17132503506384042
0.1725639007366775
0.17049414575372474
0.1698240750534584
0.17268112199853974
0.17183935189419206
0.16944272786535394
0.17389337982708744
0.17267725203848447
0.1702755968477194
0.1716009952007436
0.17018751043543678
0.16997396000638432
0.17185825293184345
0.17036097999008995
0.17118292407413097
0.1729959440597771
0.17375040506806672
0.1695174049341684
0.17339951964320463
0.16945656782022914
0.17119240816378517
0.1718737414194566
0.16933453623081549
0.17273265411435404
0.17041719661509797
0.1710186972808737
0.17066413169262756
0.1721144513955662
0.17329270919016873
0.16815676124025464
0.17231271936002998
0.17105321998245104
0.17185711683682925
0.17269616597810672
0.16918998862252974
0.1693531980894578
0.1706032621845414
0.16862859182395357
0.17256281973468646
0.16752700247782695
0.1738981310122769
0.1707708169231777
0.17052643826882272
0.16941919134273234
0.16942505396681837
0.16919815117051823
0.17110617087924224
0.17099256502766222
0.1704316634895672
0.1683638563617262
0.1704617609447848
0.1701123898785827
0.16893150620252578
0.16847510976117766
0.17155488547863396
0.16763741736488355
0.17001150727627895
0.17240162544400672
0.1691733776977986
0.1691218383003256
0.16880622300957898
0.16980681053622926
0.1701766337930228
0.1706860879348296
0.16801797294259485
0.17059905141560494
0.17089129139544237
0.1671884237465414
0.17027375419165808
0.16854025507931392
0.17327596938649717
0.16856070185004718
0.16831896278642325
0.16904719912124958
0.1702761191259867
0.168167825753349
0.1693636562812909
0.1680239480602
0.167844890391605
0.16792951783468268
0.17093970642020834
0.1690117940999243
0.1715593090902523
0.16769087953468223
0.16802598186937515
0.1685292801536516
0.1708134707779102
0.17156808509771795
0.1682291128683921
0.16759424828141567
0.1699178021951852
0.16867707240757868
0.16874274317436416
0.16936186048570467
0.16849765612193673
0.16954635182213143
0.16923427504871352
0.16882964470953046
0.1704180614044158
0.1672647615214483
0.16793921525717376
0.16871179522779808
0.16841234980678094
0.1677327674538789
0.1696399366325432
0.168071035968597
0.1675127490557068
0.16762033883119598
0.16914904566240715
0.1664550764449031
0.1712694855093249
0.16673293216277854
0.16840771238483992
0.16756309179573387
0.167638086694706
0.16897691216797286
0.1719771167961599
0.16921693561463522
0.16693118031664855
0.16926141388792018
0.16732766337190477
0.16924014408014684
0.16763669757190483
0.16643409209186266
0.16846641332379564
0.16978713076284657
0.16665138798893092
0.16777227523824215
0.1679230682543978
0.17045661374169796
0.1668960420975626
0.16787269006386407
0.16785846562423218
0.1685625592681907
0.16713370764155072
0.16676298167585804
0.16713465985976061
0.1678851020726248
0.1674962863342965
0.16752757791974812
0.16672170591304708
0.16787448245680078
0.16976629997329942
0.16993761077937652
0.16523892108937716
0.16669264050063193
0.16868008000938337
0.16519138087296661
0.16607460884451686
0.16680500514978744
0.16645451916151982
0.16866386542490885
0.16565632356833013
0.16722092040540806
0.16545478890547496
0.16635621183336755
0.16816132269718626
0.16835288581817873
0.1663277587110679
0.16597495737365653
0.165577342530753
0.1665394197757544
0.16799584496878944
0.1666810379297154
0.1656471280045492
0.16645820785939983
0.16721876501330954
0.16863444749155546
0.17026883837605908
0.16503299941070054
0.16786083096819632
0.1652763179208331
0.16690156778811668
0.16835859321728416
0.16678398149031717
0.16772256457745724
0.16588810028929485
0.1663253624137196
0.16858370107189813
0.16454553775525366
0.16400974614944358
0.17068329096705334
0.16434940766428283
0.1653732483510599
0.16829178386402768
0.1640243259317128
0.1667163303969912
0.16496339627961654
0.1674587699554257
0.164794203756037
0.1660767893631804
0.16520897832393935
0.16608054391102822
0.16844290801483863
0.16377720139479263
0.16429917562748458
0.16851261550726138
0.16466552865305215
0.16660103978118448
0.1646236882862064
0.17042042443443184
0.16619808308131534
0.16447436423497017
0.16571701171063563
0.1668200475628856
0.1649160420757458
0.1660433160980089
0.16418060326713396
0.1664827697073642
0.16591138209181386
0.16662683794241143
0.1676976097682367
0.1665641463675875
0.1637537660214604
0.1647752493297841
0.16597414684865935
0.1638415543425281
0.1641604038779742
0.16748740754913463
0.16528535177345594
0.1645336830971634
0.16583069035965844
0.1655916617333015
0.16496057976757997
0.1660562758622556
0.16511864714637542
0.16544665266453382
0.16560033820411854
0.16423679132689073
0.16435198329260714
0.16556834982440075
0.1665935440978853
0.16470920242044845
0.16322574138606447
0.16623429399931933
0.1630892359990595
0.16291097093805976
0.16533876706405734
0.16595669060398205
0.1626146316000158
0.16543200180332032
0.165347809782263
0.16634230958038834
0.16484544042553054
0.1619928786024325
0.16625356524980017
0.1636716875128286
0.1645682026824138
0.1643676990203947
0.1645278529276139
0.16544274329810327
0.16489830659983956
0.1670956716697073
0.16314536972791227
0.16302043767285587
0.1629998722995441
0.1653267344890079
0.16381984556762744
0.16406821745685432
0.16511788475467962
0.16621119921020217
0.16674162036747173
0.16321071726523403
0.16337780691874737
0.16435339279526884
0.16462259835134538
0.16479880346419987
0.16451550229591066
0.1645836149333349
0.16611269989333588
0.16531042982610178
0.16172647198418352
0.16499978476786759
0.16550149746152473
0.1612592766291159
0.16525829385176635
0.1627162070455032
0.1627969537428642
0.16620270007637925
0.16431343434840223
0.16200070894360452
0.16439637951547237
0.16512602640646978
0.16206325019598278
0.16888219029884763
0.1624980979354685
0.16259247822007963
0.1625554775537646
0.1643925256578943
0.1643123788316537
0.16394225884754854
0.16217310535310436
0.16360083181566437
0.16258994470200666
0.1630060803584367
0.16243387125134062
0.1640281260921254
0.16385141742134754
0.16566350593478243
0.16022393808440005
0.16410777785411576
0.16358349390920282
0.16247621885790267
0.16154459006904187
0.1609955797379582
0.1633125361965343
0.16632164372277627
0.16035721256671318
0.16291608218288897
0.16299199084430357
0.16322939191407726
0.16351876487789907
0.1614892546717019
0.16278447502291565
0.16158880321354016
0.16346928218724216
0.16185268762317614
0.16328473646824948
0.16316668592332023
0.1627953118816955
0.15962730624466379
0.16369707840342781
0.16174954897527016
0.1623659592373533
0.1631832743494883
0.16245390727278183
0.1604182298729892
0.1626431880712491
0.16176038228500153
0.162219260882602
0.16092871524170582
0.16158343351670196
0.16168715781053616
0.16393555667895504
0.16077444289767037
0.16257187843653842
0.161867927012125
0.16593255262265597
0.16007942422191773
0.1615879346233395
0.1619706671612344
0.16013670234759073
0.16141990926218058
0.1617366324740258
0.16277310695440622
0.16266110871818273
0.16094117959850932
0.16091341565829334
0.16309407285128594
0.1597501218051198
0.16083760273911987
0.16350430214074874
0.16259060604069855
0.1631273255399693
0.1605750592870293
0.1631465777315587
0.15931409447056386
0.16028284174677304
0.16211942125150108
0.16271977338144847
0.15997193525111733
0.16223571197571235
0.15929445510188472
0.16014554638453865
0.1647902558730271
0.16031930866981198
0.16235979822517216
0.160942671190302
0.16122737501611642
0.1599722238980513
0.16182505917716253
0.15903349067371658
0.1617639910203361
0.16208439283444576
0.1602591022155377
0.16297099692831457
0.16195534242310325
0.15889753733830303
0.15943522255264106
0.1607628786145848
0.1590293857289823
0.16090969300542832
0.16021702922441453
0.16246105814994535
0.16038166392907643
0.1611222973095643
0.15799677754924638
0.15994435541800245
0.16236571802114652
0.15803483497810875
0.16221567554294639
0.17601942178312388
0.16021453005012842
0.15881568199516857
0.16135634230579302
0.16013975970350214
0.15943259161366588
0.16002318477964741
0.162394450454913
0.16185004530562383
0.15777677813423246
0.16021129523517683
0.15926347345118258
0.15959578784218703
0.15988060022887865
0.16135691766635016
0.1600822269927233
0.1598540162875969
0.15856107461174437
0.16217489076267022
0.15879502582649263
0.1601703704994717
0.1588248384276353
0.15852862326574693
0.15986429134545962
0.16194650910959715
0.15856129167479843
0.15881710705750518
0.1601190519532664
0.1599476833212918
0.16074398044466368
0.15880108261683634
0.15933915037727106
0.15921845992924613
0.15932202799371845
0.15955438032890462
0.16215983995274746
0.15872732425917124
0.1600738048948744
0.15810483316986618
0.18560102955379637
0.15980443724306095
0.15642765770016515
0.1595125672111272
0.1597590210803637
0.15931576883708642
0.1578644591106604
0.1614691286857106
0.16015223488707137
0.15846681855326156
0.15802282595302022
0.16125646369259222
0.15808767837302212
0.15796016600937948
0.1562505507190794
0.1608612707567186
0.15886722326485897
0.1564256220348202
0.16040819734019626
0.1597954950792582
0.15894017447441583
0.1578622196346044
0.1591159494204093
0.15973339288832197
0.15723738309892374
0.1583673222189794
0.15765599827839574
0.1640808299665836
0.15717724879118
0.15762952587735066
0.15994405531478728
0.1564907235078775
0.15947129846547145
0.15705516036659561
0.16069180708088007
0.15776379337982516
0.15984824096036235
0.1574053282048097
0.15807710857859203
0.15892070584914714
0.15908667779591795
0.1583222796968179
0.15531562901712379
0.15936647848723887
0.1588366029704127
0.1554624685224263
0.1628354980926758
0.15657557311896889
0.15855235501813017
0.15674429652483812
0.1563553134150614
0.15810919167899595
0.1568050275595032
0.15723889327451515
0.15665634888524985
0.15805241633026423
0.15736211515048648
0.15738705260382949
0.15970344923576285
0.15650342368439712
0.158083550747993
0.1588458018799728
0.15702027809595578
0.15789073801029613
0.15573189166760773
0.1596582893359879
0.15629693122632451
0.15855810182684854
0.15965323098608605
0.15745210024148695
0.15712305120932346
0.1581393349915743
0.16037077024497964
0.1556961234893195
0.1579215085156996
0.15739070130241845
0.15815103813265974
0.15599109629166855
0.15606837439493804
0.16032594003902687
0.15529959062801307
0.15936404468374554
0.15727461676508583
0.15688764446774248
0.15730448983758327
0.15885824114850022
0.15665570677380825
0.1594141637211037
0.15498252337440363
0.1577802440528831
0.1580919562256191
0.15454256477818668
0.15679186017690575
0.1568085591822858
0.15621386315874045
0.1570803712228
0.1580458677778113
0.1578050768763016
0.15779674733890967
0.15532495048541256
0.15637963880450345
0.15670265986537954
0.1561686917252618
0.15743563621797055
0.1547947711136165
0.15556963964279835
0.15642599077465097
0.15676381035303605
0.15703056336908705
0.15635641477664228
0.15562412777111528
0.15655882266871496
0.1576659411243743
0.1552072492312131
0.15877631627825037
0.1596212970096271
0.17374014829515178
0.15606245950952244
0.1543583216983487
0.15766330296567843
0.1544283950710365
0.15761753334720116
0.15642413529344304
0.15583634118075418
0.15463576338759555
0.15808742053518487
0.16320636340230027
0.15273704462793927
0.15634503615375364
0.15466601551457465
0.15511344704397492
0.15779171340187792
0.15612242773905546
0.15375089478772472
0.15671127660936499
0.1580981522586823
0.15564534178413586
0.15701547131266674
0.15593566354240282
0.15869978403147791
0.15692528810671913
0.15389196279525144
0.15492283645566854
0.15527485421281015
0.15689302709442365
0.15694931206015247
0.15510072278876888
0.15548603766020094
0.15530804130068543
0.15471053458812187
0.15679499572534294
0.15428301996265412
0.15479512346521057
0.15474449788550187
0.15468885407455382
0.15594977325086393
0.15263185681952018
0.15494402624613762
0.15604903266518552
0.15636639389408777
0.15372471475552546
0.1544859291616255
0.15486191626482765
0.15529913622030073
0.154119202663881
0.1548788609068183
0.15528171372396068
0.16085098574682394
0.15407220796741627
0.1544664415937399
0.1548703558643899
0.15562313678815168
0.15490580729024198
0.15576492294110583
0.1535049467225094
0.15318014564560198
0.15363549303653073
0.1591531286875356
0.15404389970603669
0.1533810079470502
0.15393766822369978
0.1535177481225033
0.15469734336361018
0.15741194348316076
0.15416017608427665
0.15359138454257948
0.1539769973518595
0.15720577236347152
0.15246425238561825
0.15543274205919028
0.15532622323427778
0.1531831565844582
0.15434729446574794
0.15606501093753664
0.1558437593179353
0.15337794868950083
0.15529031211402192
0.1550145598754575
0.15344289213558604
0.15503600838975903
0.15393037250729452
0.15278243774603353
0.1530084173115389
0.15450718765177437
0.15505272002739803
0.15274615099646846
0.1562064132701601
0.15492264352183668
0.15468316108124622
0.1516656965685123
0.15271097656503824
0.15317339155732337
0.15606786689339283
0.15237094683078836
0.15524697454478434
0.1528063390171437
0.1539907789487333
0.15668288064656605
0.15212101223591395
0.1520514191100723
0.1530096712494055
0.15318443798972461
0.15337332676417062
0.15302811211713802
0.1545523422868177
0.15298655647964654
0.1523617189804778
0.155657718816075
0.15542919188963097
0.15157602399423215
0.15295593615958045
0.15486377971291884
0.15374808470119453
0.1540268343617687
0.15099663639265454
0.1564727768255792
0.15036670116824802
0.15345654130756783
0.15571076224333952
0.149445900247019
0.15138831048890805
0.15531921508652186
0.1554213825409428
0.1526966983342077
0.15383698065939613
0.15218058363968076
0.1534344591757794
0.15419253712731718
0.15483237349173729
0.15232704915872075
0.15098144202814082
0.15160485459384626
0.15452286528430184
0.1511475546702184
0.1529024630574399
0.15391101869850216
0.1529108243949369
0.15404554424489855
0.15061651167663617
0.15330540791208525
0.15247442823791924
0.15234742874218807
0.153449854930213
0.15086518890987924
0.15528126549210225
0.1514442748381129
0.15288419765166875
0.15316419586642874
0.1543057144792951
0.15193911962421722
0.150848212502131
0.15812664271693816
0.15206622794898905
0.15179805288768677
0.15173305007218052
0.15127212403763307
0.15503362096432807
0.1535603874971124
0.1541192088191124
0.15260291763861747
0.15073997135025796
0.15357905411484687
0.15235268595733173
0.15496365998634007
0.15348728074655027
0.1518144077703609
0.15116696114406358
0.15148129416663456
0.15188831004101283
0.15470087240329586
0.15293148764608452
0.15572880238138068
0.15272476643936522
0.151349621298447
0.1510655180264789
0.1518861829968194
0.1549208634324651
0.15237425094833001
0.15345100599254943
0.15023867432306776
0.1508660357458992
0.15212262449915573
0.15471079707215513
0.14900903542486088
0.15231814776477431
0.14999869105770977
0.15438624494680922
0.15143221606497068
0.15083372454522706
0.1518500148419498
0.15083303660190378
0.15390202341313522
0.1497620840668408
0.15015301216047983
0.1509082262790531
0.15580244666075801
0.1503087021694817
0.15153975652343848
0.1512339982998635
0.15355069704518226
0.14837184729631156
0.1535757425654468
0.15142550678392186
0.1510267010546473
0.15373399947092
0.1492905016927141
0.15198582748177505
0.14891563131678917
0.1516997394007839
0.15217536467576834
0.15034056896402387
0.15095322155123386
0.15121347873168745
0.1522867395591831
0.15371176232994865
0.15289520872323273
0.14836272603309653
0.15140538592879157
0.149697562746091
0.15343087920615
0.15125061679299823
0.1517034440696636
0.15193228263682726
0.15172262068391928
0.15030630683456575
0.15003033609331068
0.1502542090346021
0.15112556664367738
0.15237632590180494
0.15014654449373033
0.15202609156658187
0.15032118992027493
0.15110286125100186
0.15294861868969833
0.15035908406911735
0.15208079100630392
0.14935808373753662
0.1497068823772137
0.15234862634897495
0.14899479143519717
0.1517891391998882
0.1567124913963506
0.149901166522229
0.15195832457933958
0.15004487399646996
0.1502327759152767
0.14926154933365327
0.1521445046695053
0.14962093868465168
0.15079145835647237
0.14782166309618677
0.14933887721341163
0.15192144015520145
0.15100132016872733
0.15019357295429836
0.15097526262543573
0.15309389131008552
0.1514285946272746
0.1501674269750588
0.14746230170232083
0.15111366182367486
0.15077909671486397
0.1495122519981098
0.15165313745611217
0.1497025338385565
0.14926856175513248
0.15184088467514456
0.1472282026603845
0.1487142934755027
0.15025638181157636
0.15117558719845942
0.15065159008274037
0.15040089322441003
0.14869906325028373
0.15080449527507916
0.14905206746103056
0.14937198751109418
0.15106770509016107
0.15048711086446565
0.1521745803174726
0.1483087789888371
0.14901400956960378
0.14851300231324105
0.14899261499613753
0.14996961563934844
0.15152852495252736
0.14826754680040777
0.14867741570181855
0.14977747336859976
0.14637712936354588
0.1525220505982196
0.1485045174986435
0.1476807755079152
0.14918385118194274
0.14809101467698468
0.150896574092405
0.14847680124028517
0.14901816282768204
0.15103138722096454
0.14976941726250437
0.14907537491546163
0.1486894896019142
0.14924679620474682
0.14838018169640108
0.14879290315805693
0.1485614293883301
0.14848497228363602
0.14933953468576344
0.15163454021909414
0.14554216574591458
0.15629229945284928
0.14609995716563376
0.1482254114270012
0.14929326745527183
0.14927851126958339
0.14870031495964856
0.14859632252430613
0.14928651848405897
0.14810246634172494
0.14807133837191988
0.1471141436587858
0.1482499696223117
0.1480028627506776
0.14835669194768208
0.1485492908204382
0.14697322218753217
0.1516579780482688
0.14810181235187342
0.14840181966164703
0.145650379250486
0.14900920668531303
0.14636340934530964
0.15212591845562462
0.14663986527353093
0.1470848875953067
0.14992317072754363
0.1446828842681113
0.14775898581440533
0.14816004217758846
0.14952366466931277
0.14685121107060448
0.14693228856146903
0.14826636987219158
0.14787977258843724
0.14721370621459354
0.1473162099018022
0.14877428589197284
0.14688921163191945
0.15063099524635762
0.14810101938165923
0.1493040510147676
0.1477908744772912
0.1481619778611757
0.14924440129255784
0.14604793231711333
0.14682872478169995
0.14734414594130818
0.14625103578439935
0.14884048720166884
0.14904182974841476
0.150389359034474
0.14963776748706253
0.14573073471226858
0.14709857400583312
0.1482310514148784
0.14847918576701682
0.14624289460742043
0.14693316271609685
0.14767977110129368
0.14773997547219822
0.14769366454274507
0.14952141018553403
0.14710214026125898
0.14823727859094055
0.14887944151824195
0.14635960480221913
0.14829890701402892
0.14551266501832216
0.14592647965588668
0.14687520327010478
0.1484865932517033
0.14812120515599783
0.14525001729262668
0.14514069430960258
0.14852687312254037
0.14859516163691067
0.14647932667138805
0.14682113292674617
0.1444131056276998
0.14667100167313551
0.14783823804787957
0.14980918918288635
0.147778569852163
0.14746209170146785
0.14820930230945908
0.14671878380354092
0.1471418522004412
0.14351331711546297
0.1475264131972181
0.14921949230001602
0.14368213879740138
0.1439164541978468
0.14806915541008303
0.14541376606384437
0.1480546368366533
0.145545479464553
0.14547171197356398
0.14937022294395322
0.14482998146147363
0.14718315809483143
0.1472372559711175
0.1435511117776295
0.14729992423444185
0.14460096424197758
0.1477362440911402
0.1468897983809075
0.14493795118757502
0.1453683993794889
0.14663499498969573
0.14650789775957151
0.1471113855806951
0.1476442149892098
0.1449442378700257
0.14675555317583827
0.14867907123432686
0.14563333717780977
0.14637754169873277
0.14527172958247472
0.14549498535138627
0.1455762211994652
0.14619091320377486
0.14778406381102543
0.14461541267932856
0.14610777197077987
0.14467359510979005
0.14397978428312033
0.1525126842963774
0.14199249620508275
0.14551499710241478
0.14413662946094932
0.14656985051166424
0.14657406809378276
0.14471170835494274
0.14752481035897205
0.1453229475230375
0.15137140874096622
0.1422795824472316
0.14513092132638847
0.14377648886921
0.14782774301657978
0.14521803108844658
0.14756999961666406
0.14332541034212326
0.1452969195264332
0.14422781948403351
0.14672608451172822
0.14368533987964097
0.14609174822043838
0.14712642848535587
0.14857734961124383
0.14324764182150337
0.14362487537602522
0.14860512021908756
0.14560800865788054
0.1455614882844535
0.14722495203153055
0.14637909319641423
0.14563591888471716
0.14349905096142
0.14810390317147573
0.14677089641936025
0.14273371785978237
0.1458664273957473
0.14363325884798822
0.14558608956145688
0.14278615166758613
0.14386885003493638
0.14567551491590625
0.14651709763437934
0.144084774868359
0.14149773235183927
0.14731116878629483
0.14501214421020894
0.14510113976900313
0.14787323195757535
0.14283590518560896
0.14393699682174654
0.14381327016893977
0.14570779976913054
0.14523843517628338
0.1444668131339912
0.14269896294215542
0.14798371058335796
0.1419559819167739
0.1459968800984769
0.145242018747327
0.14297303945071627
0.14572049558845135
0.14595330960794095
0.14218700779579407
0.14281546482405294
0.14777172363600824
0.1438244571889601
0.14594457604174313
0.15827993183884378
0.14272058156838116
0.14313869417404043
0.14488665401899542
0.1420102478555396
0.14493768323582237
0.14625421371955669
0.14465490388520683
0.14294943527939044
0.1438630150421044
0.1456527780029729
0.1453980631960788
0.14598803330120488
0.1412305951804292
0.14631403253741446
0.14356892972006638
0.14427647813861827
0.14338600147914474
0.1440976900766472
0.14309858782734933
0.1440004608948617
0.14347812821418543
0.1433405505568313
0.1444218721141658
0.1421762419665489
0.14508943230168783
0.1446668465549696
0.1434136861890212
0.14272520232561664
0.1446372126975179
0.14318903472399544
0.14461108650634924
0.14330827770487237
0.1475689768106502
0.14101127760136836
0.14441683484261636
0.14196301810246326
0.1435551409723075
0.14454551361908882
0.14167430451657273
0.14371340678404554
0.14254240118988543
0.1439185376851138
0.14232996069379106
0.1433779676257607
0.1457643618715979
0.1420996352259358
0.14953755072944155
0.1406663596008464
0.14562310766297232
0.14150250193402802
0.1417130380654944
0.14460688036164898
0.1416615070679429
0.14622023500805606
0.1415120189555638
0.14315026437811904
0.1460858725268673
0.14436078686723228
0.14240729161273538
0.1431692803769565
0.14266345470337402
0.14300417232224685
0.14407164165334177
0.14166800584081007
0.14502633500595363
0.14430926364768823
0.14254213815432226
0.14122487607039286
0.14301604753193484
0.1423955570907527
0.14382620735044402
0.14345229188460454
0.14356007763427292
0.14075288973678862
0.14211933950791103
0.1407133849369229
0.1426220025889465
0.14291632633336437
0.14195810050600544
0.1438311977005657
0.14199958881278812
0.1421965721365686
0.14096069929444488
0.14572423269293422
0.14061668162552826
0.14122966253322558
0.14176808877627364
0.14387713696417975
0.14092672811151047
0.14082467702961782
0.1416472107115142
0.1435813736735011
0.1412409983705977
0.1432165765229437
0.14315461985397512
0.14246898603106442
0.14180580866038844
0.1430248151141407
0.1414557003338417
0.14364391871367074
0.14284014617959476
0.1453320724066705
0.14129937291561998
0.14029066907264465
0.14372206313542327
0.1412852865394921
0.14227915586996034
0.14231515867537634
0.14294062964359192
0.14055700294511278
0.14293569354892247
0.14386271889574326
0.14073166674894913
0.14477326639863453
0.14201882537459998
0.1399109799182887
0.14215956543425284
0.1406532739961414
0.1422261677945918
0.14265322595910185
0.14360902739064868
0.14313660856694468
0.14165479768399247
0.14200817269246074
0.13978438847895347
0.1422269498697677
0.1424689476717232
0.14292743991924722
0.14086150391558871
0.140451493236082
0.14067539468772502
0.14923671079842327
0.14037514624733166
0.14087786443954944
0.14073470023352577
0.14040352450542945
0.1405557878699746
0.142377264861174
0.14063386806622463
0.14316830608009518
0.1425957542004012
0.14281178593265056
0.14433272693535942
0.13980015686334774
0.14255296399728468
0.1417775305129921
0.13930776072418297
0.1422030896960815
0.14063718981625334
0.13984645986388985
0.14221976684944698
0.13899505418286678
0.1592994370427942
0.14003056412880302
0.1411559842645158
0.14078089146071904
0.143804757905383
0.14079896470350511
0.13916017582522933
0.14198704765804962
0.14225885654521483
0.13874361855754946
0.14127674506371335
0.14320692435265073
0.13860660335983735
0.1404015126935417
0.14248640158626408
0.14227809245977438
0.14182655072118974
0.14093319393307008
0.13946348410370019
0.14397236762316099
0.1383810790021709
0.14184936826954064
0.14307011700912894
0.13909149278918712
0.1440054839871094
0.1388621428027578
0.14037837483075546
0.14002979199256763
0.1443564096967405
0.1372973938318287
0.13932708893779286
0.1403087022299895
0.14287229996887424
0.13804930722086994
0.14296212530933644
0.13909854289896542
0.14280149928604374
0.1408383177290417
0.1387337272758162
0.14495648119087357
0.13774553953924473
0.14187211098071714
0.13824137505098835
0.14159676772536667
0.13987137290914886
0.13787009469096909
0.14027644698116748
0.13956345724783153
0.14272046786256612
0.1382489919362921
0.14131644046319222
0.13895792376273677
0.1416245473378722
0.14046547476353152
0.1395805988296362
0.13915738044447404
0.13871473458819678
0.1395193262767844
0.1414201320695185
0.14071621564177497
0.14028610525700064
0.14014788208273998
0.1396482862726962
0.14206783457641167
0.13942545850140728
0.13739513255742478
0.14069066758422707
0.14073830065593357
0.14079702030861707
0.13884437746033884
0.14109183527459418
0.13882169699180363
0.1392406736761827
0.13946928215937232
0.13914771799415918
0.14042444631148765
0.1385795443547955
0.1416769895334914
0.1429150443776238
0.1388826271411518
0.1378832491329548
0.14053031033779997
0.13935453096585418
0.14018395044539628
0.1385348960467273
0.13867411827623502
0.13817966647419128
0.13987311811728048
0.14184478833030417
0.13783697809707576
0.1389794162486327
0.14162245506005183
0.13732281207650937
0.14037778326693107
0.13883391569608974
0.13855670372608647
0.1396398097820053
0.13912779565882546
0.1384976712895046
0.14186426175914776
0.1379993768154667
0.1389506265475722
0.14072791104370497
0.14054584414447616
0.14075354272792479
0.13849448757961239
0.13877623332799507
0.13782438973782465
0.14031335060961067
0.13774809702507873
0.14190149212091657
0.13530469545207696
0.13763000495296013
0.14357417028627056
0.1418276898607391
0.13882399339903428
0.13730016201109532
0.1398222098217662
0.1411384529746087
0.13847997507976847
0.14041679169466897
0.1415270733666193
0.1374323088908005
0.13902043468786793
0.13788959627634337
0.1402001583846252
0.1398040940247458
0.13803753818012549
0.1382623438449169
0.13884494477887768
0.1388224979477992
0.13825021439655363
0.13856809890374064
0.13775198670394692
0.13876388265420214
0.1396424518306903
0.1372537065534982
0.13839512345709915
0.1385394017874548
0.14552389236140045
0.13538286448307132
0.13897339523428692
0.1379748864873327
0.13777548637865572
0.1392997020732796
0.138808660845029
0.13994694113429576
0.1369111026143019
0.13864174764181073
0.1379946857457699
0.14050310932718074
0.13800315133339872
0.14227412930158212
0.13534816493423252
0.14189100595351034
0.13609855814328464
0.13813408645460587
0.13630682738492786
0.1404568351565341
0.1347962655771767
0.13623674916207087
0.13905859998573167
0.1603921029749529
0.13766322531393912
0.1366081369521058
0.13670576900551196
0.13925762152599966
0.1370810430206667
0.1376092688467955
0.13714807018121883
0.14187775751769524
0.13920539958296094
0.1366336611668245
0.13782654172079828
0.13894793770260244
0.13979320276861937
0.1390333620534631
0.14056825924083644
0.13660455152489237
0.13616837069117424
0.13512137729140786
0.13916805594106021
0.13591039976532465
0.13777034342874003