0.4845238095238095
0.6039682539682539
0.6255857898715041
0.6382086167800454
0.6480914588057445
0.6589380196523054
0.6715797430083145
0.6801587301587302
0.6862433862433862
0.6915721844293273
0.6941421012849585
0.6967309145880575
0.7016061980347694
0.7034580498866213
0.7047808012093726
0.7063681027966743
0.7089380196523054
0.711432350718065
0.7129062736205594
0.715098261526833
0.715854119425548
0.7169879062736205
0.7176681783824641
0.719198790627362
0.7223733938019652
0.7234693877551021
0.7260204081632653
0.7272108843537415
0.727588813303099
0.7303287981859411
0.7306689342403628
0.7334656084656085
0.7356953892668179
0.735827664399093
0.736904761904762
0.7384353741496599
0.7404950869236584
0.7412131519274376
0.7427059712773999
0.7441232048374905
0.7444822373393802
0.7459561602418745
0.7471844293272865
0.7476190476190476
0.7498866213151928
0.7502078609221466
0.7489795918367347
0.7526832955404384
0.7526077097505669
0.7539871504157218
0.7543461829176115
0.7559145880574452
0.7563681027966742
0.75791761148904
0.7599962207105064
0.7605442176870748
0.7611866969009826
0.7624716553287982
0.7611866969009826
0.7636810279667422
0.7639077853363567
0.765551776266062
0.7650604686318973
0.7661186696900982
0.7668178382464097
0.7686696900982616
0.7686130007558579
0.7697278911564626
0.7709183673469387
0.7720332577475435
0.7724678760393046
0.7736961451247165
0.7735449735449735
0.7760015117157975
0.7747732426303855
0.7771919879062736
0.7782879818594104
0.7782501889644747
0.7788926681783824
0.7793839758125473
0.7813681027966742
0.7811980347694634
0.7827475434618292
0.782785336356765
0.7836356764928194
0.7833711262282691
0.7844671201814059
0.785222978080121
0.7857898715041572
0.786130007558579
0.7862244897959184
0.7887944066515495
0.7874716553287981
0.7881330309901738
0.7885487528344671
0.7899092970521542
0.7904383975812547
0.7895313681027967
0.7901927437641724
0.7918934240362812
0.7918556311413454
0.7924414210128495
0.792687074829932
0.7931027966742252
0.7924603174603174
0.7939342403628118
0.7953514739229025
0.7939153439153439
0.7955026455026455
0.7956349206349206
0.7960506424792139
0.7961073318216175
0.796957671957672
0.7970332577475434
0.7976001511715798
0.7976946334089191
0.7973733938019653
0.7961829176114891
0.798318216175359
0.7986772486772487
0.800453514739229
0.7985260770975057
0.8000377928949357
0.8000188964474679
0.8012471655328798
0.8006802721088435
0.7989606953892668
0.8020408163265306
0.8010393046107331
0.8027777777777778
0.8029667422524566
0.8036848072562358
0.8033824640967498
0.8041383219954649
0.8039871504157219
0.8030612244897959
0.8044028722600152
0.8053476946334089
0.8040627362055933
0.8053665910808768
0.8060279667422524
0.8068027210884354
0.8062925170068027
0.8062925170068027
0.806708238851096
0.8068405139833711
0.8059145880574452
0.8078987150415722
0.8085978835978836
0.808068783068783
0.8083333333333333
0.8079931972789116
0.8078420256991685
0.8100340136054421
0.8088813303099017
0.8099206349206349
0.8107142857142857
0.8100340136054421
0.8111489040060469
0.8115079365079365
0.8110922146636432
0.8109032501889645
0.8116213151927437
0.8115079365079365
0.8121693121693122
0.8116402116402116
0.8109032501889645
0.8127739984882842
0.8125094482237339
0.8139833711262283
0.8148148148148148
0.813869992441421
0.8142101284958427
0.8154950869236584
0.8138888888888889
0.8141723356009071
0.815098261526833
0.8151927437641724
0.8161186696900983
0.8142101284958427
0.8155328798185941
0.8156840513983371
0.8159108087679516
0.8152683295540438
0.8170068027210884
0.8165721844293273
0.817063492063492
0.8169501133786848
0.8164399092970521
0.8163643235071807
0.8161186696900983
0.8183295540438398
0.8178004535147392
0.8177059712773999
0.8182728647014361
0.8171579743008315
0.8192743764172336
0.8189909297052154
0.8183106575963719
0.8190665154950869
0.8190098261526833
0.8194822373393802
0.8185185185185185
0.8189720332577476
0.8187452758881331
0.8198979591836735
0.819803476946334
0.8190287226001511
0.8208427815570672
0.820880574452003
0.8203703703703704
0.8199546485260771
0.8205593348450492
0.8222411186696901
0.8202569916855631
0.8218631897203326
0.821636432350718
0.8216742252456538
0.822713529856387
0.8229024943310658
0.822260015117158
0.823015873015873
0.8229024943310658
0.821957671957672
0.8239229024943311
0.8231859410430838
0.8227513227513228
0.8243953136810279
0.8232615268329554
0.823941798941799
0.8229591836734694
0.8231670445956161
0.8251889644746787
0.823941798941799
0.8243008314436886
0.8243575207860923
0.8249622071050643
0.824848828420257
0.8247732426303855
0.824848828420257
0.8255668934240363
0.8254157218442932
0.8261715797430084
0.8267573696145125
0.8251889644746787
0.8264172335600907
0.8266628873771731
0.8256802721088435
0.8271541950113379
0.8260959939531368
0.8261337868480726
0.8252078609221466
0.825925925925926
0.8273053665910809
0.8270219198790627
0.8262660619803477
0.8272486772486772
0.8272486772486772
0.8271919879062736
0.8270975056689343
0.8274565381708239
0.8275699168556312
0.8284202569916855
0.8273998488284202
0.8288926681783825
0.8284769463340892
0.8273809523809523
0.8278344671201814
0.8284013605442176
0.8297996976568405
0.8287792894935752
0.8292139077853363
0.8296674225245654
0.8294028722600151
0.8301209372637944
0.8292139077853363
0.8302910052910053
0.8301398337112623
0.8286848072562358
0.8301020408163265
0.8296296296296296
0.8306122448979592
0.8301587301587302
0.831708238851096
0.8303854875283446
0.8299130763416478
0.8297808012093726
0.8307634164777022
0.8311224489795919
0.831103552532124
0.8309334845049131
0.8318783068783069
0.8316515495086924
0.8309334845049131
0.832010582010582
0.8319727891156462
0.83078231292517
0.8322940287226002
0.8325963718820861
0.8322562358276644
0.831859410430839
0.8318027210884353
0.8319160997732427
0.832936507936508
0.8333333333333334
0.8330498866213152
0.8333144368858655
0.8337679516250944
0.8335034013605442
0.8332388510959939
0.8331632653061225
0.8336167800453514
0.8352229780801209
0.8342025699168556
0.8347883597883597
0.833219954648526
0.8340702947845805
0.834599395313681
0.8342214663643235
0.8349773242630385
0.8344104308390022
0.8355442176870749
0.8356575963718821
0.8342403628117914
0.8345427059712774
0.8362055933484505
0.8363189720332578
0.8366591080876795
0.8350907029478458
0.8351662887377173
0.8358654572940287
0.8347694633408919
0.8363000755857899
0.8359410430839003
0.835827664399093
0.8374149659863945
0.8377362055933485
0.8359599395313682
0.8359977324263038
0.8370937263794407
0.8374716553287982
0.8371693121693121
0.8372826908541194
0.8366969009826153
0.8372826908541194
0.8380007558578987
0.8376417233560091
0.837037037037037
0.8385487528344672
0.8386999244142102
0.8382086167800453
0.8382275132275132
0.8387755102040816
0.8376984126984127
0.8383786848072562
0.8392857142857143
0.8378684807256236
0.8380007558578987
0.8399281934996221
0.8387566137566138
0.8386621315192744
0.8386621315192744
0.8378873771730915
0.8403628117913832
0.8399092970521542
0.8412131519274376
0.8390589569160998
0.8398337112622827
0.8391534391534392
0.8408352229780801
0.8391912320483749
0.8409674981103552
0.840854119425548
0.8400415721844293
0.840098261526833
0.8404572940287226
0.840854119425548
0.8405139833711263
0.840551776266062
0.8401549508692366
0.8412509448223734
0.8402116402116402
0.842214663643235
0.8404006046863189
0.8417422524565382
0.8416855631141346
0.8417044595616024
0.8415910808767951
0.8411186696900983
0.8398526077097506
0.8421579743008314
0.842687074829932
0.8423091458805745
0.8418934240362812
0.8423280423280424
0.8422335600907029
0.8428949357520786
0.8422902494331066
0.8409674981103552
0.8424981103552532
0.8437074829931973
0.8427815570672713
0.8424414210128496
0.8419690098261526
0.8423091458805745
0.8426492819349962
0.843291761148904
0.8432161753590325
0.8429705215419501
0.8433106575963719
0.8441609977324263
0.8447467876039305
0.8448601662887377
0.8439720332577475
0.8437263794406652
0.8443310657596372
0.8444255479969766
0.8446145124716553
0.8449357520786093
0.8457482993197278
0.8438586545729403
0.8446900982615269
0.8447845804988662
0.8449357520786093
0.8453514739229024
0.8445767195767195
0.8460128495842781
0.8455215419501134
0.8455971277399849
0.8468442932728647
0.8452191987906273
0.8457482993197278
0.8465608465608465
0.8447089947089947
0.8464096749811035
0.8462773998488284
0.8455404383975813
0.8466742252456538
0.8459183673469388
0.8466364323507181
0.8458238851095994
0.8470710506424792
0.8462962962962963
0.8447467876039305
0.8460884353741497
0.8467309145880575
0.8465230536659109
0.8479213907785337
0.8472222222222222
0.8471844293272864
0.8468442932728647
0.847108843537415
0.8482237339380196
0.8461262282690855
0.8471466364323507
0.8480914588057445
0.8479969765684051
0.8488473167044596
0.8466931216931217
0.8474678760393046
0.8462207105064248
0.8473356009070295
0.8473733938019652
0.8475245653817083
0.8502645502645503
0.847562358276644
0.8472978080120938
0.848771730914588
0.8490173847316704
0.8488284202569917
0.848015873015873
0.8501889644746787
0.8488473167044596
0.8488095238095238
0.8484126984126984
0.8496787603930461
0.8489417989417989
0.8491874527588813
0.8505479969765684
0.848771730914588
0.8490362811791383
0.8499055177626607
0.8490362811791383
0.8501889644746787
0.8480536659108088
0.8486583522297808
0.8495653817082388
0.8496409674981104
0.8508503401360544
0.850151171579743
0.8508503401360544
0.8491118669690099
0.8495464852607709
0.8498677248677249
0.8497732426303855
0.850925925925926
0.8502645502645503
0.8515873015873016
0.8515873015873016
0.851530612244898
0.8508125472411187
0.8520786092214664
0.8514361300075586
0.8518707482993197
0.8521164021164022
0.8515495086923658
0.8499433106575963
0.8523431594860166
0.8512660619803477
0.8513983371126228
0.8510393046107332
0.8522108843537415
0.8511904761904762
0.851832955404384
0.8516061980347694
0.8524943310657597
0.8526266061980348
0.85213529856387
0.8512849584278156
0.8526643990929705
0.8524187452758881
0.8522108843537415
0.8519085411942555
0.8530045351473923
0.8529289493575208
0.8517384731670445
0.8529856386999244
0.853042328042328
0.8528722600151172
0.8535714285714285
0.8529478458049886
0.853042328042328
0.8529289493575208
0.8537792894935752
0.852910052910053
0.8531179138321996
0.8539115646258504
0.852286470143613
0.8531179138321996
0.8540249433106576
0.8534013605442177
0.853344671201814
0.8536848072562359
0.8526643990929705
0.854119425547997
0.8541572184429327
0.8552343159486017
0.8545162509448224
0.8550075585789871
0.8527210884353742
0.8544028722600151
0.8525699168556311
0.8545162509448224
0.8540438397581255
0.8542517006802721
0.8553099017384732
0.85427059712774
0.855177626606198
0.8555744520030234
0.8541572184429327
0.8551587301587301
0.8544973544973545
0.8549130763416478
0.8555555555555555
0.8550831443688587
0.8549130763416478
0.854875283446712
0.8557067271352986
0.8547241118669691
0.8558012093726379
0.8549130763416478
0.85578231292517
0.8553476946334089
0.856254724111867
0.8561980347694633
0.855177626606198
0.8551209372637945
0.8563303099017384
0.8549130763416478
0.8553476946334089
0.8561224489795919
0.8545918367346939
0.8553099017384732
0.8562736205593349
0.857010582010582
0.857766439909297
0.8560468631897203
0.8567838246409675
0.8570483749055178
0.8574829931972789
0.8557256235827665
0.8558578987150416
0.8562736205593349
0.856859410430839
0.8557256235827665
0.8561602418745276
0.8575207860922147
0.856103552532124
0.8575207860922147
0.858087679516251
0.8558012093726379
0.8576341647770219
0.8571806500377929
0.8581065759637189
0.8572751322751323
0.8578420256991686
0.8573696145124716
0.8580120937263794
0.8562358276643991
0.8575774754346183
0.8574829931972789
0.858994708994709
0.8575018896447468
0.8573885109599395
0.8578798185941043
0.8579554043839758
0.8585222978080121
0.857615268329554
0.8583522297808012
0.8584656084656085
0.8581821617535903
0.8599773242630385
0.8579931972789115
0.8576719576719577
0.8582955404383976
0.8577097505668935
0.8583900226757369
0.8586167800453515
0.8591269841269841
0.8586356764928194
0.8588624338624339
0.8582766439909297
0.8589380196523053
0.859448223733938
0.8603741496598639
0.8596560846560847
0.859297052154195
0.8590702947845805
0.8584089191232048
0.8598072562358277
0.8589569160997732
0.858692365835223
0.8599395313681027
0.8607898715041572
0.8600340136054422
0.8589191232048375
0.8596182917611489
0.8590702947845805
0.8602985638699925
0.8602985638699925
0.8604308390022676
0.8602229780801209
0.8606198034769463
0.8598072562358277
0.8618480725623583
0.8610544217687075
0.8593537414965986
0.8596938775510204
0.8607331821617535
0.8610544217687075
0.8602229780801209
0.860071806500378
0.8603174603174604
0.8616591080876795
0.8598450491307634
0.8606009070294784
0.8612622826908541
0.8612622826908541
0.8613378684807256
0.8611678004535147
0.8604119425547997
0.8619236583522297
0.8611866969009826
0.8606386999244142
0.8607709750566893
0.8602418745275888
0.8623015873015873
0.86067649281935
0.8610922146636433
0.8630007558578987
0.861904761904762
0.8604119425547997
0.8622637944066516
0.8621126228269086
0.8613189720332578
0.8618858654572941
0.8615079365079366
0.8623582766439909
0.8606953892668179
0.8623771730914588
0.8622071050642479
0.8626228269085412
0.8625283446712018
0.8616024187452759
0.8620937263794407
0.8620181405895692
0.8604875283446712
0.8629062736205594
0.8626795162509449
0.8617535903250189
0.8626795162509449
0.8625472411186696
0.862509448223734
0.8625661375661375
0.8629251700680272
0.8634542705971278
0.8624905517762661
0.8628873771730915
0.8619614512471655
0.8623771730914588
0.862037037037037
0.8641912320483749
0.8636243386243386
0.8624716553287982
0.863114134542706
0.8630763416477703
0.8643801965230536
0.8639644746787604
0.8633408919123204
0.863265306122449
0.863114134542706
0.8637377173091458
0.8645313681027966
0.8640589569160998
0.8632842025699169
0.863114134542706
0.8644557823129252
0.8646258503401361
0.8636432350718065
0.8636432350718065
0.8628306878306878
0.8640778533635677
0.8632842025699169
0.8655895691609977
0.8635487528344671
0.8642290249433107
0.8646636432350718
0.8634542705971278
0.8646636432350718
0.8646636432350718
0.8639644746787604
0.865098261526833
0.8644746787603931
0.8657785336356765
0.8649659863945578
0.8647581254724112
0.8646636432350718
0.8645124716553289
0.8649470899470899
0.8641912320483749
0.8651549508692365
0.8646258503401361
0.8647959183673469
0.8646069538926682
0.8656651549508693
0.86432350718065
0.8655328798185941
0.8657596371882086
0.8653250188964474
0.8659486016628873
0.865249433106576
0.8651549508692365
0.8647392290249433
0.8650793650793651
0.8663076341647771
0.8670634920634921
0.8658730158730159
0.8667233560090702
0.8660241874527589
0.8658919123204838
0.8672902494331066
0.8653628117913832
0.8665910808767952
0.8660997732426304
0.8660997732426304
0.8650793650793651
0.8674414210128496
0.8658919123204838
0.8671957671957672
0.8648904006046864
0.8673091458805745
0.8671579743008314
0.8672524565381708
0.8674225245653817
0.8658730158730159
0.8672713529856387
0.865854119425548
0.8670068027210884
0.8664777021919879
0.8668745275888133
0.8678760393046108
0.8668745275888133
0.8681594860166288
0.866609977324263
0.8667233560090702
0.8673280423280423
0.8674603174603175
0.8669501133786848
0.8668745275888133
0.8672902494331066
0.8683106575963719
0.8676114890400605
0.8667233560090702
0.86708238851096
0.867517006802721
0.8673847316704459
0.8683106575963719
0.8678004535147392
0.8680461073318216
0.8674792139077854
0.8683295540438397
0.867838246409675
0.867233560090703
0.8685563114134542
0.868140589569161
0.86859410430839
0.8683106575963719
0.8687263794406651
0.8673091458805745
0.8665154950869236
0.868291761148904
0.8681027966742253
0.8689531368102796
0.867687074829932
0.869198790627362
0.8692365835222978
0.8685563114134542
0.8696145124716553
0.869349962207105
0.8692176870748299
0.8685752078609221
0.8688775510204082
0.8691421012849584
0.8695200302343159
0.8687641723356009
0.8683484504913076
0.8686885865457294
0.8700113378684807
0.8685752078609221
0.8687263794406651
0.8683295540438397
0.8701814058956916
0.8681594860166288
0.8693310657596371
0.8682161753590325
0.8700113378684807
0.8700113378684807
0.8692743764172336
0.868745275888133
0.8699357520786092
0.8704837490551777
0.8699168556311413
0.8690476190476191
0.8694633408919124
0.8688019652305367
0.8694444444444445
0.8698412698412699
0.8699357520786092
0.8695578231292517
0.8699924414210128
0.8691421012849584
0.8689909297052154
0.8701625094482237
0.8703514739229025
0.8711073318216175
0.8693310657596371
0.8703703703703703
0.8704648526077098
0.8693310657596371
0.8701625094482237
0.8710695389266818
0.8705026455026456
0.8702003023431595
0.8707105064247921
0.8701814058956916
0.8702003023431595
0.8708049886621315
0.8708049886621315
0.8698034769463341
0.8700869236583523
0.8700869236583523
0.8702380952380953
0.8705215419501133
0.8708427815570673
0.870427059712774
0.8716364323507181
0.8711073318216175
0.8712773998488285
0.8720332577475435
0.8715986394557823
0.8717498110355253
0.8728080120937264
0.8718820861678005
0.8710128495842782
0.8713907785336357
0.8714852607709751
0.8712207105064248
0.8714663643235072
0.8721466364323507
0.8713151927437641
0.871938775510204
0.8717498110355253
0.871938775510204
0.8714285714285714
0.8716364323507181
0.8723922902494331
0.8717687074829932
0.8714663643235072
0.8720143613000756
0.8701814058956916
0.8721088435374149
0.8726379440665155
0.8718442932728647
0.8724678760393046
0.8717309145880574
0.8724678760393046
0.8728458049886622
0.8726757369614513
0.871806500377929
0.8714285714285714
0.8721466364323507
0.8728080120937264
0.8734504913076342
0.8732993197278912
0.8727891156462585
0.8718820861678005
0.8723167044595616
0.8729213907785336
0.8732237339380197
0.8726379440665155
0.8725056689342403
0.872411186696901
0.8732993197278912
0.8722222222222222
0.87286470143613
0.87348828420257
0.8743764172335601
0.8726379440665155
0.8737150415721844
0.8733560090702948
0.8736016628873772
0.8730347694633409
0.8730914588057446
0.8730536659108088
0.8736016628873772
0.8739040060468631
0.873922902494331
0.8739606953892668
0.8731103552532123
0.8730914588057446
0.8738851095993954
0.8736016628873772
0.8740173847316705
0.8733371126228269
0.8738095238095238
0.8735449735449735
0.8731292517006802
0.8732048374905518
0.8740740740740741
0.8743197278911564
0.8738851095993954
0.8722789115646259
0.8744897959183674
0.8751322751322751
0.8745086923658352
0.8745275888133031
0.8741307634164777
0.8740362811791383
0.874697656840514
0.8743197278911564
0.8743197278911564
0.8744708994708995
0.8743197278911564
0.8740551776266062
0.8751322751322751
0.8760015117157974
0.8749433106575963
0.8738095238095238
0.8742063492063492
0.874848828420257
0.8753779289493575
0.8758125472411187
0.8750755857898715
0.8757369614512471
0.8760015117157974
0.8744331065759637
0.8739984882842026
0.8761526832955404
0.8750566893424037
0.8744520030234316
0.875
0.8753968253968254
0.8749811035525321
0.8752078609221466
0.8749433106575963
0.8755102040816326
0.875604686318972
0.8747543461829176
0.8763794406651549
0.8755668934240363
0.8736016628873772
0.8750755857898715
0.8754157218442933
0.875453514739229
0.8755857898715041
0.8743197278911564
0.875151171579743
0.8754913076341648
0.8762660619803477
0.8755102040816326
0.8764928193499623
0.8767006802721088
0.8753401360544217
0.8764928193499623
0.8764550264550265
0.8763038548752834
0.876228269085412
0.8745653817082388
0.8758692365835223
0.8764550264550265
0.8766628873771731
0.8767384731670446
0.8770786092214664
0.8751133786848072
0.876077097505669
0.8759637188208617
0.8763038548752834
0.8767006802721088
0.8748677248677249
0.8756802721088436
0.876984126984127
0.8775321239606954
0.8759826152683295
0.8763416477702192
0.8778155706727135
0.876228269085412
0.8773620559334845
0.8770219198790628
0.8769085411942554
0.8772108843537415
0.8767384731670446
0.8763983371126228
0.876681783824641
0.8764172335600907
0.8774565381708239
0.8773242630385487
0.877437641723356
0.8767384731670446
0.8770219198790628
0.876832955404384
0.8779478458049886
0.8779100529100529
0.8780423280423281
0.8775510204081632
0.8776643990929706
0.8773242630385487
0.876681783824641
0.8767573696145124
0.8780234315948602
0.8775510204081632
0.8776455026455027
0.8765495086923658
0.8772108843537415
0.8785714285714286
0.8769085411942554
0.8776077097505669
0.8779667422524565
0.877437641723356
0.877588813303099
0.8769274376417233
0.8771730914588057
0.8773809523809524
0.8770408163265306
0.8784202569916856
0.8768896447467877
0.877286470143613
0.8789871504157218
0.8771730914588057
0.8780234315948602
0.8780045351473923
0.8777966742252457
0.8774565381708239
0.8786092214663643
0.8790816326530613
0.8789493575207861
0.8778533635676493
0.8789115646258503
0.8787792894935752
0.8788359788359789
0.8786848072562359
0.8786281179138322
0.8790438397581255
0.8785336356764928
0.8785147392290249
0.8778722600151172
0.8792894935752079
0.8782879818594105
0.8799508692365835
0.8796674225245654
0.8795162509448223
0.8788359788359789
0.8779667422524565
0.8791761148904006
0.8803854875283447
0.8794973544973544
0.8784769463340892
0.8787226001511715
0.8787226001511715
0.8792328042328043
0.8796107331821618
0.8804421768707483
0.8796296296296297
0.8793083900226757
0.8801209372637944
0.8801020408163265
0.8804043839758126
0.8802721088435375
0.8798563869992442
0.8806878306878307
0.880328798185941
0.8803854875283447
0.8797052154195011
0.8788926681783825
0.8792894935752079
0.8796485260770975
0.8793272864701436
0.8793650793650793
0.8795162509448223
0.8797052154195011
0.8797052154195011
0.8803476946334089
0.8798752834467121
0.8813303099017384
0.8786281179138322
0.8811602418745276
0.8802721088435375
0.8802721088435375
0.8795540438397581
0.8802721088435375
0.8801209372637944
0.8810468631897204
0.880801209372638
0.8796296296296297
0.8800453514739229
0.8807067271352985
0.8803099017384731
0.8800453514739229
0.8798185941043084
0.8813114134542706
0.8807067271352985
0.880933484504913
0.8806122448979592
0.8807634164777022
0.8810657596371883
0.8807445200302343
0.8809145880574452
0.880026455026455
0.8816326530612245
0.8818027210884354
0.8816893424036281
0.8806311413454271
0.8811791383219955
0.8803476946334089
0.8820294784580499
0.8806311413454271
0.8809712773998488
0.8807823129251701
0.8804421768707483
0.8802154195011338
0.8813869992441421
0.8810468631897204
0.8809901738473167
0.8821050642479213
0.8808390022675737
0.8821428571428571
0.8813114134542706
0.8813869992441421
0.8820483749055178
0.8817271352985638
0.882766439909297
0.8821050642479213
0.8812736205593349
0.8824452003023432
0.8818027210884354
0.8822940287226001
0.8826152683295541
0.8820483749055178
0.8816893424036281
0.8825585789871504
0.8816137566137566
0.8820861678004536
0.8825018896447467
0.8808578987150416
0.882634164777022
0.881254724111867
0.8817271352985638
0.8818405139833712
0.8821050642479213
0.8822940287226001
0.8823885109599395
0.8818027210884354
0.883238851095994
0.8828798185941044
0.8827097505668934
0.8843159486016628
0.8823507180650038
0.8818027210884354
0.8821239606953892
0.8823885109599395
0.8832766439909298
0.8815192743764172
0.8830498866213152
0.8834467120181406
0.883238851095994
0.8827475434618292
0.883238851095994
0.8823318216175359
0.8824263038548753
0.8830498866213152
0.8835222978080121
0.8830687830687831
0.8831254724111867
0.8825207860922146
0.8825396825396825
0.88291761148904
0.8832010582010582
0.8840891912320483
0.882312925170068
0.8834656084656085
0.8833333333333333
0.8831065759637188
0.8842592592592593
0.8844671201814059
0.883390022675737
0.8842403628117914
0.883390022675737
0.883238851095994
0.88291761148904
0.8831254724111867
0.8844104308390023
0.8839758125472411
0.8845238095238095
0.8832577475434619
0.885222978080121
0.8836167800453515
0.8836734693877552
0.8839191232048375
0.8826530612244898
0.8852796674225246
0.8843348450491307
0.8830120937263795
0.8848828420256992
0.8832010582010582
0.8842592592592593
0.8845238095238095
0.8841080876795162
0.884145880574452
0.884750566893424
0.8846371882086168
0.8840513983371127
0.8850529100529101
0.8842592592592593
0.8842403628117914
0.8843915343915344
0.8841269841269841
0.8853741496598639
0.8837490551776266
0.8845049130763416
0.8843537414965986
0.8843915343915344
0.8856953892668178
0.8845616024187453
0.8848639455782313
0.8860733182161754
0.8849773242630385
0.8837490551776266
0.8845616024187453
0.8851662887377173
0.8836167800453515
0.8838057445200302
0.8848261526832956
0.8844293272864702
0.8846371882086168
0.8843726379440665
0.8852796674225246
0.8845616024187453
0.8848072562358277
0.8845049130763416
0.8852418745275888
0.8842025699168556
0.8840702947845805
0.8857898715041572
0.8854686318972034
0.884750566893424
0.8842592592592593
0.883390022675737
0.8850151171579743
0.885978835978836
0.8851662887377173
0.8849395313681028
0.8859599395313681
0.8848828420256992
0.885978835978836
0.884901738473167
0.8851851851851852
0.8857520786092214
0.8850340136054422
0.8849584278155707
0.8860544217687075
0.885978835978836
0.8846182917611489
0.8864701436130008
0.884901738473167
0.8856953892668178
0.8857520786092214
0.8848450491307635
0.885978835978836
0.8852985638699924
0.8860544217687075
0.8860355253212396
0.8849773242630385
0.8854308390022676
0.8866402116402117
0.8862622826908542
0.8860544217687075
0.8849773242630385
0.8866780045351474
0.8851851851851852
0.8871504157218443
0.886130007558579
0.8860544217687075
0.8855631141345427
0.8863378684807256
0.8872637944066516
0.886130007558579
0.8863945578231293
0.8853741496598639
0.8865646258503401
0.8856386999244142
0.885978835978836
0.8868102796674225
0.886281179138322
0.8858087679516251
0.885071806500378
0.8863378684807256
0.8871504157218443
0.8872826908541194
0.8869047619047619
0.8872071050642479
0.887660619803477
0.8874716553287982
0.8864701436130008
0.8868291761148904
0.8866402116402117
0.8876228269085412
0.8863000755857898
0.8866024187452759
0.8878306878306879
0.8872637944066516
0.8874527588813304
0.8867724867724868
0.8872826908541194
0.8866024187452759
0.8872448979591837
0.8874338624338625
0.887055933484505
0.8875472411186697
0.8871315192743764
0.88718820861678
0.8876228269085412
0.887055933484505
0.8878306878306879
0.8870937263794406
0.8867535903250189
0.8863189720332577
0.8872260015117158
0.8871126228269085
0.8880385487528345
0.8880385487528345
0.8865457294028722
0.8879440665154951
0.886734693877551
0.8888510959939532
0.8884731670445957
0.8879251700680272
0.888718820861678
0.8879251700680272
0.8893046107331821
0.8886054421768708
0.8880385487528345
0.8879440665154951
0.8879818594104308
0.8888510959939532
0.8875283446712018
0.8883219954648526
0.888095238095238
0.8877739984882842
0.8889077853363567
0.8880196523053666
0.8893801965230537
0.8876795162509449
0.8878873771730914
0.8883975812547241
0.8879251700680272
0.8882842025699168
0.8884353741496599
0.8883408919123205
0.8888699924414211
0.888416477702192
0.8882086167800454
0.8895880574452003
0.8885487528344671
0.8889644746787604
0.8897014361300075
0.887962962962963
0.8886243386243386
0.8885487528344671
0.8892290249433107
0.8882464096749811
0.8892101284958428
0.8881519274376417
0.8893801965230537
0.8885487528344671
0.8900037792894936
0.888265306122449
0.8885109599395313
0.888718820861678
0.8888133030990174
0.8892101284958428
0.8892290249433107
0.890400604686319
0.8880007558578987
0.888265306122449
0.8884920634920634
0.8894179894179894
0.8883975812547241
0.8888699924414211
0.889172335600907
0.8892101284958428
0.8891534391534391
0.8890589569160998
0.8884731670445957
0.8883408919123205
0.8897203325774754
0.8885865457294029
0.8891912320483749
0.8884920634920634
0.8885487528344671
0.8902683295540439
0.8892290249433107
0.8895124716553288
0.8901738473167045
0.8897581254724112
0.8897581254724112
0.8893046107331821
0.890249433106576
0.8902683295540439
0.8890778533635676
0.8902305366591081
0.8884542705971278
0.889172335600907
0.8903061224489796
0.8892668178382465
0.8900604686318973
0.8892857142857142
0.8905328798185941
0.8904383975812548
0.8900982615268329
0.8900604686318973
0.8899092970521542
0.8901171579743008
0.8900226757369615
0.8894179894179894
0.8900982615268329
0.8900604686318973
0.8903628117913832
0.8910808767951625
0.8905895691609977
0.8900415721844294
0.8905139833711262
0.889795918367347
0.8909674981103552
0.8909108087679516
0.8903250188964474
0.890249433106576
0.8918934240362811
0.889928193499622
0.8913832199546485
0.8917233560090703
0.8905328798185941
0.8901927437641723
0.890551776266062
0.890551776266062
0.8906273620559335
0.8904383975812548
0.8912320483749055
0.889644746787604
0.8903250188964474
0.8909297052154195
0.8900982615268329
0.8895502645502645
0.8915910808767952
0.890854119425548
0.8908352229780802
0.8921201814058957
0.8918556311413455
0.8917989417989418
0.8902116402116402
0.8923091458805744
0.8912509448223734
0.8914777021919879
0.8912131519274377
0.8912509448223734
0.8910997732426303
0.8914777021919879
0.8915532879818594
0.890702947845805
0.8920445956160242
0.8911186696900982
0.8915154950869236
0.8917044595616024
0.8915154950869236
0.8909674981103552
0.8918556311413455
0.8911753590325019
0.8920445956160242
0.8920256991685563
0.8909108087679516
0.891307634164777
0.8924225245653817
0.8911186696900982
0.8922713529856388
0.8908919123204837
0.8929138321995465
0.8924603174603175
0.891628873771731
0.8914021164021164
0.8915721844293273
0.8932539682539683
0.8909108087679516
0.8921390778533635
0.891761148904006
0.8922713529856388
0.892233560090703
0.8919501133786848
0.8924414210128496
0.8925547996976568
0.8916855631141345
0.8918934240362811
0.8914210128495843
0.8918745275888132
0.8935563114134543
0.893291761148904
0.8926114890400605
0.8924225245653817
0.8924414210128496
0.8921012849584278
0.8922146636432351
0.8927248677248677
0.8917422524565382
0.8923280423280423
0.8932539682539683
0.8927815570672714
0.892989417989418
0.8925547996976568
0.8924225245653817
0.8933862433862434
0.8917422524565382
0.8929327286470143
0.8919312169312169
0.8934240362811792
0.8930461073318217
0.8930839002267573
0.8933673469387755
0.8921579743008314
0.8941421012849584
0.8930839002267573
0.8933295540438397
0.8921957671957672
0.8933862433862434
0.8934618291761149
0.8931216931216931
0.8934618291761149
0.8939342403628118
0.8933484504913076
0.8914399092970522
0.8939531368102797
0.8937263794406651
0.8937641723356009
0.8938397581254724
0.8931216931216931
0.8930272108843538
0.8936507936507937
0.8933862433862434
0.8934240362811792
0.8945200302343159
0.8935185185185185
0.8937830687830688
0.8932539682539683
0.8942932728647014
0.8941987906273621
0.8945956160241875
0.8934996220710506
0.8932161753590325
0.894066515495087
0.8941609977324263
0.893745275888133
0.8942743764172335
0.8945767195767196
0.8931594860166289
0.8944255479969766
0.8942365835222978
0.8941043083900226
0.89359410430839
0.8945578231292517
0.8944255479969766
0.8947656840513983
0.8939909297052154
0.8934051398337113
0.8938775510204081
0.8934807256235827
0.8945389266817838
0.8946523053665911
0.8948790627362055
0.8940854119425548
0.8939720332577475
0.8949357520786092
0.8947656840513983
0.8955404383975812
0.8950302343159486
0.8941798941798942
0.8956727135298563
0.8950491307634165
0.8947656840513983
0.8939720332577475
0.8955215419501134
0.8942743764172335
0.8956727135298563
0.8946334089191232
0.8945200302343159
0.8948412698412699
0.894822373393802
0.8937830687830688
0.8954459561602419
0.8947278911564626
0.8958427815570673
0.8950113378684807
0.8942554799697657
0.8942554799697657
0.8961640211640212
0.8944633408919124
0.8956538170823886
0.8957860922146637
0.8945578231292517
0.8957860922146637
0.8945578231292517
0.8950113378684807
0.8943688586545729
0.8950869236583522
0.8952380952380953
0.8952947845804988
0.8945200302343159
0.895427059712774
0.8957482993197279
0.8959561602418745
0.8950680272108843
0.8949357520786092
0.8947845804988662
0.8958427815570673
0.8958616780045352
0.8942743764172335
0.8945389266817838
0.8964474678760394
0.8949546485260771
0.8949924414210129
0.8962585034013606
0.895880574452003
0.8953136810279667
0.8954459561602419
0.89572940287226
0.8962207105064248
0.8935374149659864
0.8967876039304611
0.8962396069538927
0.8968631897203326
0.8969387755102041
0.8952380952380953
0.8958049886621315
0.8957482993197279
0.8965041572184429
0.896050642479214
0.8963907785336357
0.8963718820861678
0.8964474678760394
0.8959939531368103
0.8958238851095994
0.8963718820861678
0.8958238851095994
0.8970332577475435
0.8959561602418745
0.8965608465608466
0.8952569916855632
0.8953514739229025
0.8962962962962963
0.8964663643235071
0.8959561602418745
0.8962773998488284
0.895880574452003
0.8962207105064248
0.8964096749811036
0.8966742252456538
0.897260015117158
0.8966364323507181
0.8957860922146637
0.8959372637944066
0.8971466364323507
0.896050642479214
0.8970521541950114
0.8970332577475435
0.896182917611489
0.8968820861678004
0.897260015117158
0.8969954648526077
0.8971277399848828
0.8958994708994709
0.8967309145880574
0.8964096749811036
0.8966364323507181
0.8973544973544973
0.8958994708994709
0.8967687074829932
0.8982237339380197
0.897260015117158
0.8969954648526077
0.8965797430083144
0.8979402872260015
0.8961451247165533
0.8958238851095994
0.8981292517006803
0.8969198790627362
0.8972789115646258
0.8978835978835978
0.8976946334089191
0.8973733938019652
0.8967687074829932
0.8971088435374149
0.8982048374905518
0.8974300831443689
0.8968442932728647
0.8973356009070295
0.8982237339380197
0.8961640211640212
0.8977891156462585
0.8969954648526077
0.8961640211640212
0.8983371126228269
0.8975434618291761
0.8972033257747544
0.89786470143613
0.896806500377929
0.8978458049886622
0.8972978080120937
0.8970332577475435
0.8982237339380197
0.8986772486772486
0.8967309145880574
0.8976568405139834
0.8982804232804232
0.8978458049886622
0.8974300831443689
0.8973356009070295
0.8974300831443689
0.8987339380196523
0.8981859410430839
0.8983371126228269
0.8985071806500378
0.8979780801209373
0.8985827664399093
0.898167044595616
0.8991874527588813
0.8979591836734694
0.898469387755102
0.8969954648526077
0.8981103552532124
0.8990929705215419
0.8979024943310657
0.8973544973544973
0.8981481481481481
0.8974678760393046
0.8986772486772486
0.8976757369614512
0.8983938019652306
0.8993386243386243
0.8974678760393046
0.8982048374905518
0.8982237339380197
0.8976568405139834
0.897713529856387
0.8992063492063492
0.8979969765684052
0.897562358276644
0.8982804232804232
0.8988851095993953
0.898469387755102
0.899244142101285
0.8986016628873772
0.8985827664399093
0.8982804232804232
0.8987339380196523
0.8996409674981104
0.8979591836734694
0.8991685563114135
0.8988284202569917
0.8982804232804232
0.8976001511715798
0.8993008314436886
0.8986961451247165
0.8986583522297809
0.8991685563114135
0.8979024943310657
0.8985260770975056
0.8980536659108088
0.9007936507936508
0.8989795918367347
0.8993386243386243
0.8992063492063492
0.898922902494331
0.900755857898715
0.8990929705215419
0.8990551776266063
0.8997921390778534
0.8989417989417989
0.8988473167044596
0.8999433106575964
0.8999811035525321
0.8996220710506425
0.8989417989417989
0.8996598639455783
0.8985827664399093
0.8996598639455783
0.8990173847316705
0.898790627362056
0.8997354497354497
0.9006991685563114
0.8991496598639456
0.9003779289493575
0.8997921390778534
0.8996409674981104
0.8993386243386243
0.8984882842025699
0.9003212396069539
0.9007180650037793
0.8989040060468632
0.899546485260771
0.9004913076341647
0.9001889644746788
0.8989606953892668
0.8991118669690098
0.9004535147392291
0.9009637188208617
0.900302343159486
0.9004724111866969
0.8988095238095238
0.90062358276644
0.9009826152683296
0.9002456538170824
0.8993575207860922
0.8997354497354497
0.8996220710506425
0.9007747543461829
0.9009259259259259
0.8997732426303855
0.8998299319727892
0.9000377928949358
0.9008692365835222
0.8995275888133031
0.90062358276644
0.9003590325018896
0.8993197278911564
0.9007180650037793
0.8997165532879818
0.8992630385487528
0.8998677248677248
0.9005857898715042
0.9005291005291005
0.9004346182917612
0.9003968253968254
0.900907029478458
0.9000188964474679
0.9009637188208617
0.8995275888133031
0.8999811035525321
0.9001889644746788
0.900907029478458
0.9004157218442933
0.9008692365835222
0.9005479969765684
0.8998299319727892
0.9008692365835222
0.9006802721088435
0.9013983371126228
0.9006991685563114
0.9012471655328799
0.901662887377173
0.9018707482993197
0.9020030234315949
0.9005668934240363
0.9002456538170824
0.9004346182917612
0.9008314436885866
0.9001700680272109
0.901379440665155
0.9002267573696145
0.9016439909297053
0.9010015117157975
0.9010015117157975
0.9011148904006047
0.9010015117157975
0.9009448223733938
0.9017006802721088
0.9000944822373393
0.9020408163265307
0.9017951625094482
0.90062358276644
0.9009826152683296
0.9007747543461829
0.9015117157974301
0.9010204081632653
0.9009448223733938
0.9011148904006047
0.9019463340891912
0.9006991685563114
0.9017573696145125
0.9018140589569161
0.9025510204081633
0.9006802721088435
0.9013605442176871
0.9011904761904762
0.9018707482993197
0.9022108843537415
0.9008125472411187
0.9025321239606954
0.902891156462585
0.9014361300075586
0.9014172335600907
0.9011526832955404
0.9017006802721088
0.9018896447467876
0.9008314436885866
0.9012660619803476
0.9016061980347695
0.901984126984127
0.9025510204081633
0.9020030234315949
0.9018896447467876
0.9015684051398337
0.9017384731670446
0.9022297808012094
0.9017573696145125
0.9021164021164021
0.9018707482993197
0.9022486772486773
0.9015873015873016
0.9014361300075586
0.9025132275132275
0.9020597127739984
0.9029289493575208
0.9021164021164021
0.9017951625094482
0.9028533635676493
0.9016250944822374
0.9030045351473923
0.9030801209372638
0.9010204081632653
0.9029856386999244
0.901228269085412
0.9026266061980348
0.901832955404384
0.9019274376417233
0.9019085411942555
0.9031557067271353
0.9036848072562358
0.9022297808012094
0.9026266061980348
0.9028344671201814
0.9020975056689342
0.9029478458049887
0.9023998488284203
0.9029100529100529
0.9026832955404384
0.902891156462585
0.903968253968254
0.902588813303099
0.9028344671201814
0.9021164021164021
0.9035903250188965
0.9014172335600907
0.9023620559334845
0.9027021919879062
0.9029100529100529
0.9027966742252457
0.9031368102796674
0.9030801209372638
0.9035903250188965
0.903817082388511
0.9040816326530612
0.9031557067271353
0.9026643990929705
0.9039493575207861
0.9024187452758882
0.9023998488284203
0.9036281179138322
0.9031368102796674
0.902286470143613
0.9035147392290249
0.9022486772486773
0.9040249433106576
0.904119425547997
0.9035336356764928
0.902739984882842
0.9025699168556311
0.9041383219954648
0.9045918367346939
0.9035903250188965
0.9040060468631897
0.9030423280423281
0.9042328042328043
0.9041761148904006
0.9030990173847316
0.9036470143613001
0.9039871504157219
0.9043839758125473
0.9033068783068783
0.9043650793650794
0.9041572184429327
0.903968253968254
0.9026832955404384
0.9043272864701436
0.9036659108087679
0.9043650793650794
0.9046674225245653
0.9043839758125473
0.9036092214663644
0.9032312925170068
0.9045540438397581
0.9032690854119425
0.9042894935752078
0.904875283446712
0.9037037037037037
0.9055555555555556
0.9043839758125473
0.9038548752834467
0.9043839758125473
0.9048185941043084
0.9038548752834467
0.9041383219954648
0.9034391534391535
0.905045351473923
0.9043083900226757
0.905177626606198
0.9044406651549509
0.9039115646258503
0.9049697656840514
0.9037981859410431
0.9049130763416477
0.9039304610733182
0.9039871504157219
0.9051020408163265
0.905479969765684
0.9042139077853364
0.9031368102796674
0.9048374905517763
0.9047996976568405
0.9040060468631897
0.9053476946334089
0.9043083900226757
0.9053099017384731
0.9051209372637944
0.905177626606198
0.9047996976568405
0.9038737717309145
0.9048563869992441
0.9051965230536659
0.904875283446712
0.9052343159486017
0.9053854875283447
0.905328798185941
0.9047808012093727
0.9057634164777022
0.9049508692365835
0.9056311413454271
0.905650037792895
0.9048185941043084
0.9037603930461073
0.9052532123960695
0.905328798185941
0.9047052154195011
0.9051965230536659
0.9056689342403628
0.9057256235827664
0.9058767951625094
0.9048563869992441
0.9059145880574452
0.9060090702947846
0.9050264550264551
0.9057445200302343
0.9052343159486017
0.9044028722600151
0.9061035525321239
0.9058956916099773
0.9049886621315193
0.9059901738473167
0.9056689342403628
0.9059145880574452
0.9068216175359033
0.905801209372638
0.9065381708238851
0.9058390022675737
0.9060468631897204
0.9054043839758126
0.9054043839758126
0.9054421768707483
0.9055744520030234
0.9052154195011338
0.9062925170068027
0.9058201058201059
0.9056878306878307
0.9063303099017385
0.9059712773998488
0.9052532123960695
0.9060090702947846
0.9069916855631142
0.9059334845049131
0.9068783068783068
0.9062358276643991
0.905952380952381
0.907634164777022
0.9059712773998488
0.9046863189720332
0.9071995464852608
0.9060468631897204
0.9065948601662888
0.9067460317460317
0.9072184429327287
0.9061980347694634
0.9070483749055178
0.9066704459561602
0.9065759637188209
0.9061413454270597
0.9068405139833712
0.9066137566137566
0.9062169312169313
0.9058956916099773
0.9069349962207105
0.9069349962207105
0.9068405139833712
0.9064436885865458
0.9060090702947846
0.9067838246409675
0.9070861678004535
0.9065003779289493
0.9075018896447468
0.9061791383219955
0.9063869992441421
0.9062169312169313
0.9056122448979592
0.9071995464852608
0.9071239606953893
0.9073318216175359
0.9061791383219955
0.9071428571428571
0.9055744520030234
0.9072373393801966
0.9056878306878307
0.906859410430839
0.9076719576719576
0.9061035525321239
0.9070672713529856
0.907010582010582
0.9065759637188209
0.9063303099017385
0.9068405139833712
0.9072562358276643
0.90640589569161
0.9072373393801966
0.9074074074074074
0.9069349962207105
0.9070861678004535
0.9074452003023432
0.906557067271353
0.9077664399092971
0.9072373393801966
0.90791761148904
0.907464096749811
0.9075585789871504
0.9060468631897204
0.9073507180650038
0.9075018896447468
0.9074263038548753
0.9081443688586546
0.9075396825396825
0.9070294784580499
0.908390022675737
0.9075774754346183
0.9067460317460317
0.9069349962207105
0.907010582010582
0.9080309901738474
0.9061602418745276
0.9074829931972789
0.9077286470143613
0.9077664399092971
0.9077475434618292
0.9078609221466364
0.9086356764928194
0.9076719576719576
0.90791761148904
0.9076719576719576
0.9077475434618292
0.9075207860922146
0.9075396825396825
0.9085600907029479
0.9075396825396825
0.9076152683295541
0.9074452003023432
0.9087868480725624
0.908068783068783
0.9070861678004535
0.9084656084656084
0.9095993953136811
0.907464096749811
0.907464096749811
0.9078420256991686
0.9071995464852608
0.9081443688586546
0.9091647770219199
0.9095804988662132
0.9079554043839758
0.9081065759637188
0.9087112622826908
0.9072751322751322
0.9083711262282691
0.9085789871504157
0.9072562358276643
0.909618291761149
0.9074829931972789
0.9079365079365079
0.9092025699168557
0.9084467120181405
0.9077664399092971
0.9074829931972789
0.9081632653061225
0.9080309901738474
0.9088624338624338
0.9073318216175359
0.9089191232048375
0.9084845049130763
0.9089569160997732
0.9083144368858654
0.9089758125472411
0.90854119425548
0.90854119425548
0.9093537414965986
0.9093348450491308
0.9092592592592592
0.9092403628117914
0.9079554043839758
0.9098639455782312
0.908843537414966
0.9089758125472411
0.9086356764928194
0.9094293272864702
0.9079365079365079
0.9089569160997732
0.9092592592592592
0.9081443688586546
0.9082577475434618
0.9087112622826908
0.9081821617535903
0.9097316704459562
0.908692365835223
0.908843537414966
0.9097127739984883
0.9082766439909297
0.9090702947845805
0.9090702947845805
0.9094860166288737
0.90791761148904
0.9097316704459562
0.9099206349206349
0.9097883597883598
0.9095238095238095
0.9095049130763416
0.9092025699168557
0.9102040816326531
0.9094104308390023
0.9098072562358277
0.9079931972789116
0.9097883597883598
0.909618291761149
0.9092403628117914
0.9093726379440665
0.9102418745275889
0.9085978835978836
0.9090136054421769
0.9096560846560846
0.9099206349206349
0.9095049130763416
0.9087868480725624
0.9093159486016629
0.910222978080121
0.9091080876795162
0.9089758125472411
0.9098261526832956
0.9087490551776266
0.9107709750566894
0.9085789871504157
0.9099962207105065
0.9092403628117914
0.9099584278155707
0.9097127739984883
0.9090891912320483
0.9104119425547997
0.9087490551776266
0.9094860166288737
0.9096371882086168
0.9103552532123961
0.9095616024187453
0.9104497354497354
0.910374149659864
0.9101662887377173
0.9095427059712774
0.9099962207105065
0.9102796674225245
0.9099206349206349
0.9090891912320483
0.9099206349206349
0.9105442176870748
0.9109221466364323
0.9104119425547997
0.9099395313681028
0.9103174603174603
0.9100718065003779
0.9100151171579743
0.9100907029478458
0.9091647770219199
0.9103930461073318
0.9108654572940287
0.9106764928193499
0.9106764928193499
0.9103552532123961
0.9104497354497354
0.9103363567649282
0.9098261526832956
0.9105064247921391
0.9101662887377173
0.9101662887377173
0.9105253212396069
0.9104686318972033
0.9113945578231293
0.9110544217687074
0.9109410430839002
0.9109599395313681
0.910657596371882
0.910657596371882
0.9105442176870748
0.9104308390022676
0.9105631141345427
0.9105631141345427
0.9112622826908541
0.9106009070294785
0.910657596371882
0.9108087679516251
0.9095616024187453
0.9094104308390023
0.9102796674225245
0.9104497354497354
0.9107709750566894
0.9108654572940287
0.9110733182161753
0.9101662887377173
0.9104686318972033
0.9114134542705972
0.9099962207105065
0.9119047619047619
0.910657596371882
0.9113756613756614
0.9121693121693122
0.910978835978836
0.9109410430839002
0.9117724867724868
0.9109221466364323
0.9113756613756614
0.9110544217687074
0.9106009070294785
0.9112433862433862
0.9110922146636432
0.9113000755857898
0.9116024187452759
0.9107331821617536
0.911583522297808
0.911734693877551
0.9120181405895692
0.9113189720332577
0.9107142857142857
0.9117535903250189
0.9111111111111111
0.9119803476946334
0.9109221466364323
0.9105442176870748
0.9114512471655328
0.9102796674225245
0.9120559334845049
0.9110922146636432
0.9108465608465608
0.9111489040060469
0.911885865457294
0.9118669690098261
0.9109977324263039
0.911130007558579
0.9125283446712018
0.9105064247921391
0.9107520786092215
0.9106953892668178
0.9115268329554044
0.9114890400604686
0.9112433862433862
0.9104686318972033
0.9118669690098261
0.9114890400604686
0.9120748299319728
0.9119614512471655
0.9110544217687074
0.9118669690098261
0.9122448979591836
0.912339380196523
0.9106198034769464
0.9121504157218443
0.9121693121693122
0.9119992441421013
0.9123960695389267
0.9124338624338625
0.9128495842781557
0.9119803476946334
0.9118669690098261
0.9130385487528345
0.9119047619047619
0.9128873771730914
0.9116780045351474
0.9116780045351474
0.9118102796674226
0.9117157974300831
0.9122637944066515
0.9121126228269085
0.911885865457294
0.9126606198034769
0.912339380196523
0.9114134542705972
0.9120937263794406
0.9121504157218443
0.912339380196523
0.9120370370370371
0.9117535903250189
0.9118291761148904
0.9119803476946334
0.9119803476946334
0.9111111111111111
0.9126228269085412
0.9116591080876795
0.9122637944066515
0.9120181405895692
0.913718820861678
0.9116024187452759
0.9121504157218443
0.9114701436130007
0.9129818594104309
0.9120748299319728
0.9119992441421013
0.9119992441421013
0.9123015873015873
0.9125661375661376
0.9127362055933484
0.9134920634920635
0.9123582766439909
0.9125283446712018
0.9133597883597884
0.9122448979591836
0.9116780045351474
0.9126984126984127
0.9135298563869992
0.913416477702192
0.9144368858654573
0.9129251700680272
0.913246409674981
0.913567649281935
0.9143613000755858
0.9125472411186697
0.913416477702192
0.9125850340136055
0.9131897203325775
0.9126228269085412
0.9138888888888889
0.911432350718065
0.9129440665154951
0.9130196523053666
0.9129251700680272
0.9126795162509448
0.9138510959939531
0.9130385487528345
0.9141534391534392
0.9123204837490552
0.9144368858654573
0.9133030990173847
0.9132653061224489
0.9139833711262283
0.9136810279667422
0.9131708238851096
0.9144557823129251
0.9143424036281179
0.9141345427059713
0.9133219954648526
0.9132653061224489
0.9132653061224489
0.9126228269085412
0.9138888888888889
0.9129251700680272
0.9141156462585034
0.9131897203325775
0.9132086167800454
0.913718820861678
0.9132842025699168
0.9129251700680272
0.9132086167800454
0.9147014361300075
0.9140778533635676
0.9128873771730914
0.9130574452003023
0.9140589569160997
0.9141156462585034
0.9135298563869992
0.9137944066515495
0.9130763416477702
0.9129062736205593
0.9144557823129251
0.9139266817838246
0.9134542705971277
0.9132842025699168
0.912962962962963
0.9140022675736962
0.9133030990173847
0.9138510959939531
0.9145880574452003
0.9144368858654573
0.9143613000755858
0.9142101284958428
0.9132275132275133
0.9143613000755858
0.9123771730914588
0.9148715041572184
0.9129818594104309
0.9141156462585034
0.9133219954648526
0.9141345427059713
0.9141345427059713
0.9144557823129251
0.9133219954648526
0.9143613000755858
0.9144557823129251
0.9147392290249433
0.9139833711262283
0.9139833711262283
0.9145691609977324
0.9147203325774754
0.9132842025699168
0.9149281934996221
0.9146447467876039
0.9133030990173847
0.9150604686318972
0.913416477702192
0.9145691609977324
0.9139455782312925
0.9142101284958428
0.9136054421768708
0.9155139833711262
0.9139644746787604
0.9149848828420257
0.9150415721844293
0.9155139833711262
0.9143801965230537
0.9150415721844293
0.9137944066515495
0.9140778533635676
0.9140778533635676
0.9140022675736962
0.9133030990173847
0.9150604686318972
0.9144368858654573
0.9150037792894936
0.9147392290249433
0.9149092970521542
0.9150226757369615
0.9145313681027967
0.9148904006046863
0.9152305366591081
0.915854119425548
0.9145880574452003
0.914172335600907
0.9153061224489796
0.9147770219198791
0.9143424036281179
0.9147770219198791
0.9145880574452003
0.9149092970521542
0.9150604686318972
0.9162320483749056
0.9148526077097505
0.9149848828420257
0.9146258503401361
0.915551776266062
0.9155139833711262
0.9148715041572184
0.9153817082388511
0.913869992441421
0.9143990929705216
0.9146636432350718
0.9147014361300075
0.9148337112622827
0.9147581254724112
0.9159297052154195
0.9152494331065759
0.9147581254724112
0.9151927437641724
0.9157407407407407
0.9147014361300075
0.9143613000755858
0.9147392290249433
0.9150226757369615
0.9149848828420257
0.9157974300831444
0.9150982615268329
0.916156462585034
0.9152494331065759
0.9153628117913832
0.9150037792894936
0.9152494331065759
0.9156651549508692
0.9153061224489796
0.9140400604686318
0.9157407407407407
0.9164210128495843
0.9151360544217687
0.9155895691609978
0.9161753590325019
0.9155895691609978
0.9141534391534392
0.9153250188964475
0.916780045351474
0.9152305366591081
0.9155895691609978
0.9150604686318972
0.915551776266062
0.9154195011337869
0.9151360544217687
0.9142101284958428
0.916780045351474
0.9144935752078609
0.9158352229780801
0.9156084656084656
0.9157218442932729
0.9146825396825397
0.9159863945578232
0.915702947845805
0.9157785336356765
0.9157407407407407
0.9156084656084656
0.9171201814058957
0.916307634164777
0.9147581254724112
0.9165154950869236
0.9154383975812547
0.9165532879818594
0.91645880574452
0.9162509448223733
0.9157218442932729
0.9169879062736206
0.915400604686319
0.9158163265306123
0.916156462585034
0.9167422524565382
0.9147203325774754
0.9157407407407407
0.9167044595616024
0.9165910808767952
0.9162320483749056
0.9160619803476946
0.9158352229780801
0.9154950869236583
0.9167611489040061
0.9169690098261527
0.9171579743008315
0.9159674981103553
0.9159486016628874
0.9160808767951625
0.9153628117913832
0.916005291005291
0.9160619803476946
0.9157596371882086
0.9153061224489796
0.9163265306122449
0.9157785336356765
0.9155706727135299
0.9154572940287226
0.9156084656084656
0.9159108087679516
0.9172713529856387
0.9171201814058957
0.9168178382464097
0.9161186696900983
0.9169690098261527
0.9171768707482993
0.91645880574452
0.9159863945578232
0.9151171579743008
0.9156840513983371
0.9171012849584278
0.9166099773242631
0.9171579743008315
0.9170068027210885
0.9169879062736206
0.9164777021919879
0.916307634164777
0.9172524565381708
0.916156462585034
0.9178571428571428
0.9160619803476946
0.9168556311413454
0.9158352229780801
0.9161753590325019
0.9156651549508692
0.9171012849584278
0.9173091458805744
0.9154572940287226
0.9172335600907029
0.9166099773242631
0.9162698412698412
0.9171768707482993
0.9170068027210885
0.916628873771731
0.9165154950869236
0.9162509448223733
0.9164777021919879
0.9172713529856387
0.9176492819349962
0.9168178382464097
0.9180083144368859
0.9167233560090703
0.9166666666666666
0.9168934240362812
0.9173091458805744
0.9168178382464097
0.916628873771731
0.9176492819349962
0.9173658352229781
0.9173469387755102
0.9173469387755102
0.9181972789115647
0.9175547996976569
0.916912320483749
0.9169879062736206
0.9173091458805744
0.9178193499622072
0.917989417989418
0.9169501133786848
0.9169690098261527
0.9169312169312169
0.917989417989418
0.9169501133786848
0.9169501133786848
0.9182350718065003
0.917384731670446
0.9163832199546486
0.9172713529856387
0.9180650037792895
0.9184807256235827
0.9177626606198035
0.9172335600907029
0.917384731670446
0.9176681783824641
0.9167044595616024
0.9171012849584278
0.9174981103552532
0.9178004535147393
0.9177437641723356
0.9177437641723356
0.9183295540438398
0.9173658352229781
0.9170068027210885
0.9171012849584278
0.9165532879818594
0.9191232048374905
0.9166477702191987
0.9179705215419501
0.9167989417989418
0.9183295540438398
0.9185185185185185
0.9165154950869236
0.9182539682539682
0.9171012849584278
0.918140589569161
0.9175547996976569
0.9174603174603174
0.9170823885109599
0.918140589569161
0.9176303854875284
0.917384731670446
0.9175925925925926
0.9184240362811792
0.9177248677248677
0.9186696900982615
0.9179327286470144
0.9175925925925926
0.9183295540438398
0.9174225245653818
0.9184618291761149
0.9180650037792895
0.9179516250944822
0.9171768707482993
0.9187830687830688
0.9174792139077853
0.9174414210128495
0.9176114890400605
0.9185374149659864
0.9186696900982615
0.9168934240362812
0.9189909297052155
0.9187641723356009
0.9195200302343159
0.9180650037792895
0.9183295540438398
0.9183295540438398
0.918442932728647
0.9182350718065003
0.918140589569161
0.9186507936507936
0.9188397581254724
0.9174036281179139
0.9182539682539682
0.9184996220710506
0.9189531368102797
0.9177248677248677
0.9170823885109599
0.9179138321995465
0.9182350718065003
0.9190287226001512
0.9184807256235827
0.9185941043083901
0.9180839002267573
0.9192365835222978
0.9176114890400605
0.9196145124716554
0.9197278911564626
0.9194444444444444
0.9191421012849584
0.9185941043083901
0.9187263794406652
0.918613000755858
0.9186318972033257
0.919652305366591
0.9193310657596372
0.9185752078609222
0.9194066515495087
0.9189153439153439
0.9188019652305367
0.9185563114134543
0.9186885865457294
0.917687074829932
0.9191232048374905
0.918613000755858
0.9194822373393802
0.9194255479969766
0.9191421012849584
0.9188397581254724
0.9198790627362056
0.9178949357520786
0.9198601662887377
0.9186885865457294
0.9189909297052155
0.9192554799697656
0.9187641723356009
0.9171768707482993
0.9193499622071051
0.9189909297052155
0.9188019652305367
0.9177248677248677
0.9188397581254724
0.918896447467876
0.9201436130007559
0.9194066515495087
0.9200680272108843
0.9205026455026455
0.9190854119425548
0.9198790627362056
0.919047619047619
0.9181594860166289
0.919973544973545
0.9198979591836735
0.9198034769463341
0.9208994708994709
0.9189153439153439
0.918613000755858
0.9200869236583522
0.9195011337868481
0.9181027966742252
0.9189720332577476
0.9193877551020408
0.9197089947089947
0.9194444444444444
0.9192365835222978
0.9186696900982615
0.919973544973545
0.9198601662887377
0.9193499622071051
0.9200302343159485
0.9178193499622072
0.9200680272108843
0.9199924414210129
0.9190665154950869
0.9196900982615268
0.9195389266817838
0.9196334089191232
0.9198790627362056
0.9203514739229025
0.9197467876039305
0.9203136810279667
0.9200680272108843
0.9206538170823885
0.9191421012849584
0.9192932728647014
0.9201814058956916
0.9196712018140589
0.9203703703703704
0.9182161753590325
0.919368858654573
0.9208238851095994
0.9202003023431595
0.9201058201058201
0.919368858654573
0.9195578231292517
0.9205215419501134
0.9212396069538926
0.9204081632653062
0.9197089947089947
0.9197656840513984
0.9191987906273621
0.9192743764172335
0.9189909297052155
0.9199168556311413
0.9192743764172335
0.9197845804988662
0.9192743764172335
0.9193121693121693
0.919973544973545
0.9206349206349206
0.9191987906273621
0.919368858654573
0.9207105064247921
0.9202947845804988
0.9195956160241875
0.920275888133031
0.9210695389266818
0.9208238851095994
0.9197089947089947
0.920427059712774
0.9195956160241875
0.920427059712774
0.9198601662887377
0.9203703703703704
0.919973544973545
0.9201058201058201
0.9196334089191232
0.9199546485260771
0.9199924414210129
0.9215608465608466
0.9210695389266818
0.9211829176114891
0.9215041572184429
0.9207105064247921
0.9197845804988662
0.9206160241874528
0.9200680272108843
0.9209939531368103
0.9209183673469388
0.9210884353741496
0.9198601662887377
0.921201814058957
0.9210884353741496
0.9200302343159485
0.9211640211640212
0.9202003023431595
0.9207105064247921
0.9203325774754346
0.9206727135298564
0.9213529856386999
0.921031746031746
0.9213907785336357
0.9217876039304611
0.9204459561602418
0.9203325774754346
0.9205215419501134
0.9212962962962963
0.9202380952380952
0.9202947845804988
0.9208427815570672
0.9207105064247921
0.9225434618291761
0.9212962962962963
0.9209372637944067
0.9205215419501134
0.9215041572184429
0.9213907785336357
0.9203703703703704
0.9206349206349206
0.921806500377929
0.920275888133031
0.9206916099773242
0.9204837490551776
0.9208238851095994
0.9209939531368103
0.9211451247165533
0.9189531368102797
0.9230347694633408
0.9198601662887377
0.9210128495842782
0.9220710506424792
0.9203892668178383
0.9219387755102041
0.9226568405139833
0.9219009826152683
0.9199924414210129
0.9207482993197279
0.9217876039304611
0.9211829176114891
0.9206160241874528
0.921485260770975
0.9211073318216175
0.9220143613000756
0.9215797430083145
0.9200680272108843
0.9219009826152683
0.921334089191232
0.9208994708994709
0.9216553287981859
0.9208238851095994
0.9225812547241119
0.9215041572184429
0.922411186696901
0.921334089191232
0.9212773998488284
0.9215230536659108
0.9217687074829932
0.9215797430083145
0.9196900982615268
0.9217120181405896
0.9199357520786092
0.921957671957672
0.9214474678760393
0.9216931216931217
0.9207860922146637
0.921031746031746
0.9214663643235071
0.9213718820861678
0.921957671957672
0.9222600151171579
0.9198034769463341
0.9232237339380196
0.9208049886621316
0.9209750566893424
0.9226568405139833
0.9201436130007559
0.9219198790627362
0.9210695389266818
0.9222978080120937
0.9233938019652306
0.9214285714285714
0.9222600151171579
0.9226001511715798
0.922562358276644
0.9215797430083145
0.9220710506424792
0.9218442932728647
0.9216931216931217
0.9215041572184429
0.9221655328798186
0.921201814058957
0.9215986394557824
0.9228458049886621
0.9212207105064248
0.9212207105064248
0.921636432350718
0.9231859410430839
0.9225245653817082
0.9219198790627362
0.9230725623582766
0.9218820861678004
0.9226568405139833
0.9234315948601662
0.9218631897203325
0.922108843537415
0.9224678760393046
0.9213718820861678
0.921201814058957
0.9218820861678004
0.9213907785336357
0.9220899470899471
0.9230347694633408
0.9212962962962963
0.921957671957672
0.9217309145880574
0.9221655328798186
0.922108843537415
0.9223544973544974
0.9216931216931217
0.9230158730158731
0.9224867724867725
0.9223733938019653
0.9229213907785336
0.9223733938019653
0.9226568405139833
0.9229969765684052
0.9219954648526077
0.9233560090702948
0.9222033257747544
0.9219765684051399
0.9226568405139833
0.9226946334089191
0.92224111866969
0.9220332577475434
0.9222222222222223
0.9223544973544974
0.9219198790627362
0.9225434618291761
0.922411186696901
0.9232426303854875
0.923790627362056
0.9229213907785336
0.9226757369614512
0.9216175359032502
0.9230347694633408
0.9235260770975057
0.9234126984126985
0.9235071806500378
0.9214474678760393
0.9230914588057445
0.92286470143613
0.9222978080120937
0.9235071806500378
0.9223544973544974
0.9239795918367347
0.9230536659108087
0.9210506424792139
0.9232804232804233
0.9226568405139833
0.9236961451247165
0.9233371126228269
0.9231481481481482
0.9232804232804233
0.9226379440665154
0.9223167044595616
0.9225434618291761
0.9230536659108087
0.9221277399848828
0.9232615268329554
0.92286470143613
0.9234882842025699
0.9230725623582766
0.9239795918367347
0.9239040060468632
0.9236394557823129
0.9230158730158731
0.9233560090702948
0.9237339380196523
0.9229213907785336
0.9223544973544974
0.9233749055177627
0.9238095238095239
0.9236016628873772
0.9227702191987907
0.9246409674981103
0.9231292517006803
0.9226946334089191
0.9238284202569916
0.923790627362056
0.9229213907785336
0.9228269085411942
0.9231103552532124
0.9230914588057445
0.9240929705215419
0.9234315948601662
0.922562358276644
0.9235638699924414
0.9242630385487528
0.9232237339380196
0.9236205593348451
0.9240551776266062
0.9244142101284959
0.9235449735449736
0.923790627362056
0.9231292517006803
0.9232804232804233
0.9232615268329554
0.9235449735449736
0.9244331065759637
0.9242063492063493
0.923167044595616
0.9235827664399093
0.9235638699924414
0.9229213907785336
0.9231859410430839
0.9245842781557068
0.9229591836734694
0.9235260770975057
0.9233560090702948
0.9237528344671202
0.9234882842025699
0.9239795918367347
0.9237150415721844
0.9242441421012849
0.9238095238095239
0.9251889644746788
0.9244331065759637
0.9243575207860922
0.9242819349962207
0.924395313681028
0.9239040060468632
0.9239040060468632
0.9235260770975057
0.9243575207860922
0.9226946334089191
0.924395313681028
0.9244142101284959
0.9241118669690098
0.9247165532879819
0.9231103552532124
0.9250188964474679
0.9241118669690098
0.9236583522297808
0.9233938019652306
0.9245275888133031
0.9240929705215419
0.9234315948601662
0.9246409674981103
0.9232993197278911
0.9246409674981103
0.9234126984126985
0.9245086923658352
0.9240173847316705
0.9243008314436886
0.9243575207860922
0.925302343159486
0.9250377928949357
0.9244897959183673
0.9260015117157975
0.9247732426303855
0.9227702191987907
0.9245653817082389
0.9245086923658352
0.9259826152683296
0.9250188964474679
0.9249433106575964
0.9240173847316705
0.9252078609221467
0.9249055177626606
0.9244708994708994
0.9256802721088435
0.924395313681028
0.9251889644746788
0.925453514739229
0.9245275888133031
0.9249811035525322
0.9238851095993953
0.9252078609221467
0.9241307634164777
0.9241118669690098
0.9241307634164777
0.9247354497354497
0.9242819349962207
0.9238473167044595
0.9245653817082389
0.924225245653817
0.9249433106575964
0.9232426303854875
0.925151171579743
0.9244708994708994
0.9256613756613756
0.9249433106575964
0.9249433106575964
0.9259826152683296
0.9246220710506424
0.923941798941799
0.9262471655328798
0.9237717309145881
0.9256802721088435
0.9260204081632653
0.9251133786848073
0.9254346182917611
0.9250755857898715
0.9244331065759637
0.9256046863189721
0.9247921390778534
0.9253401360544218
0.925453514739229
0.9245653817082389
0.9249622071050643
0.9250188964474679
0.9246409674981103
0.9263983371126229
0.9249622071050643
0.9242819349962207
0.9241118669690098
0.925151171579743
0.9260770975056689
0.926058201058201
0.9250566893424036
0.9252834467120181
0.9248677248677248
0.9248110355253213
0.9252267573696145
0.9257558578987151
0.9253779289493576
0.9258503401360544
0.9251700680272109
0.9257936507936508
0.9254346182917611
0.9260770975056689
0.9259259259259259
0.9255668934240363
0.925302343159486
0.9258503401360544
0.9256991685563114
0.9256613756613756
0.9255291005291005
0.9244142101284959
0.9241496598639456
0.9243575207860922
0.9262282690854119
0.9249622071050643
0.9256424792139077
0.9246409674981103
0.926530612244898
0.9252267573696145
0.9270975056689342
0.9256802721088435
0.925
0.9254913076341648
0.9255668934240363
0.9261148904006047
0.925774754346183
0.9261904761904762
0.9262093726379441
0.925907029478458
0.9269274376417234
0.9259826152683296
0.9251322751322751
0.925151171579743
0.924848828420257
0.9257180650037793
0.9247165532879819
0.9262471655328798
0.9259259259259259
0.9261337868480726
0.926530612244898
0.9259637188208617
0.9254724111866969
0.9260959939531368
0.9250944822373394
0.9264172335600908
0.9258503401360544
0.9260959939531368
0.9254724111866969
0.9273809523809524
0.9248110355253213
0.9272675736961451
0.9262471655328798
0.9267762660619804
0.9259826152683296
0.9250755857898715
0.9267573696145125
0.9250755857898715
0.9267195767195767
0.9261715797430083
0.9256046863189721
0.925907029478458
0.9262282690854119
0.9267006802721088
0.9266628873771731
0.9260204081632653
0.9261715797430083
0.9259448223733938
0.9255857898715042
0.9259259259259259
0.9256046863189721
0.9261148904006047
0.9270408163265306
0.9264361300075585
0.9256424792139077
0.9255102040816326
0.926530612244898
0.9256613756613756
0.9257558578987151
0.9267951625094483
0.9262660619803477
0.9262849584278156
0.9264550264550264
0.9261904761904762
0.925907029478458
0.9277210884353742
0.9255668934240363
0.9265117157974301
0.9261148904006047
0.9277588813303099
0.9255102040816326
0.9263983371126229
0.9270408163265306
0.9266061980347695
0.9264739229024943
0.9269652305366591
0.9261337868480726
0.9270597127739985
0.9274187452758881
0.927437641723356
0.926058201058201
0.9270408163265306
0.9259448223733938
0.9279856386999245
0.9261904761904762
0.9266250944822373
0.9272675736961451
0.9264739229024943
0.927286470143613
0.9258692365835223
0.9252267573696145
0.9277588813303099
0.9272675736961451
0.926530612244898
0.9267951625094483
0.9263983371126229
0.9271164021164021
0.9267384731670446
0.927286470143613
0.9261715797430083
0.9265684051398337
0.9275888133030991
0.9269652305366591
0.9280990173847317
0.9266628873771731
0.9258125472411187
0.9264739229024943
0.9257180650037793
0.9279289493575208
0.9264550264550264
0.9261526832955405
0.9277777777777778
0.9264928193499622
0.9262660619803477
0.92713529856387
0.9271730914588058
0.9269085411942555
0.9273809523809524
0.9270975056689342
0.9281746031746032
0.9280612244897959
0.9260959939531368
0.9267762660619804
0.927286470143613
0.9259637188208617
0.9272675736961451
0.9283068783068783
0.9275321239606954
0.9267762660619804
0.9285336356764928
0.927891156462585
0.9264172335600908
0.9271164021164021
0.9268896447467876
0.9280234315948601
0.9277588813303099
0.9264739229024943
0.926530612244898
0.9270219198790627
0.9274565381708239
0.9275321239606954
0.9266061980347695
0.9270030234315949
0.9282879818594104
0.9270030234315949
0.9266439909297052
0.9274754346182917
0.9272486772486772
0.9282312925170068
0.9267951625094483
0.9275888133030991
0.9273809523809524
0.9277966742252457
0.9275132275132275
0.9289304610733182
0.927286470143613
0.9273242630385488
0.9280045351473923
0.9288359788359788
0.9275321239606954
0.9277588813303099
0.9280612244897959
0.9286092214663644
0.9271541950113379
0.9270597127739985
0.92713529856387
0.927891156462585
0.9273809523809524
0.9281557067271353
0.9281368102796674
0.9281179138321995
0.9273431594860166
0.9274943310657596
0.9277588813303099
0.9266061980347695
0.928363567649282
0.9278533635676492
0.9273431594860166
0.927739984882842
0.9278344671201814
0.9279856386999245
0.9271164021164021
0.9278344671201814
0.9278155706727135
0.9270786092214663
0.9278344671201814
0.9288548752834467
0.9276832955404384
0.9279289493575208
0.9272675736961451
0.9292894935752078
0.9284391534391534
0.9275321239606954
0.9282312925170068
0.9284391534391534
0.9284958427815571
0.9284013605442177
0.9286659108087679
0.9284769463340892
0.9289304610733182
0.9279289493575208
0.9284202569916855
0.9283068783068783
0.928212396069539
0.9280612244897959
0.9288737717309146
0.9286659108087679
0.9291383219954649
0.9276077097505669
0.9284580498866213
0.9286281179138322
0.9274943310657596
0.9290627362055933
0.9283824640967498
0.9284391534391534
0.9289304610733182
0.9274943310657596
0.9283257747543462
0.9290438397581254
0.9288170823885109
0.928212396069539
0.9283446712018141
0.9303476946334089
0.9282312925170068
0.9277777777777778
0.927739984882842
0.9270975056689342
0.9282690854119425
0.9284391534391534
0.9286659108087679
0.9286470143613
0.9293083900226757
0.9289871504157219
0.9285147392290249
0.9286470143613
0.9282501889644746
0.9282501889644746
0.9288548752834467
0.9276077097505669
0.9295162509448224
0.9297430083144369
0.9302721088435374
0.9289871504157219
0.9298185941043083
0.9291950113378685
0.9286281179138322
0.9283257747543462
0.9293083900226757
0.928363567649282
0.9290438397581254
0.9298941798941799
0.9284769463340892
0.9286659108087679
0.9293461829176115
0.9280045351473923
0.9288170823885109
0.9292328042328042
0.9291383219954649
0.9292517006802721
0.9281368102796674
0.9288548752834467
0.9295918367346939
0.9285525321239607
0.9292328042328042
0.9305177626606198
0.9272297808012093
0.9292328042328042
0.9293083900226757
0.9285714285714286
0.9291005291005291
0.9286470143613
0.9282879818594104
0.9289304610733182
0.9289115646258503
0.9292328042328042
0.9293272864701436
0.9293650793650794
0.92927059712774
0.9304421768707483
0.9287226001511716
0.9296485260770975
0.930026455026455
0.9297619047619048
0.9296674225245654
0.9291572184429328
0.9284958427815571
0.9291572184429328
0.9294784580498866
0.9300642479213908
0.9288737717309146
0.9293272864701436
0.9296674225245654
0.9286470143613
0.9297808012093727
0.9294784580498866
0.9295351473922903
0.9299886621315193
0.9301398337112623
0.9311602418745276
0.9291761148904006
0.9294217687074829
0.9295351473922903
0.9297052154195011
0.9296296296296296
0.9284202569916855
0.929724111866969
0.930026455026455
0.9298185941043083
0.9303476946334089
0.9289493575207861
0.9296296296296296
0.9294973544973545
0.9295162509448224
0.9286470143613
0.9294784580498866
0.9289115646258503
0.928363567649282
0.9305933484504914
0.9296863189720332
0.9299508692365835
0.9297808012093727
0.9306878306878307
0.9292894935752078
0.9299508692365835
0.9291572184429328
0.9299508692365835
0.9308767951625094
0.9283068783068783
0.9300831443688586
0.9290438397581254
0.9298941798941799
0.9301587301587302
0.9292894935752078
0.9293650793650794
0.9298941798941799
0.929724111866969
0.9305177626606198
0.9312736205593348
0.9305933484504914
0.9285525321239607
0.9297430083144369
0.9293650793650794
0.9297619047619048
0.9302910052910053
0.9302154195011337
0.9289115646258503
0.9299886621315193
0.9308578987150415
0.930026455026455
0.9296296296296296
0.9299508692365835
0.929119425547997
0.9304610733182161
0.9300642479213908
0.92927059712774
0.9292139077853363
0.9306122448979591
0.9287981859410431
0.930328798185941
0.9296485260770975
0.9300642479213908
0.9302721088435374
0.9311980347694634
0.9306500377928949
0.9304421768707483
0.9308390022675737
0.9313114134542706
0.9302154195011337
0.9310468631897203
0.9301020408163265
0.932010582010582
0.9306878306878307
0.9309145880574452
0.9304988662131519
0.9299697656840514
0.9286659108087679
0.9304610733182161
0.9310090702947846
0.9302154195011337
0.930328798185941
0.9299886621315193
0.9310846560846561
0.9307445200302343
0.9307067271352986
0.9302343159486016
0.930631141345427
0.9305744520030235
0.9304421768707483
0.9305744520030235
0.9307445200302343
0.9308578987150415
0.9301020408163265
0.9304232804232804
0.930328798185941
0.9305555555555556
0.930479969765684
0.9303099017384732
0.9303476946334089
0.9309334845049131
0.9312736205593348
0.9298563869992441
0.9306500377928949
0.9311413454270597
0.9315948601662888
0.9310846560846561
0.9306122448979591
0.9311413454270597
0.931235827664399
0.9310468631897203
0.9308390022675737
0.9305555555555556
0.931557067271353
0.9297808012093727
0.9309901738473167
0.9315948601662888
0.931557067271353
0.9306878306878307
0.9315003779289494
0.9321995464852608
0.9315003779289494
0.9305177626606198
0.9293650793650794
0.9311602418745276
0.9307067271352986
0.930801209372638
0.9301776266061981
0.9297996976568406
0.929875283446712
0.9321050642479214
0.9304610733182161
0.9316326530612244
0.9309712773998489
0.9308956916099773
0.9321995464852608
0.9307256235827664
0.9313492063492064
0.9312547241118669
0.9316704459561602
0.9321428571428572
0.9316893424036281
0.930631141345427
0.9325585789871504
0.9311224489795918
0.9303665910808768
0.932161753590325
0.9310468631897203
0.9316515495086923
0.9312736205593348
0.9324263038548752
0.9313303099017385
0.9320483749055177
0.9315003779289494
0.9302343159486016
0.9314436885865457
0.9315192743764172
0.9303476946334089
0.9319727891156463
0.9306878306878307
0.9313492063492064
0.9299508692365835
0.9309901738473167
0.9320483749055177
0.9307823129251701
0.9306122448979591
0.9314625850340136
0.9311602418745276
0.9316893424036281
0.9307823129251701
0.9322940287226001
0.9306122448979591
0.9311791383219955
0.9310090702947846
0.9322562358276644
0.9309145880574452
0.9302721088435374
0.932464096749811
0.9318216175359032
0.9310657596371882
0.9319349962207105
0.9317460317460318
0.9304232804232804
0.931103552532124
0.9323318216175359
0.9317838246409675
0.9317460317460318
0.9310846560846561
0.9325207860922147
0.9318027210884354
0.9321806500377929
0.9323696145124717
0.9310657596371882
0.9311224489795918
0.9329743008314437
0.9318027210884354
0.9325396825396826
0.932010582010582
0.9323885109599396
0.931859410430839
0.9323507180650038
0.9318405139833711
0.9308578987150415
0.9308578987150415
0.9321050642479214
0.9327475434618292
0.931103552532124
0.9329554043839758
0.9315003779289494
0.9315948601662888
0.9322373393801965
0.931859410430839
0.932312925170068
0.9306878306878307
0.9325774754346183
0.9332388510959939
0.9323696145124717
0.9321239606953893
0.9322562358276644
0.9320294784580498
0.9322751322751323
0.9317271352985639
0.932785336356765
0.9330309901738473
0.9332955404383976
0.9331443688586546
0.9313114134542706
0.9322562358276644
0.9326530612244898
0.9329743008314437
0.9320483749055177
0.9314625850340136
0.9328987150415722
0.9318972033257747
0.9316515495086923
0.933219954648526
0.9324829931972789
0.9325207860922147
0.9326530612244898
0.9317460317460318
0.9317460317460318
0.933390022675737
0.9324829931972789
0.9315003779289494
0.9339380196523054
0.9320861678004535
0.9329931972789116
0.9320294784580498
0.932936507936508
0.9321806500377929
0.9314436885865457
0.9325018896447468
0.932161753590325
0.9323696145124717
0.9328420256991685
0.9322751322751323
0.9324074074074075
0.9328798185941043
0.9322751322751323
0.9321806500377929
0.9333144368858655
0.932312925170068
0.9314814814814815
0.9314436885865457
0.9334089191232048
0.9334089191232048
0.9325018896447468
0.9323885109599396
0.9326341647770219
0.9320672713529856
0.9333333333333333
0.9323318216175359
0.9324452003023431
0.9329554043839758
0.9322562358276644
0.9334089191232048
0.9327664399092971
0.9330120937263794
0.9322940287226001
0.9319727891156463
0.9319727891156463
0.9337868480725624
0.9321806500377929
0.932615268329554
0.9325207860922147
0.9330309901738473
0.9323885109599396
0.932161753590325
0.9322751322751323
0.9335789871504158
0.9310468631897203
0.9324263038548752
0.9328231292517006
0.9318972033257747
0.932312925170068
0.932615268329554
0.9332766439909297
0.9322940287226001
0.9326908541194255
0.9339380196523054
0.9329554043839758
0.9327475434618292
0.9348450491307634
0.9323696145124717
0.9328042328042329
0.933219954648526
0.9329176114890401
0.9327664399092971
0.933390022675737
0.9322373393801965
0.9332010582010583
0.9328987150415722
0.9319160997732426
0.9328798185941043
0.9331254724111867
0.9340513983371126
0.9330876795162509
0.933692365835223
0.9333144368858655
0.9333522297808012
0.9334656084656084
0.9336356764928193
0.9337301587301587
0.9336167800453514
0.9336545729402872
0.9316704459561602
0.9346371882086167
0.932615268329554
0.9333144368858655
0.9332388510959939
0.9333522297808012
0.9330309901738473
0.9333144368858655
0.9326341647770219
0.9334656084656084
0.9334656084656084
0.9324452003023431
0.9330309901738473
0.9344293272864701
0.93354119425548
0.933843537414966
0.9336545729402872
0.9330120937263794
0.9337112622826909
0.9331254724111867
0.9336356764928193
0.932936507936508
0.9337679516250945
0.9332766439909297
0.93354119425548
0.9341269841269841
0.933692365835223
0.9340136054421768
0.9333144368858655
0.9345238095238095
0.93354119425548
0.9342403628117913
0.9332955404383976
0.9335222978080121
0.9331254724111867
0.9333333333333333
0.9336356764928193
0.9330309901738473
0.9336734693877551
0.93354119425548
0.933219954648526
0.9335978835978836
0.9336167800453514
0.9331254724111867
0.9339191232048375
0.9333522297808012
0.9340891912320484
0.933843537414966
0.9340513983371126
0.9339191232048375
0.9338624338624338
0.9325018896447468
0.9347316704459562
0.9341269841269841
0.9337301587301587
0.9348828420256992
0.9335789871504158
0.9349773242630386
0.9345049130763416
0.9335789871504158
0.9342781557067271
0.933390022675737
0.9342214663643235
0.933843537414966
0.9332010582010583
0.9343915343915344
0.9333711262282691
0.9340325018896447
0.9363567649281935
0.9341836734693878
0.9340325018896447
0.9340513983371126
0.9342025699168557
0.933692365835223
0.934145880574452
0.9346938775510204
0.9336356764928193
0.9328042328042329
0.9354119425547996
0.9339758125472412
0.9348072562358276
0.9332577475434618
0.9346749811035525
0.9341080876795163
0.9340702947845805
0.9343915343915344
0.9342403628117913
0.9341647770219199
0.9342403628117913
0.9339002267573696
0.9351851851851852
0.9350151171579743
0.9352229780801209
0.9335034013605442
0.9350340136054421
0.9347883597883598
0.9339569160997733
0.9348639455782313
0.9338624338624338
0.9343159486016629
0.9351284958427816
0.934769463340892
0.9345049130763416
0.9353174603174603
0.9346749811035525
0.934297052154195
0.9335978835978836
0.9334656084656084
0.9348072562358276
0.934145880574452
0.934145880574452
0.9352985638699924
0.9341269841269841
0.9348828420256992
0.9340325018896447
0.934769463340892
0.9357331821617536
0.9344671201814059
0.9354875283446712
0.934901738473167
0.9346371882086167
0.9342592592592592
0.9345804988662132
0.9342214663643235
0.934901738473167
0.9345049130763416
0.935374149659864
0.9345616024187453
0.9346182917611489
0.9353174603174603
0.9355820105820106
0.9347127739984883
0.9346938775510204
0.9336734693877551
0.9352418745275888
0.9356009070294785
0.935525321239607
0.9337112622826909
0.9344671201814059
0.9354497354497354
0.9343726379440666
0.93567649281935
0.9351284958427816
0.934297052154195
0.9345804988662132
0.9352607709750567
0.9356575963718821
0.934901738473167
0.9356575963718821
0.9346371882086167
0.9351095993953137
0.9340325018896447
0.9352985638699924
0.9348072562358276
0.9361489040060469
0.934448223733938
0.9343537414965987
0.9357331821617536
0.935204081632653
0.9352796674225246
0.9352229780801209
0.9359032501889645
0.9349395313681028
0.9353363567649282
0.9349962207105065
0.9352229780801209
0.9352418745275888
0.9353174603174603
0.9343915343915344
0.9345804988662132
0.9359032501889645
0.9356198034769463
0.9351662887377173
0.9345993953136811
0.9340325018896447
0.9357331821617536
0.9357142857142857
0.9354875283446712
0.9348639455782313
0.9349962207105065
0.9351095993953137
0.9350340136054421
0.9360544217687075
0.9356386999244142
0.9363189720332578
0.9351284958427816
0.9349962207105065
0.9342592592592592
0.9352607709750567
0.9343726379440666
0.9354497354497354
0.9349206349206349
0.9343915343915344
0.9361111111111111
0.9357520786092215
0.9358654572940287
0.9356198034769463
0.9352796674225246
0.9353930461073319
0.9354497354497354
0.9356953892668178
0.9346560846560846
0.9359221466364324
0.9354875283446712
0.93505291005291
0.9354119425547996
0.9362433862433862
0.9360166288737717
0.9360166288737717
0.9359032501889645
0.93505291005291
0.9355442176870749
0.9354119425547996
0.935374149659864
0.9354497354497354
0.935808767951625
0.9354686318972033
0.9362622826908541
0.9357331821617536
0.9356198034769463
0.9377928949357521
0.9359410430839002
0.9362433862433862
0.9359032501889645
0.9354497354497354
0.9349584278155707
0.9367157974300832
0.9360544217687075
0.9345804988662132
0.936281179138322
0.9359032501889645
0.9354497354497354
0.9362433862433862
0.9365079365079365
0.9364701436130007
0.9363756613756614
0.9359410430839002
0.9354497354497354
0.9366969009826153
0.9360355253212396
0.9368669690098261
0.9357709750566894
0.9362622826908541
0.9350718065003779
0.9360922146636432
0.9377551020408164
0.9357142857142857
0.9367157974300832
0.9356009070294785
0.9360166288737717
0.9360544217687075
0.9356009070294785
0.935978835978836
0.9363945578231293
0.9377928949357521
0.9367535903250189
0.9366969009826153
0.9363000755857899
0.9369425547996977
0.9348450491307634
0.9361489040060469
0.9359221466364324
0.9361489040060469
0.9364890400604686
0.9356009070294785
0.9366402116402116
0.9353363567649282
0.9370748299319728
0.9371693121693122
0.9365268329554044
0.9360922146636432
0.9367724867724868
0.9356575963718821
0.9367724867724868
0.9360166288737717
0.9373960695389267
0.9371882086167801
0.9364701436130007
0.935978835978836
0.9373771730914588
0.935525321239607
0.9369425547996977
0.9362055933484504
0.9363189720332578
0.9370559334845049
0.9358465608465608
0.9364701436130007
0.9368102796674225
0.9368102796674225
0.9363000755857899
0.9361866969009827
0.9366024187452758
0.9363567649281935
0.9360544217687075
0.9351473922902495
0.9368480725623582
0.9372448979591836
0.9355631141345427
0.9365268329554044
0.9365457294028723
0.9362244897959183
0.9361489040060469
0.9365835222978081
0.9365835222978081
0.9370181405895691
0.9376606198034769
0.9367913832199547
0.9360922146636432
0.9357898715041573
0.9361111111111111
0.936734693877551
0.9370559334845049
0.9369236583522298
0.9364890400604686
0.9366213151927437
0.9363567649281935
0.9376795162509448
0.9375661375661376
0.9358465608465608
0.9374338624338624
0.9375094482237339
0.9366024187452758
0.9372826908541194
0.9366024187452758
0.9378117913832199
0.9372448979591836
0.9360166288737717
0.9373771730914588
0.9366213151927437
0.9381897203325775
0.9367535903250189
0.9377928949357521
0.9366402116402116
0.9372826908541194
0.9366780045351474
0.9376606198034769
0.9366402116402116
0.936130007558579
0.9369047619047619
0.9373204837490552
0.9367724867724868
0.9383408919123205
0.9370181405895691
0.9378306878306878
0.935978835978836
0.9363000755857899
0.9374527588813303
0.9369236583522298
0.9371693121693122
0.9359977324263039
0.9383786848072563
0.9370748299319728
0.937962962962963
0.9366402116402116
0.9371126228269085
0.9366024187452758
0.9374338624338624
0.9378306878306878
0.9378873771730915
0.937641723356009
0.9379251700680272
0.9373960695389267
0.9366780045351474
0.9380574452003023
0.9380196523053665
0.9381519274376418
0.9367535903250189
0.9371693121693122
0.9367913832199547
0.9387566137566138
0.9376606198034769
0.9370937263794407
0.9364701436130007
0.9388510959939531
0.9376228269085412
0.9375850340136055
0.9371126228269085
0.9370748299319728
0.9376984126984127
0.9380196523053665
0.9387377173091459
0.9349584278155707
0.9379251700680272
0.9372826908541194
0.9380952380952381
0.9372637944066515
0.9376228269085412
0.9363756613756614
0.9374527588813303
0.9368102796674225
0.9367724867724868
0.9386243386243386
0.9371504157218443
0.9380196523053665
0.9386621315192744
0.9376039304610733
0.9378873771730915
0.9382464096749811
0.9374338624338624
0.9363756613756614
0.9372637944066515
0.9374716553287982
0.9385109599395314
0.9369992441421013
0.9381897203325775
0.9372260015117158
0.9368291761148904
0.9370559334845049
0.9372260015117158
0.9377928949357521
0.9375094482237339
0.9381330309901739
0.9373204837490552
0.9372448979591836
0.9366780045351474
0.9372448979591836
0.9379251700680272
0.9387944066515496
0.9364890400604686
0.9376795162509448
0.9381708238851096
0.9364512471655329
0.9388321995464852
0.9386054421768707
0.9368669690098261
0.937641723356009
0.9373204837490552
0.9377362055933485
0.9381330309901739
0.9385109599395314
0.9379440665154951
0.938265306122449
0.9376606198034769
0.9373015873015873
0.9390400604686319
0.9373015873015873
0.9379818594104309
0.9382086167800453
0.9377928949357521
0.9369614512471656
0.9369236583522298
0.9389266817838247
0.9378306878306878
0.9385487528344671
0.9369236583522298
0.9392668178382464
0.9384920634920635
0.9380007558578987
0.9384353741496598
0.9381519274376418
0.9382464096749811
0.9382086167800453
0.9382842025699168
0.9389455782312925
0.9384920634920635
0.9380196523053665
0.9372637944066515
0.9382086167800453
0.9374527588813303
0.9380007558578987
0.938869992441421
0.9383408919123205
0.9378306878306878
0.9381708238851096
0.938567649281935
0.9367913832199547
0.9390589569160998
0.9388888888888889
0.9392101284958427
0.9380952380952381
0.9381519274376418
0.9378495842781557
0.9386999244142101
0.9386621315192744
0.9395502645502646
0.9379818594104309
0.9371882086167801
0.9390589569160998
0.9377928949357521
0.9387377173091459
0.9386999244142101
0.9376606198034769
0.9385865457294029
0.9380574452003023
0.9370748299319728
0.9384542705971277
0.9378306878306878
0.9388321995464852
0.9374527588813303
0.9389455782312925
0.9394179894179894
0.9387755102040817
0.9390967498110355
0.9387377173091459
0.9388510959939531
0.9394557823129251
0.9380007558578987
0.9386054421768707
0.9379440665154951
0.938869992441421
0.9389266817838247
0.9389077853363568
0.9394557823129251
0.9386243386243386
0.9391723356009071
0.9384164777021919
0.938718820861678
0.9391345427059713
0.9387755102040817
0.9379062736205593
0.9387755102040817
0.9391534391534392
0.9381708238851096
0.9383597883597884
0.9396069538926681
0.9398148148148148
0.939191232048375
0.9396447467876039
0.937358276643991
0.9389266817838247
0.9382842025699168
0.9388133030990173
0.9394935752078609
0.9380952380952381
0.9388133030990173
0.9399659863945579
0.9407596371882087
0.939795918367347
0.9393613000755858
0.9398148148148148
0.9383030990173847
0.9398526077097505
0.9381708238851096
0.9400415721844293
0.9381897203325775
0.9384920634920635
0.9390778533635676
0.9389266817838247
0.9393613000755858
0.9389833711262283
0.939795918367347
0.9385865457294029
0.9401738473167045
0.9397203325774754
0.9395124716553288
0.9389077853363568
0.9405328798185941
0.9396825396825397
0.9386243386243386
0.938718820861678
0.939625850340136
0.9393990929705215
0.9401360544217687
0.9383219954648526
0.9392290249433106
0.9384164777021919
0.9390778533635676
0.9393424036281179
0.9397581254724112
0.9389644746787604
0.9389266817838247
0.9395880574452004
0.9394935752078609
0.939795918367347
0.9393046107331822
0.9405706727135299
0.9406462585034013
0.9384731670445956
0.9406651549508692
0.940098261526833
0.939474678760393
0.9387566137566138
0.9395124716553288
0.9400604686318972
0.9413832199546486
0.9404761904761905
0.9400604686318972
0.9394557823129251
0.9393613000755858
0.9402494331065759
0.9386054421768707
0.9395313681027967
0.9391723356009071
0.9404761904761905
0.9401738473167045
0.9399281934996221
0.9406084656084656
0.9405706727135299
0.939625850340136
0.9400037792894935
0.9388321995464852
0.9404572940287226
0.9401738473167045
0.9386432350718065
0.9403250188964475
0.9393990929705215
0.9398904006046863
0.9400226757369614
0.9394179894179894
0.9401738473167045
0.9393424036281179
0.9393613000755858
0.9402683295540438
0.9402116402116402
0.9393046107331822
0.9396825396825397
0.9390778533635676
0.9393613000755858
0.9403439153439154
0.939625850340136
0.9396636432350718
0.9399659863945579
0.9409486016628874
0.9401360544217687
0.9404195011337868
0.9401549508692366
0.9399092970521542
0.9393613000755858
0.9400226757369614
0.9407596371882087
0.9411375661375662
0.9407785336356765
0.9393424036281179
0.9422524565381708
0.9404761904761905
0.9406651549508692
0.9401171579743008
0.9397392290249433
0.9406651549508692
0.9391534391534392
0.9402872260015117
0.9396636432350718
0.941156462585034
0.9410619803476946
0.9399848828420257
0.9398148148148148
0.9402872260015117
0.9397203325774754
0.9400604686318972
0.9404572940287226
0.9393801965230537
0.9398715041572184
0.940854119425548
0.9398715041572184
0.9398526077097505
0.9406462585034013
0.939795918367347
0.9406840513983371
0.9394935752078609
0.9404950869236584
0.9404006046863189
0.9394935752078609
0.9398715041572184
0.9407785336356765
0.9408163265306122
0.9389455782312925
0.93994708994709
0.9410241874527588
0.9403628117913833
0.9401171579743008
0.9406462585034013
0.940230536659108
0.9406651549508692
0.9403250188964475
0.9404006046863189
0.93994708994709
0.9419501133786848
0.9401549508692366
0.9406273620559334
0.9395313681027967
0.9397392290249433
0.9397770219198791
0.9404195011337868
0.9398526077097505
0.9401927437641724
0.9403061224489796
0.9405895691609978
0.9407785336356765
0.9403628117913833
0.9406651549508692
0.9398337112622827
0.9401738473167045
0.9409297052154195
0.9405328798185941
0.9401549508692366
0.9412320483749055
0.9416288737717309
0.93932350718065
0.9403439153439154
0.9411375661375662
0.9404761904761905
0.9413454270597128
0.9408163265306122
0.9397581254724112
0.941156462585034
0.9405328798185941
0.9399281934996221
0.9405706727135299
0.9401549508692366
0.9415343915343916
0.9406462585034013
0.9401549508692366
0.9394935752078609
0.9410997732426304
0.93932350718065
0.9408352229780801
0.9404950869236584
0.9418934240362812
0.9410997732426304
0.9414210128495842
0.9399659863945579
0.941609977324263
0.9408352229780801
0.940854119425548
0.9410808767951625
0.9407785336356765
0.9402116402116402
0.941609977324263
0.9409863945578232
0.9401360544217687
0.9400415721844293
0.9408919123204837
0.9415154950869237
0.9395880574452004
0.9419879062736206
0.940854119425548
0.9415532879818594
0.9402494331065759
0.9406273620559334
0.9416288737717309
0.9409297052154195
0.9418367346938775
0.9403439153439154
0.9412320483749055
0.9407407407407408
0.9414965986394558
0.9407785336356765
0.9408163265306122
0.9418367346938775
0.9398904006046863
0.9417422524565382
0.9404761904761905
0.940551776266062
0.93994708994709
0.9398526077097505
0.9411186696900983
0.9418178382464096
0.9402116402116402
0.9401738473167045
0.9414210128495842
0.9408919123204837
0.9408919123204837
0.9409108087679516
0.9407974300831443
0.9408352229780801
0.940854119425548
0.9412320483749055
0.9407407407407408
0.942063492063492
0.941005291005291
0.9422524565381708
0.9411186696900983
0.9407785336356765
0.9404383975812547
0.9425547996976569
0.9414965986394558
0.9416288737717309
0.9415343915343916
0.9405328798185941
0.9413643235071807
0.9417044595616024
0.9409486016628874
0.941780045351474
0.9417422524565382
0.9404572940287226
0.9423280423280423
0.9409108087679516
0.9422713529856387
0.9410619803476946
0.9424036281179138
0.9418934240362812
0.9419123204837491
0.9410619803476946
0.941780045351474
0.94145880574452
0.9407596371882087
0.9406273620559334
0.9421579743008315
0.9403817082388511
0.9422713529856387
0.941307634164777
0.9413643235071807
0.9418934240362812
0.941156462585034
0.9412698412698413
0.9416477702191988
0.941005291005291
0.9410619803476946
0.9419879062736206
0.9410241874527588
0.9425547996976569
0.9408352229780801
0.9421768707482994
0.9423658352229781
0.9415910808767952
0.9418745275888133
0.9413454270597128
0.9425547996976569
0.9420068027210884
0.9415343915343916
0.9421957671957671
0.9418934240362812
0.9422524565381708
0.9414021164021164
0.9421957671957671
0.94145880574452
0.941609977324263
0.9424225245653817
0.9420445956160242
0.9419879062736206
0.9423091458805745
0.9424603174603174
0.9424414210128496
0.9416477702191988
0.9417233560090703
0.941931216931217
0.9418556311413454
0.9415910808767952
0.9417422524565382
0.9410997732426304
0.9418178382464096
0.9411375661375662
0.9420445956160242
0.9417422524565382
0.9425736961451248
0.9424603174603174
0.9417611489040061
0.941931216931217
0.941609977324263
0.9424981103552532
0.9422524565381708
0.9413643235071807
0.943140589569161
0.9415343915343916
0.9416666666666667
0.9415721844293273
0.9413454270597128
0.9427248677248677
0.9421390778533636
0.9423658352229781
0.942214663643235
0.9400793650793651
0.9430839002267574
0.9420445956160242
0.9404950869236584
0.9431783824640968
0.9423658352229781
0.9421201814058957
0.9418367346938775
0.9416855631141345
0.9429327286470144
0.9424414210128496
0.9410997732426304
0.9426492819349962
0.9417611489040061
0.9414399092970521
0.9430272108843537
0.942687074829932
0.9423280423280423
0.9420445956160242
0.9414965986394558
0.9407596371882087
0.9429705215419502
0.943291761148904
0.9422335600907029
0.9415721844293273
0.9429138321995465
0.9418934240362812
0.9421201814058957
0.9410619803476946
0.9432161753590325
0.9422902494331066
0.9404195011337868
0.9427815570672714
0.9420823885109599
0.9416666666666667
0.9413454270597128
0.9422902494331066
0.9429516250944823
0.9423280423280423
0.9421012849584278
0.9419690098261527
0.9432539682539682
0.942687074829932
0.9423658352229781
0.9420256991685563
0.9432350718065003
0.9424792139077853
0.9431027966742253
0.9430083144368858
0.9429138321995465
0.9417233560090703
0.9421390778533636
0.9424414210128496
0.9429327286470144
0.941609977324263
0.9415532879818594
0.9422902494331066
0.9424414210128496
0.9413832199546486
0.942063492063492
0.9426681783824641
0.9424225245653817
0.9418745275888133
0.9434996220710506
0.9434051398337112
0.9425170068027211
0.942989417989418
0.9421957671957671
0.9433484504913077
0.9425925925925925
0.9410997732426304
0.9422524565381708
0.9418556311413454
0.9426114890400604
0.944047619047619
0.942687074829932
0.9427815570672714
0.9432728647014361
0.9430461073318216
0.9432350718065003
0.9427437641723356
0.9422335600907029
0.943140589569161
0.9425170068027211
0.9432539682539682
0.9420823885109599
0.9427059712773999
0.9424036281179138
0.9434051398337112
0.9431027966742253
0.9430083144368858
0.9423091458805745
0.942838246409675
0.942838246409675
0.9426114890400604
0.9418934240362812
0.9424036281179138
0.9430461073318216
0.9429705215419502
0.9434051398337112
0.9425170068027211
0.942838246409675
0.9424225245653817
0.9441421012849585
0.9426114890400604
0.9426303854875283
0.9433673469387756
0.9427248677248677
0.9437263794406652
0.9424414210128496
0.9435563114134543
0.9431783824640968
0.9425925925925925
0.9427437641723356
0.9442743764172336
0.9432728647014361
0.9433862433862434
0.9426303854875283
0.9421390778533636
0.9428004535147392
0.9425170068027211
0.9428760393046107
0.9427248677248677
0.9438586545729403
0.9433295540438398
0.9432161753590325
0.9429705215419502
0.9429327286470144
0.9443499622071051
0.9436318972033257
0.9428004535147392
0.9425547996976569
0.9441421012849585
0.9427437641723356
0.9436507936507936
0.9453703703703704
0.9431216931216931
0.9442176870748299
0.9427815570672714
0.9439153439153439
0.9430839002267574
0.9436507936507936
0.942838246409675
0.9433862433862434
0.9423658352229781
0.9432728647014361
0.9432350718065003
0.9438397581254724
0.9432539682539682
0.9436507936507936
0.9424981103552532
0.9440098261526833
0.9435752078609222
0.9437074829931973
0.9439342403628118
0.9441232048374906
0.9435563114134543
0.94359410430839
0.9433862433862434
0.9425736961451248
0.9424414210128496
0.94359410430839
0.9427248677248677
0.9434051398337112
0.9433862433862434
0.9435374149659864
0.9430461073318216
0.9430839002267574
0.944047619047619
0.9446145124716553
0.9442743764172336
0.9445578231292517
0.9441609977324263
0.9428004535147392
0.943896447467876
0.9438586545729403