0.5362370563989143
0.6088016487383131
0.6294711973459335
0.6423544787373078
0.6542726450185986
0.6629536543681512
0.6689353573941892
0.674283703629235
0.6790539861264703
0.6823112496230019
0.6854126872423847
0.686247109681311
0.6899768774504876
0.6910777118729265
0.693073288428672
0.6942545491102845
0.6966019905499146
0.6990097516839248
0.7016286317482658
0.7040414195234744
0.7052980798230623
0.7069015783653363
0.7083241178244697
0.7107369055996783
0.7120538855936464
0.7137931034482758
0.7151955363426159
0.7167487684729064
0.7178797627425354
0.7188046647230321
0.7205388559364633
0.7215492108173318
0.7227354981401427
0.7237257464562179
0.7244696893535739
0.7253895646928722
0.725957575148286
0.7265406655272947
0.7273951945310144
0.7278727254448577
0.7289383733789082
0.7290992258972554
0.730582085050769
0.7312405750477531
0.7323464361113904
0.7325877148889113
0.7344324922087061
0.7351513019000704
0.7365235749472203
0.7367246405951543
0.7381723132602794
0.7391022418819745
0.7394340002010656
0.7410978184377199
0.7414496833216045
0.7424198250728863
0.7438524178144164
0.7437166985020609
0.7457173016990047
0.7456821152106162
0.7473509600884689
0.7478435709259074
0.7490298582487183
0.7488941389363627
0.7503116517542978
0.7504976374786367
0.7525434804463658
0.7526590931939278
0.7530109580778124
0.7534382225796723
0.755323213029054
0.7554539057002111
0.7572031768372374
0.7568010455413693
0.7579873328641802
0.7592289132401729
0.7599276163667438
0.7609530511712074
0.7613501558258772
0.7617171006333567
0.7625464964310847
0.763380918870011
0.764210314667739
0.764853724741128
0.7654870815321202
0.7676435106062129
0.7677189102241881
0.768432693274354
0.769533527696793
0.7711571328038604
0.7715190509701417
0.7720217150899769
0.7730572031768372
0.774213330652458
0.7749271137026239
0.7758218558359304
0.7758218558359304
0.777847592238866
0.7789685332260983
0.7781944304815522
0.7799185684125867
0.7798783552829999
0.7813662410777119
0.7820951040514728
0.7823916758821755
0.7838996682416809
0.7847340906806072
0.7845078918266815
0.785603699607922
0.7863928822760632
0.787564089675279
0.788152206695486
0.7888106966924701
0.7890821353171811
0.7897908917261486
0.7906956871418518
0.7919724540062331
0.7921131999597869
0.7928219563687544
0.7933095405649945
0.7941841761335076
0.7954709962802855
0.7957977279581784
0.7954659696390871
0.7971046546697497
0.7976123454307832
0.7985372474112797
0.7986428068764452
0.7996079219865286
0.7998190409168594
0.8003166783954961
0.8013119533527697
0.8012767668643812
0.8013974062531416
0.8024881873931838
0.8029707449482256
0.8034432492208706
0.804021312958681
0.8050970141751281
0.8051271740223183
0.8049763747863677
0.806353674474716
0.8069920579069066
0.8076857343922791
0.8080074394289736
0.808701115914346
0.8089524479742636
0.80935960591133
0.8098572433899668
0.8094551120940987
0.8107871720116618
0.8109228913240173
0.8119181662812909
0.8125213632250929
0.8123404041419523
0.8134965316175732
0.8147079521463758
0.8146325525284005
0.8154619483261285
0.8156529606916658
0.81591434603398
0.816628129084146
0.8172313260279481
0.8180154820548909
0.8178747361013371
0.8189655172413793
0.8192369558660902
0.8199607921986528
0.8202272041821654
0.8206946818136122
0.8218809691364231
0.8219513421132
0.822237860661506
0.8228712174524982
0.8233789082135318
0.8239821051573338
0.8244294762239871
0.8248617673670453
0.8256559766763848
0.8252236855333266
0.8266210917864683
0.8267970242284106
0.8273951945310144
0.8275560470493616
0.8285563486478336
0.8292852116215944
0.8297124761234543
0.8299839147481652
0.8304061526088268
0.8303860460440334
0.8317080526791998
0.8315673067256459
0.8315974665728361
0.8324469689353574
0.8330300593143661
0.8334271639690359
0.8342113199959786
0.8347541972454007
0.8353674474715995
0.8357142857142857
0.8357695787674676
0.8369055996782949
0.8363778023524681
0.8374132904393284
0.837966220971147
0.8386448175329245
0.8386598974565196
0.8396652256961898
0.8398662913441238
0.8406856338594552
0.8404745149291244
0.8407911933246205
0.8417010153815221
0.8417010153815221
0.8427063436211923
0.8430632351462752
0.8430732884286719
0.843359806976978
0.8442897355986729
0.8443751884990449
0.8452799839147481
0.8445561475821856
0.8455011561274757
0.8452397707851613
0.8460540866592943
0.8462048858952448
0.8474866794008243
0.8474313863476425
0.8472001608525184
0.8483914748165275
0.848698099929627
0.8484769277168995
0.8490348848899165
0.849612948627727
0.8497034281692972
0.8502563587011159
0.8505629838142154
0.8517794309842164
0.8511561274756207
0.8513220066351663
0.8520609228913241
0.852246908615663
0.8533477430381019
0.852689253041118
0.8535437820448376
0.8533577963204987
0.8534281692972756
0.8540313662410777
0.8545340303609128
0.8547401226500453
0.8547753091384337
0.8556801045541369
0.8551874937166986
0.8555896250125666
0.8554539057002111
0.8567558057705841
0.8575751482859153
0.856826178747361
0.8571730169900472
0.8581079722529406
0.8576656278274857
0.8585101035488086
0.8586156630139741
0.859243993163768
0.8593797124761234
0.8597717904895948
0.8604654669749673
0.8597516839248015
0.8603548808686036
0.8610435307127777
0.8605810797225294
0.861576354679803
0.8611139036895546
0.8617372071981502
0.8618880064341007
0.8619885392580677
0.8631195335276968
0.8625314165074897
0.8629385744445561
0.8633155725344325
0.8629184678797628
0.8638483965014577
0.8636674374183171
0.8640896752789786
0.8648185382527395
0.8651804564190209
0.8652206695486077
0.8654016286317483
0.8657384135920378
0.8655624811500955
0.8663818236654267
0.8662913441238564
0.866356690459435
0.866814114808485
0.8668191414496833
0.8671659796923695
0.86731677892832
0.8675932441942295
0.8679953754900975
0.8679501357193123
0.8681612546496431
0.8687141851814617
0.8689454106765859
0.8690057303709661
0.8696742736503469
0.8689554639589826
0.86963406052076
0.8705388559364633
0.8706796018900171
0.8698401528098925
0.8705840957072484
0.8707801347139841
0.871121946315472
0.871780436312456
0.8712576656278275
0.8715894239469186
0.8727706846285312
0.8721674876847291
0.8717251432592742
0.8728661908112999
0.872237860661506
0.8731778425655977
0.8736604001206394
0.8733386950839449
0.8738313059213834
0.8743440233236152
0.8747562079018799
0.8744646627123756
0.8739971850809289
0.8753644314868805
0.874570222177541
0.875228712174525
0.87478636774907
0.8755956569820046
0.8754448577460541
0.8763295465969639
0.8761787473610134
0.8758419624007239
0.8761485875138233
0.8769327435407661
0.8771790489594853
0.8764501859857243
0.8777872725444857
0.8770986227003117
0.8772494219362622
0.8776817130793204
0.8780084447572132
0.8780888710163869
0.8785111088770483
0.8783502563587011
0.8789685332260984
0.8788076807077511
0.8787322810897759
0.8792198652860159
0.8791092791796522
0.8796973961998592
0.8796973961998592
0.879722529405851
0.8799286216949834
0.8799034884889917
0.8805921383331657
0.880737910927918
0.8801196340605207
0.8808535236754801
0.8813461345129184
0.8810646426058107
0.8808535236754801
0.8819694380215141
0.8812204684829597
0.8820498642806877
0.8821855835930431
0.8815019603900673
0.882341409470192
0.88225595656982
0.8823665426761838
0.8830250326731678
0.8829546596963909
0.8824117824469689
0.8832763647330854
0.883472403739821
0.8835126168694079
0.8839951744244496
0.8843420126671359
0.8839800945008546
0.8837438423645321
0.8839147481652759
0.884673770986227
0.8847541972454006
0.8843922790791193
0.8847793304513923
0.8852920478536243
0.8851915150296572
0.885131195335277
0.8850206092289132
0.8856589926611038
0.8861164170101539
0.8855383532723434
0.8865788680004021
0.8868302000603197
0.8860008042625918
0.8859857243389967
0.8870865587614356
0.8878053684527999
0.8870563989142455
0.8872876244093697
0.8861264702925505
0.8872574645621796
0.8873177842565597
0.887649542575651
0.8875389564692873
0.8879712476123455
0.8883784055494118
0.8881522066954861
0.8880114607419323
0.8885292047853625
0.8882577661606514
0.8890268422639992
0.8890921885995777
0.8888207499748668
0.888865989745652
0.8889162561576355
0.8893183874535036
0.8898059716497436
0.8897908917261486
0.8893887604302805
0.8898662913441239
0.8902231828692068
0.8897908917261486
0.8895998793606112
0.8898311048557354
0.8902382627928018
0.8904242485171409
0.8912938574444557
0.890469488287926
0.8902332361516035
0.8912787775208606
0.8907811400422238
0.8912435910324721
0.8912435910324721
0.8911681914144969
0.8917311752287121
0.8923796119432995
0.8918668945410677
0.8917362018699105
0.8920126671358198
0.8920679601890017
0.8923896652256962
0.892344425454911
0.8925857042324319
0.8922639991957374
0.8925354378204484
0.8926812104152005
0.893088368352267
0.8920830401125968
0.8933397004121846
0.8926359706444154
0.8936764853724741
0.8930984216346637
0.8934502865185483
0.8935759525485071
0.8935709259073087
0.8944958278878054
0.8935206594953252
0.8939378707147884
0.8937770181964412
0.894304815522268
0.894933145672062
0.8944154016286318
0.8943198954458631
0.8948828792600784
0.8951744244495828
0.8946114406353675
0.8948225595656982
0.8951593445259878
0.8953855433799135
0.8948979591836734
0.8956670352870212
0.8949130391072685
0.8955363426158641
0.8958530210113602
0.896194832612848
0.8960038202473107
0.8961395395596662
0.8959987936061123
0.8959083140645421
0.8958882074997486
0.8964160048255756
0.8960741932240877
0.8965969639087162
0.8965567507791294
0.8971599477229315
0.8969789886397909
0.8967477631446668
0.8970342816929727
0.8973710666532623
0.8976324519955765
0.8971247612345431
0.8974766261184277
0.8970594148989645
0.8979139439026842
0.89765255856037
0.8982607821453704
0.898512114205288
0.8979742635970644
0.8983914748165276
0.8982959686337589
0.8986880466472303
0.898527194128883
0.898698099929627
0.8990750980195034
0.8985674072584698
0.8990600180959083
0.8986779933648337
0.8986025937468584
0.8991153111490902
0.8997335880164874
0.899442042826983
0.9000502664119835
0.8988488991655775
0.8992460038202473
0.8997687745048758
0.8994671760329748
0.8999095204584296
0.9005981703026038
0.9004021312958681
0.8999095204584296
0.9003418116014879
0.9006635166381823
0.9005629838142153
0.9004624509902484
0.9005680104554137
0.9008947421333066
0.9007087564089675
0.9009852216748768
0.9011309942696291
0.9013521664823565
0.901115914346034
0.9005931436614054
0.9010757012164472
0.9010204081632653
0.901301900070373
0.90185985724339
0.901874937166985
0.9015833919774806
0.9016336583894642
0.9017191112898362
0.9021715089976877
0.9022117221272745
0.901960390067357
0.9022820951040514
0.9020357896853323
0.9021966422036795
0.9025032673167789
0.9023926812104152
0.9021111893033076
0.9029556650246305
0.9027093596059114
0.9025133205991757
0.9032723434201266
0.9025233738815723
0.903005931436614
0.9025786669347542
0.9024379209812003
0.9030310646426059
0.9034935156328541
0.9032723434201266
0.9033577963204986
0.9039911531114909
0.9039308334171107
0.9028400522770684
0.9037549009751684
0.9039660199054992
0.9038001407459536
0.9037599276163667
0.9041017392178546
0.9042776716597969
0.9039660199054992
0.9041871921182266
0.9043329647129787
0.9046999095204584
0.9048959485271941
0.904091685935458
0.9046395898260782
0.9048808686035991
0.9052478134110787
0.9052277068462853
0.9051673871519051
0.9048808686035991
0.9046395898260782
0.9056147582185584
0.9052628933346738
0.9051120940987233
0.9049713481451694
0.9051824670755001
0.9054187192118227
0.9056599979893435
0.9055142253945914
0.9054187192118227
0.9055845983713683
0.9053282396702523
0.9056650246305419
0.9064743138634764
0.9060973157736001
0.9060973157736001
0.9058258771488891
0.905911330049261
0.9059314366140545
0.9060269427968232
0.905996782949633
0.9064994470694682
0.9064491806574847
0.9063587011159143
0.9060420227204182
0.9063436211923193
0.9071277772192621
0.906826178747361
0.9068864984417412
0.9069669247009149
0.9075650950035187
0.9071076706544687
0.906911631647733
0.9074344023323615
0.9067206192821956
0.9075449884387252
0.906911631647733
0.9072735498140143
0.9070724841660802
0.9073338695083945
0.9071730169900473
0.9076053081331055
0.9071780436312457
0.9077611340102544
0.9078465869106264
0.9077209208806676
0.9074595355383532
0.9077862672162461
0.9081582386649241
0.9083794108776515
0.9072484166080225
0.9080325726349653
0.9081883985121142
0.9079621996581884
0.9087463556851312
0.9084849703428169
0.9086960892731477
0.907942093093395
0.9088217553031065
0.9089775811802554
0.9086056097315773
0.9087363024027345
0.9093998190409168
0.9087262491203378
0.9093495526289334
0.9082637981300895
0.908786568814718
0.9086659294259576
0.9095003518648839
0.9093646325525284
0.908957474615462
0.9092088066753795
0.9091987533929828
0.9100382024731075
0.9088971549210817
0.9091032472102142
0.9096059113300493
0.9099075098019503
0.9094852719412888
0.9096360711772393
0.9100834422438926
0.9096461244596361
0.9096511511008344
0.9091032472102142
0.9105659997989344
0.9096863375892229
0.9101638685030663
0.9107017191112898
0.9100934955262894
0.9100331758319091
0.9096612043832312
0.9108374384236453
0.9102493214034382
0.9100482557555042
0.9108625716296371
0.9107570121644717
0.9105358399517443
0.9104604403337689
0.911118930330753
0.9104001206393888
0.9107620388056701
0.9110586106363727
0.9106966924700914
0.9115813813210013
0.9105861063637277
0.9112848094902986
0.9111088770483563
0.9112395697195135
0.9113451291846788
0.9116165678093897
0.9111691967427366
0.9115110083442244
0.9113350759022821
0.9113149693374887
0.9115612747562079
0.9118226600985222
0.9116266210917865
0.9120237257464562
0.9112345430783151
0.9120991253644315
0.9115160349854228
0.9121041520056299
0.9119332462048859
0.911606514526993
0.911963406052076
0.9121996581883985
0.9123856439127375
0.9117472604805469
0.9119835126168694
0.9118578465869106
0.9127928018498039
0.9118075801749271
0.9122046848295968
0.9125766562782749
0.9125314165074897
0.9122298180355887
0.912707348949432
0.9125113099426962
0.912722428873027
0.9120036191816628
0.9124258570423244
0.912807881773399
0.9125364431486881
0.9125816829194732
0.91262189604906
0.9126922690258369
0.913064240474515
0.9128883080325726
0.9133256258168292
0.9127475620790187
0.9134713984115814
0.9134110787172012
0.913064240474515
0.9135417713883583
0.9130592138333166
0.9132250929928621
0.9138132100130693
0.9138031567306726
0.9136020910827385
0.9131295868100935
0.9140997285613753
0.9137478636774907
0.9133909721524077
0.9137126771891022
0.9139036895546396
0.9139036895546396
0.9134864783351765
0.9141148084849704
0.9143158741329044
0.9137327837538957
0.9141701015381523
0.9137830501658791
0.9141449683321604
0.9136975972655071
0.914667739016789
0.9142253945913341
0.9146476324519955
0.9137679702422841
0.9142153413089373
0.91448175329245
0.9146576857343923
0.9138785563486478
0.9148738313059214
0.914667739016789
0.9143611139036896
0.91496933748869
0.9146426058107973
0.9147330853523675
0.9145018598572434
0.9145923393988137
0.914853724741128
0.9145571529104253
0.9146878455815823
0.9148436714587312
0.9152558560369961
0.9149291243591032
0.9154267618377401
0.9150196039006736
0.915039710465467
0.9147632451995577
0.9158439730572032
0.914954257565095
0.9153865487081532
0.91539660199055
0.9155775610736906
0.9159646124459636
0.9155373479441038
0.9155071880969137
0.9161154116819141
0.9155222680205087
0.9157736000804263
0.9154569216849301
0.9155574545088971
0.9157333869508395
0.9164723032069971
0.9156881471800543
0.9159294259575751
0.9154820548909219
0.9155373479441038
0.916613049160551
0.9161405448879059
0.9162611842766664
0.9159746657283603
0.9162159445058812
0.9161757313762944
0.9159495325223685
0.9163868503066251
0.91634161053584
0.916170704735096
0.9162913441238565
0.9164773298481954
0.9160249321403439
0.9168945410676586
0.9159545591635669
0.9169247009148487
0.9167487684729064
0.9169196742736504
0.9164320900774102
0.9165627827485674
0.9162762642002614
0.9165326229013773
0.9167940082436916
0.917216246104353
0.9173972051874937
0.9166080225193526
0.9164924097717905
0.9166381823665427
0.9167789283200966
0.9170252337388157
0.9169850206092289
0.917115713280386
0.9172966723635267
0.9170101538152207
0.9172916457223284
0.9173318588519151
0.9171458731275761
0.9175932441942294
0.9174776314466674
0.9173569920579069
0.9175178445762542
0.9169498341208404
0.9176384839650146
0.9174826580878657
0.9174072584698905
0.9174424449582789
0.9172564592339398
0.9179551623605107
0.9169598874032372
0.9172061928219564
0.9177138835829899
0.9183221071679903
0.91777420327737
0.9178194430481552
0.917643510606213
0.9173972051874937
0.9177239368653866
0.917472604805469
0.9181461747260481
0.9181361214436513
0.9178747361013371
0.9181461747260481
0.9180808283904695
0.9184125867095607
0.9182316276264201
0.9182215743440233
0.9181009349552629
0.9182316276264201
0.9181662812908414
0.9189604906001809
0.9180004021312959
0.918216547702825
0.9184779330451392
0.9182919473208002
0.9186186789986931
0.9181562280084448
0.9187443450286519
0.9184829596863376
0.9184980396099326
0.9185583593043128
0.9184527998391475
0.9188750376998089
0.9182718407560069
0.9186689454106766
0.9185281994571227
0.9192872222780738
0.9188800643410073
0.9194782346436111
0.9186337589222882
0.9191515029657183
0.9186940786166683
0.9191213431185282
0.9192269025836936
0.9189253041117925
0.9189303307529908
0.9192620890720821
0.919076103347743
0.9189403840353876
0.9193073288428671
0.9191866894541068
0.9189202774705941
0.9192872222780738
0.9194933145672062
0.9192570624308837
0.9192067960189002
0.9189705438825777
0.9190208102945612
0.9201166180758017
0.9190409168593546
0.9193525686136523
0.9199859254046446
0.9197295667035287
0.9199959786870413
0.9194531014376194
0.9198652860158841
0.9203277370061325
0.9195938473911732
0.9200864582286117
0.9199557655574545
0.9193726751784458
0.9191313964009249
0.9204031366241078
0.9199658188398512
0.9195787674675782
0.9201518045641902
0.9202724439529506
0.9201568312053886
0.9200261385342314
0.9199004725042726
0.92057906906605
0.9198954458630743
0.9200663516638182
0.9202523373881573
0.9199959786870413
0.9203076304413391
0.9202724439529506
0.9199808987634462
0.9200814315874133
0.9205237760128682
0.9204684829596863
0.9204282698300995
0.9201266713581985
0.9206092289132402
0.9202975771589424
0.9209711470795214
0.9207650547903891
0.9205690157836534
0.9204785362420831
0.9207348949431989
0.9209108273851413
0.9203679501357193
0.9207650547903891
0.9210415200562984
0.9209560671559264
0.9203981099829094
0.9208102945611742
0.9206997084548105
0.9205891223484468
0.9204282698300995
0.9203981099829094
0.921106866391877
0.9209309339499346
0.9210314667739017
0.9205036694480748
0.9208002412787776
0.920935960591133
0.9213280386046044
0.9209259073087364
0.9212073992158439
0.9210415200562984
0.9217603297476626
0.9210415200562984
0.921137026239067
0.9210364934151001
0.9211521061626621
0.9213833316577863
0.921121946315472
0.9215592640997285
0.9216045038705137
0.9214335980697698
0.9215240776113401
0.9218759424952246
0.9213280386046044
0.9211621594450589
0.921579370664522
0.9214285714285714
0.9217251432592741
0.9215291042525384
0.9215693173821252
0.9219714486779934
0.9214235447873731
0.9222981803558862
0.9221172212727455
0.9213280386046044
0.9213732783753895
0.9221725143259274
0.921880969136423
0.921780436312456
0.9216195837941088
0.922423846385845
0.9219714486779934
0.9217301699004725
0.9216145571529104
0.9221473811199357
0.9221172212727455
0.9221172212727455
0.9222579672262994
0.9220116618075802
0.9225595656982004
0.9219463154720016
0.9224540062330351
0.9221121946315473
0.9215391575349352
0.9217854629536544
0.9223635266914647
0.9227706846285312
0.9224841660802252
0.9222328340203076
0.9223484467678698
0.9222479139439027
0.9219463154720016
0.9222428873027043
0.9223936865386548
0.9219563687543983
0.9229667236352669
0.9223484467678698
0.9221825676083241
0.9224188197446467
0.9226148587513823
0.9224087664622499
0.9227857645521262
0.9226048054689856
0.9230722831004323
0.9230370966120438
0.9223585000502664
0.9228410576053081
0.9232632954659696
0.9222579672262994
0.922524379209812
0.9230069367648537
0.9224640595154318
0.9224942193626219
0.9231627626420026
0.9225846989041923
0.9223132602794812
0.9230270433296471
0.9237307730974164
0.9231124962300191
0.923268322107168
0.9223786066150598
0.9235699205790691
0.923253242183573
0.9232834020307631
0.9225143259274153
0.9230270433296471
0.923182869206796
0.9228410576053081
0.9232431889011762
0.9229616969940686
0.92335377500754
0.9227857645521262
0.9232381622599779
0.92335377500754
0.9237760128682014
0.9239368653865487
0.923082336382829
0.9231476827184075
0.9238011460741932
0.9235196541670856
0.9231778425655977
0.923941892027747
0.92335377500754
0.9234140947019202
0.9238413592037801
0.9233085352367548
0.923725746456218
0.9236252136322509
0.9233638282899367
0.9231979491303911
0.9237458530210113
0.9235799738614657
0.9235950537850608
0.9240122650045239
0.9242686237056399
0.9237006132502262
0.924198250728863
0.923826279280185
0.9237307730974164
0.9240122650045239
0.9237760128682014
0.9237307730974164
0.9241680908816728
0.9238564391273751
0.923253242183573
0.923454307831507
0.9239871317985322
0.9243239167588218
0.9240826379813009
0.9239921584397306
0.9245300090479541
0.9238011460741932
0.9239871317985322
0.9235447873730773
0.924127877752086
0.9240022117221273
0.9243289434000201
0.9243591032472103
0.9238363325625817
0.9243440233236152
0.9242183572936564
0.9244445561475821
0.9238413592037801
0.924027344928119
0.9241831708052679
0.924685834925103
0.9243239167588218
0.9242183572936564
0.923941892027747
0.9244194229415904
0.9244546094299789
0.9235900271438625
0.9251382326329547
0.9241530109580778
0.9248265808786569
0.9242485171408464
0.9243440233236152
0.9246204885895245
0.924600382024731
0.9247260480546898
0.9237508796622097
0.9242485171408464
0.924957273549814
0.9246405951543178
0.9245551422539459
0.923941892027747
0.9245350356891525
0.9251281793505579
0.9246657283603097
0.9250075399617975
0.9252739519453101
0.924499849200764
0.9250929928621695
0.9246958882074997
0.925143259274153
0.9247511812606816
0.9251130994269628
0.924942193626219
0.9243741831708052
0.9248014476726651
0.9252035789685332
0.9245802754599377
0.9247461546194833
0.924942193626219
0.9248366341610536
0.9247913943902685
0.9252035789685332
0.9249170604202273
0.9251382326329547
0.9250527797325827
0.9248517140846486
0.9251181260681612
0.9248014476726651
0.9251482859153514
0.9251734191213431
0.9251030461445662
0.9254046446164673
0.9249673268322107
0.925228712174525
0.9251683924801448
0.9254096712576656
0.9251181260681612
0.9253744847692772
0.9252136322509299
0.9253543782044837
0.9252588720217151
0.9254649643108475
0.9254398311048557
0.9254649643108475
0.9251030461445662
0.9258922288127074
0.925585603699608
0.9255252840052277
0.9260983211018398
0.9256509500351865
0.9258218558359305
0.9255805770584096
0.92567105659998
0.925143259274153
0.9254348044636573
0.9256760832411782
0.9258469890419222
0.9258218558359305
0.9254699909520459
0.9255705237760129
0.9254398311048557
0.926143560872625
0.9261134010254348
0.9254699909520459
0.9260530813310546
0.9253845380516739
0.9257313762943601
0.9263948929325425
0.92567105659998
0.9260983211018398
0.9255705237760129
0.9257464562179551
0.9256610033175832
0.9258670956067155
0.9263446265205589
0.9258268824771287
0.9256811098823766
0.9259073087363024
0.9264501859857244
0.9258168291947321
0.9266009852216749
0.925585603699608
0.9257213230119634
0.926143560872625
0.9260028149190711
0.9260128682014678
0.9261737207198151
0.9259676284306826
0.9264903991153112
0.9258469890419222
0.9263496531617573
0.9262290137729969
0.9264702925505177
0.9259776817130794
0.926631145068865
0.9264552126269227
0.9264652659093194
0.9261787473610134
0.9262943601085755
0.9268673972051875
0.9267819443048155
0.9261686940786167
0.9265356388860964
0.926530612244898
0.9260028149190711
0.9265557454508897
0.926274253543782
0.9259374685834925
0.9266361717100633
0.926058107972253
0.9267517844576254
0.9267668643812205
0.9267869709460139
0.9262189604906002
0.9270634362119232
0.9263496531617573
0.9262792801849804
0.926143560872625
0.9264803458329145
0.927088569417915
0.926631145068865
0.9266663315572534
0.926716597969237
0.9266562782748567
0.9265557454508897
0.9262943601085755
0.9267618377400221
0.9266914647632452
0.926932743540766
0.9267517844576254
0.9267316778928321
0.9264853724741128
0.9261083743842364
0.9268925304111792
0.9270986227003116
0.9264803458329145
0.9272393686538655
0.9270584095707248
0.9271388358298984
0.9271187292651051
0.9267517844576254
0.926716597969237
0.9268020508696089
0.9272092088066753
0.927088569417915
0.9269226902583694
0.9268271840756007
0.9269126369759727
0.9271589423946919
0.9268422639991958
0.9265507188096913
0.9270433296471298
0.9272494219362621
0.92710364934151
0.9269629033879562
0.9278425655976676
0.9275007539961797
0.9272092088066753
0.9270734894943199
0.9267517844576254
0.9267668643812205
0.9270483562883282
0.9275108072785765
0.9269528501055595
0.9270383030059315
0.9270282497235347
0.9270935960591133
0.9277922991856842
0.9271488891122952
0.9267517844576254
0.9271237559063034
0.9273298481954358
0.9273951945310144
0.9274102744546094
0.9272645018598572
0.9275007539961797
0.9279330451392379
0.9272695285010556
0.9277068462853122
0.9275208605609732
0.9278073791092791
0.9268724238463858
0.9277168995677089
0.9276867397205187
0.9273801146074193
0.9274806474313864
0.9281240575047753
0.9275309138433698
0.9275962601789485
0.9274605408665929
0.9276967930029154
0.9275007539961797
0.9274957273549814
0.9276515532321303
0.9276716597969237
0.9280737910927918
0.9280436312456017
0.9275811802553534
0.9279983914748166
0.9279380717804363
0.9278676988036594
0.928134110787172
0.9277018196441138
0.927963204986428
0.9272242887302704
0.9281089775811803
0.927917965215643
0.9273801146074193
0.9281793505579572
0.9278526188800643
0.9282999899467176
0.9280386046044033
0.9283552829998994
0.9280737910927918
0.9283150698703126
0.927576153614155
0.9275007539961797
0.9279581783452298
0.9281592439931637
0.9282095104051473
0.9282145370463456
0.9274253543782045
0.9284558158238665
0.9281290841459736
0.9276314466673369
0.928435709259073
0.9285613752890318
0.9279380717804363
0.9282849100231225
0.92847592238866
0.9276163667437418
0.9283653362822961
0.9277420327737006
0.9288026540665527
0.9280486578868
0.9287322810897758
0.9280184980396099
0.9277721926208907
0.92850608223585
0.927862672162461
0.9282497235347341
0.9285563486478335
0.9281190308635769
0.9285412687242385
0.9283703629234945
0.9280184980396099
0.9284105760530813
0.9286418015482055
0.9283653362822961
0.9286769880365939
0.9285412687242385
0.9282999899467176
0.9283603096410978
0.9284859756710566
0.928521162159445
0.9281240575047753
0.9286166683422137
0.928435709259073
0.9283753895646929
0.9282949633055193
0.9291695988740324
0.9283854428470896
0.9285111088770484
0.929048959485272
0.9284910023122549
0.9287423343721725
0.9288478938373379
0.9288026540665527
0.9282044837639489
0.9296873429174626
0.928692067960189
0.928521162159445
0.9289283200965115
0.9287473610133709
0.9288981602493214
0.9286267216246105
0.9292299185684126
0.9289333467377099
0.9282648034583292
0.9291494923092389
0.9289031868905198
0.9291042525384539
0.9288478938373379
0.9286216949834121
0.9287071478837841
0.9293555845983714
0.9283603096410978
0.9287322810897758
0.9283251231527093
0.9294862772695285
0.9290941992560571
0.9289534533025032
0.9288981602493214
0.9293706645219664
0.9287423343721725
0.9290841459736604
0.9290539861264703
0.9284960289534533
0.9295717301699005
0.9289986930732884
0.9288127073489494
0.9296119432994873
0.9293304513923796
0.9291243591032472
0.9293606112395697
0.9291444656680407
0.929551623605107
0.9290037197144868
0.929350557957173
0.9292751583391977
0.9295667035287021
0.9291846787976275
0.9289232934553132
0.9292751583391977
0.9296923695586609
0.9291494923092389
0.9289735598672967
0.9294460641399417
0.9292299185684126
0.9296672363526691
0.9292852116215945
0.9295063838343219
0.9295968633758922
0.9295465969639087
0.9290439328440736
0.9289735598672967
0.9292399718508093
0.929350557957173
0.9293203981099829
0.9296219965818839
0.929335478033578
0.9295968633758922
0.9294661707047351
0.9296169699406857
0.9291746255152307
0.929265105056801
0.9295114104755202
0.9294460641399417
0.9295063838343219
0.9297577158942395
0.9293606112395697
0.9296571830702725
0.9296320498642807
0.9298984618477933
0.92942093093395
0.929606916658289
0.9298331155122147
0.9296772896350658
0.9293405046747764
0.9293153714687845
0.9292349452096109
0.9298331155122147
0.9298733286418015
0.9294561174223384
0.9294762239871318
0.9294611440635367
0.9305418719211823
0.9296823162762642
0.9300040213129587
0.9297024228410576
0.9295465969639087
0.930381019402835
0.929893435206595
0.9294058510103549
0.929637076505479
0.9298130089474214
0.9302603800140746
0.9297175027646527
0.9298130089474214
0.9293254247511813
0.92942093093395
0.9299788881069669
0.9297275560470494
0.9306122448979591
0.9296823162762642
0.9303056197848597
0.9302603800140746
0.9296471297878758
0.9302855132200664
0.9304966321503971
0.9297024228410576
0.930466472303207
0.9297878757414296
0.9300844475721323
0.9302201668844878
0.9306323514627526
0.9302754599376697
0.9305318186387855
0.929823062229818
0.9301548205489092
0.9303106464260581
0.9304262591736202
0.9301246607017191
0.9301900070372977
0.9306072182567608
0.9306122448979591
0.9303257263496532
0.9305117120739922
0.9297275560470494
0.9305117120739922
0.930280486578868
0.9304916055091987
0.9300743942897356
0.9304061526088268
0.9300442344425455
0.9302352468080829
0.9306876445159344
0.9307479642103147
0.9305368452799839
0.9300894742133307
0.9301699004725043
0.9303106464260581
0.9306424047451493
0.9310495626822157
0.93036593947924
0.9305468985623806
0.9305820850507691
0.9307580174927114
0.9307429375691163
0.9300593143661405
0.931109882376596
0.9306976977983311
0.9307328842867196
0.9306021916155625
0.9305167387151905
0.9306725645923394
0.9307881773399015
0.930722831004323
0.930752990851513
0.9305619784859757
0.9305368452799839
0.9309440032170504
0.9305167387151905
0.9304111792500251
0.9309741630642405
0.9308987634462652
0.930722831004323
0.93036593947924
0.9304865788680003
0.9309942696290339
0.9305820850507691
0.929993968030562
0.930652458027546
0.9309691364230421
0.9304463657384135
0.9310696692470092
0.9310344827586207
0.930682617874736
0.9308585503166784
0.9305921383331658
0.9306675379511411
0.9309641097818437
0.9302855132200664
0.9313561877953151
0.9308585503166784
0.9309590831406455
0.9302855132200664
0.9309490298582487
0.9313813210013069
0.9308133105458932
0.9303005931436614
0.9311802553533729
0.9310696692470092
0.9313310545893234
0.9309440032170504
0.9302754599376697
0.9311048557353976
0.9315019603900674
0.9307077510807279
0.930938976575852
0.9316276264200262
0.9309791897054388
0.9312657082537449
0.9305267919975873
0.9304564190208103
0.931582386649241
0.9309942696290339
0.931109882376596
0.931396400924902
0.9309892429878355
0.9315170403136624
0.9309490298582487
0.9305368452799839
0.9305720317683723
0.9308032572634966
0.9309238966522569
0.9313863476425053
0.9309440032170504
0.9312154418417613
0.9309691364230421
0.9311149090177943
0.9310294561174224
0.9314617472604806
0.9311802553533729
0.931411480848497
0.9308987634462652
0.9317733990147783
0.9315773600080426
0.9312606816125465
0.9315170403136624
0.9312506283301498
0.9314265607720921
0.9313511611541169
0.9311903086357696
0.931597466572836
0.9313863476425053
0.9315069870312657
0.9309641097818437
0.931496933748869
0.9313059213833317
0.9311651754297778
0.9311802553533729
0.931240575047753
0.93176837237358
0.9315120136724641
0.9315321202372575
0.9316577862672163
0.9313461345129185
0.9314868804664723
0.9317382125263899
0.9315874132904394
0.9316979993968031
0.93131094802453
0.9322358500050266
0.9319644113803157
0.9318437719915552
0.9317030260380014
0.9319241982507288
0.931326027948125
0.9309037900874636
0.9314366140544887
0.9315170403136624
0.9312254951241581
0.9315170403136624
0.9313159746657284
0.932054890921886
0.9319191716095305
0.9311651754297778
0.9313008947421333
0.9316628129084146
0.9320398109982909
0.9321956368754398
0.9315472001608526
0.9317884789383734
0.9316376797024228
0.9318940384035388
0.9318035588619684
0.9316125464964311
0.9312456016889514
0.9319945712275057
0.9321855835930432
0.9322056901578365
0.9321705036694481
0.9323011963406052
0.9316326530612244
0.9321152106162662
0.9321755303106464
0.932140343822258
0.9317281592439932
0.9323514627525887
0.9319292248919272
0.9319292248919272
0.9322207700814316
0.932155423745853
0.9317432391675882
0.932140343822258
0.9317733990147783
0.9315421735196542
0.932240876646225
0.9319493314567207
0.9319895445863075
0.9323011963406052
0.9323062229818035
0.9317733990147783
0.9323816225997789
0.9320850507690761
0.9318940384035388
0.9319543580979189
0.931883985121142
0.931969438021514
0.9326580878656882
0.9321101839750678
0.9322157434402333
0.9322861164170102
0.9319945712275057
0.9325826882477128
0.9322710364934151
0.9319543580979189
0.9324268623705639
0.9324017291645722
0.9319342515331256
0.9322056901578365
0.9326681411480848
0.9328189403840353
0.9317733990147783
0.9321252638986629
0.9322660098522167
0.9325927415301096
0.9323062229818035
0.9325776616065146
0.9323715693173821
0.9320900774102745
0.9320850507690761
0.9326379813008947
0.9327083542776716
0.9319091183271339
0.9326078214537047
0.9327636473308535
0.9324821554237459
0.9324017291645722
0.9321353171810596
0.9329043932844073
0.9322710364934151
0.9320900774102745
0.9324670755001508
0.9327485674072584
0.9317130793203982
0.9318487986327536
0.9328239670252337
0.9326229013772996
0.9321353171810596
0.9321906102342414
0.9323816225997789
0.9325475017593244
0.9323564893937871
0.9319845179451091
0.9324469689353574
0.93271338091887
0.9330200060319694
0.9328189403840353
0.9319845179451091
0.9329094199256057
0.9329546596963909
0.9328742334372172
0.9327033276364733
0.9327334874836635
0.9329345531315975
0.9323464361113903
0.9320749974866794
0.9328038604604403
0.9324620488589525
0.9323414094701921
0.9324922087061426
0.9327636473308535
0.9327887805368453
0.9327033276364733
0.93271338091887
0.9325676083241178
0.9324218357293657
0.9331808585503166
0.9325927415301096
0.9324268623705639
0.9328239670252337
0.9332914446566805
0.9324670755001508
0.9324369156529607
0.9332763647330854
0.9331205388559365
0.932999899467176
0.9328340203076304
0.9328390469488288
0.9328440735900272
0.9329898461847793
0.9322911430582085
0.9332311249623002
0.9332512315270935
0.9327686739720519
0.9330602191615562
0.9326027948125063
0.9328440735900272
0.932899366643209
0.932884286719614
0.9329747662611843
0.9331255654971348
0.9329596863375892
0.9331607519855233
0.9334522971750276
0.9332059917563085
0.9329647129787876
0.9325826882477128
0.9333115512214738
0.9330049261083744
0.9330702724439529
0.9335327234342012
0.933271338091887
0.9328390469488288
0.933100432291143
0.9336332562581683
0.9332411782446969
0.9331255654971348
0.9333467377098623
0.9332059917563085
0.9330652458027546
0.9331205388559365
0.9336081230521766
0.9337287624409369
0.9330551925203578
0.9338494018296974
0.9332462048858953
0.9332512315270935
0.933014979390771
0.9340404141952348
0.9329496330551925
0.9330451392379612
0.933527696793003
0.9332864180154821
0.9331557253443249
0.9334824570222178
0.9333869508394491
0.9337337890821353
0.9329345531315975
0.9333618176334573
0.9329747662611843
0.9331456720619282
0.9336734693877551
0.9331506987031266
0.9333668442746557
0.933542776716598
0.9330803257263497
0.9332110183975068
0.9336784960289535
0.9337237357997387
0.9334522971750276
0.9337237357997387
0.9334623504574243
0.933271338091887
0.93365838946416
0.9335126168694079
0.933356790992259
0.9335478033577963
0.9331909118327134
0.933527696793003
0.9328038604604403
0.9333165778626722
0.9339901477832512
0.9331758319091183
0.934100733889615
0.9340052277068462
0.9331909118327134
0.9333668442746557
0.9332813913742837
0.9337237357997387
0.9334321906102342
0.9336332562581683
0.9334975369458128
0.9337689755705237
0.9337237357997387
0.934015280989243
0.933572936563788
0.9337337890821353
0.9337488690057304
0.933442243892631
0.9330702724439529
0.9335779632049864
0.9339097215240776
0.9335628832813914
0.9338695083944908
0.9336533628229617
0.9339800945008545
0.9337036292349452
0.9337790288529205
0.934201266713582
0.9332612848094903
0.9337589222881271
0.9342465064843671
0.9342113199959787
0.9333316577862673
0.9338845883180859
0.9339097215240776
0.9337136825173419
0.9335880164873831
0.9337840554941188
0.9337287624409369
0.9338192419825073
0.9342615864079622
0.9339197748064744
0.9341510003015985
0.9331959384739117
0.9337388157233336
0.9338896149592842
0.9337287624409369
0.9337689755705237
0.9336784960289535
0.9339851211420529
0.9338142153413089
0.9338795616768875
0.9336483361817633
0.933914748165276
0.9338695083944908
0.9340655474012265
0.934301799537549
0.9340404141952348
0.9340253342716397
0.93411581381321
0.9341409470192018
0.9343168794611441
0.9336684427465568
0.9346084246506484
0.9343118528199457
0.93408565396602
0.9340655474012265
0.9342113199959787
0.9343068261787474
0.9340705740424249
0.9339599879360612
0.9340203076304413
0.9342816929727557
0.9341359203780034
0.9340554941188298
0.9336734693877551
0.9335528299989947
0.9338343219061024
0.9343621192319292
0.9338091887001105
0.9340655474012265
0.9347240373982105
0.934402332361516
0.9344827586206896
0.9338795616768875
0.9342867196139539
0.9338242686237056
0.9341359203780034
0.9341912134311853
0.9345179451090782
0.9340605207600281
0.9347944103749875
0.9342816929727557
0.9339097215240776
0.9344224389263095
0.9345531315974666
0.9341208404544084
0.9347491706042023
0.9343470393083342
0.9339248014476726
0.9339097215240776
0.9346033980094501
0.9343369860259375
0.9341057605308133
0.9348446767869709
0.9343822257967226
0.9344676786970946
0.9345229717502764
0.9343168794611441
0.9345028651854831
0.9344073590027144
0.9345631848798632
0.9346486377802352
0.9344676786970946
0.9347039308334171
0.9348899165577561
0.9343219061023424
0.9340303609128381
0.9347039308334171
0.934658691062632
0.9348547300693677
0.9347290640394089
0.9346184779330451
0.9347642505277973
0.935045742434905
0.9343470393083342
0.9343269327435407
0.9343319593847391
0.9341560269427969
0.9346838242686237
0.9345682115210616
0.9345481049562682
0.9346285312154419
0.9345883180858551
0.9347793304513924
0.9343973057203177
0.9345078918266814
0.9348295968633759
0.9354529003719715
0.9346536644214336
0.9343973057203177
0.9346184779330451
0.9346033980094501
0.9347491706042023
0.9346235045742435
0.9344073590027144
0.9343269327435407
0.9347340906806072
0.9343470393083342
0.9343369860259375
0.9340655474012265
0.9346486377802352
0.9344375188499044
0.9348848899165577
0.9353523675480044
0.9352417814416407
0.934402332361516
0.9349200764049462
0.9348647833517644
0.9349049964813512
0.9346033980094501
0.9349502362521364
0.9350507690761033
0.9347642505277973
0.9351864883884589
0.9351161154116819
0.9347843570925908
0.9350809289232934
0.934960289534533
0.9347793304513924
0.9353976073187896
0.935216648235649
0.935045742434905
0.9345682115210616
0.9349552628933346
0.9352819945712275
0.9351513019000703
0.9353724741127978
0.9349803960993265
0.9351211420528802
0.9354730069367648
0.9346235045742435
0.9348798632753594
0.9347441439630039
0.9347290640394089
0.9349150497637478
0.9353423142656078
0.9350708756408967
0.9349351563285413
0.9350557957173017
0.9347793304513924
0.9356740725846989
0.9350155825877149
0.9356137528903187
0.935417713883583
0.9347190107570121
0.9353925806775912
0.9353423142656078
0.934859756710566
0.9344827586206896
0.935131195335277
0.9350658489996984
0.9352920478536242
0.9349552628933346
0.9351161154116819
0.9348698099929627
0.9354227405247814
0.934487785261888
0.9351563285412687
0.9347793304513924
0.9350407157937066
0.9350005026641198
0.9354880868603599
0.9355433799135418
0.9346637177038303
0.934658691062632
0.9354277671659796
0.9352065949532522
0.9347441439630039
0.9351412486176737
0.9351261686940786
0.9348044636573841
0.93503066251131
0.9351613551824671
0.9353775007539962
0.9351663818236654
0.9358298984618478
0.9355484065547401
0.9349552628933346
0.9352819945712275
0.9353222077008143
0.9350708756408967
0.935347340906806
0.9356338594551121
0.9356740725846989
0.9351613551824671
0.935231728159244
0.9352267015180457
0.9351663818236654
0.9349703428169297
0.935819845179451
0.9353825273951946
0.9351412486176737
0.9356589926611039
0.9350055293053182
0.9354227405247814
0.9356992057906907
0.9353071277772192
0.9352116215944506
0.9354679802955665
0.9354931135015583
0.9358952447974264
0.9354277671659796
0.9354679802955665
0.9355333266311451
0.9353724741127978
0.935774605408666
0.9355132200663516
0.9358399517442445
0.9356640193023023
0.9354830602191616
0.935890218156228
0.9357846586910626
0.9351563285412687
0.9358248718206494
0.9356238061727153
0.935432793807178
0.9359153513622198
0.9356790992258972
0.9355735397607319
0.935704232431889
0.9356087262491204
0.9360008042625917
0.9354076606011863
0.9355886196843269
0.9359957776213934
0.9356941791494923
0.9354227405247814
0.9353775007539962
0.935432793807178
0.936161656780939
0.9356439127375088
0.9354679802955665
0.9355735397607319
0.9356690459435005
0.9355886196843269
0.9357595254850709
0.935689152508294
0.9358751382326329
0.9355282999899467
0.9356338594551121
0.9355986729667236
0.9358097918970544
0.935503166783955
0.9358500050266412
0.9361113903689554
0.9353121544184176
0.9359857243389966
0.9356539660199055
0.9357544988438725
0.9356338594551121
0.9357595254850709
0.9357142857142857
0.9358751382326329
0.9357796320498643
0.9358349251030461
0.9362521363225093
0.93551824670755
0.9360862571629637
0.9357293656378808
0.9354981401427566
0.9357796320498643
0.935704232431889
0.9357544988438725
0.9359304312858148
0.9354629536543682
0.9356288328139137
0.935603699607922
0.9357997386146577
0.9360058309037901
0.9354529003719715
0.9359304312858148
0.9355835930431285
0.9355735397607319
0.9357846586910626
0.9360862571629637
0.9358298984618478
0.9362722428873027
0.9355685131195335
0.9356439127375088
0.935603699607922
0.935689152508294
0.9362521363225093
0.9355534331959384
0.9360963104453605
0.9359957776213934
0.9365788680004021
0.9361314969337489
0.9355584598371368
0.9366693475419725
0.935774605408666
0.9361465768573439
0.9358500050266412
0.9359103247210214
0.9360912838041621
0.9357193123554841
0.9356137528903187
0.9362320297577159
0.9363828289936664
0.9363727757112698
0.9364934151000301
0.9361164170101538
0.9361264702925505
0.9362923494520962
0.9363979089172615
0.9364230421232532
0.936362722428873
0.9363526691464763
0.9368251734191213
0.9360510706745753
0.9362219764753192
0.9363576957876747
0.9358449783854429
0.9358298984618478
0.9362119231929225
0.9363124560168895
0.935990750980195
0.9359605911330049
0.9358851915150297
0.9365637880768071
0.9365537347944104
0.936161656780939
0.9364180154820549
0.9360560973157735
0.9358650849502362
0.9362420830401126
0.9366291344123856
0.9364330954056499
0.9360259374685835
0.9363727757112698
0.9360963104453605
0.9358449783854429
0.9363828289936664
0.9364682818940384
0.9366140544887905
0.9365084950236252
0.9364431486880467
0.936332562581683
0.9364230421232532
0.936719613953956
0.9365939479239972
0.9361817633457323
0.9363225092992862
0.9361817633457323
0.9362923494520962
0.93646325525284
0.9359455112094098
0.9365336282296169
0.9365386548708153
0.9371519050970142
0.9362873228108978
0.9359706444154017
0.9361113903689554
0.9361516034985423
0.9366944807479642
0.9365587614356087
0.9366140544887905
0.9362219764753192
0.9368653865487081
0.9363426158640796
0.9359605911330049
0.937106665326229
0.93646325525284
0.9367598270835428
0.9365989745651956
0.9370815321202373
0.9363024027344928
0.9362923494520962
0.9362068965517242
0.9370463456318489
0.936734693877551
0.9368854931135016
0.9365838946416005
0.9365084950236252
0.9369407861666834
0.9362219764753192
0.9369508394490801
0.9367296672363526
0.9363526691464763
0.9371870915854026
0.9365939479239972
0.9368503066251131
0.9370312657082538
0.9370413189906505
0.9368905197547
0.9369005730370966
0.9365185483060219
0.9370563989142455
0.9368151201367246
0.9368503066251131
0.9367950135719313
0.9366090278475923
0.9367246405951544
0.9363928822760631
0.9368603599075098
0.9368553332663114
0.9368905197547
0.9368452799839148
0.937463556851312
0.9369860259374686
0.9366944807479642
0.936905599678295
0.9368000402131296
0.9371116919674274
0.9368854931135016
0.9371016386850307
0.9362571629637076
0.9372574645621795
0.9368804664723032
0.9365084950236252
0.9366794008243692
0.9366291344123856
0.9369106263194933
0.9366743741831708
0.9366291344123856
0.9366944807479642
0.9365336282296169
0.9369960792198653
0.9369257062430884
0.9369156529606917
0.9370563989142455
0.9367548004423444
0.9372574645621795
0.9369156529606917
0.9372423846385844
0.9371569317382126
0.9371016386850307
0.9369960792198653
0.9371971448677994
0.9371468784558158
0.9368503066251131
0.9373378908213532
0.9372021715089977
0.9367045340303609
0.937463556851312
0.9374233437217251
0.9366643209007741
0.9368854931135016
0.937292651050568
0.9370463456318489
0.9373730773097416
0.9371468784558158
0.936634161053584
0.9369458128078818
0.9368503066251131
0.9377400221172213
0.9372474112797828
0.9371519050970142
0.9371770383030059
0.937192118226601
0.9365235749472203
0.9368100934955262
0.9371720116618075
0.9372172514325927
0.936935759525485
0.9368302000603197
0.9369860259374686
0.9370815321202373
0.936905599678295
0.9368754398311049
0.9376696491404444
0.937664622499246
0.9374183170805268
0.9369407861666834
0.9368905197547
0.9366291344123856
0.937363024027345
0.9372725444857746
0.9375691163164773
0.9374434502865185
0.937292651050568
0.937277571126973
0.9372876244093696
0.9373378908213532
0.9372021715089977
0.9370915854026339
0.9373228108977582
0.9373680506685432
0.9367749070071378
0.9368854931135016
0.9372172514325927
0.9373228108977582
0.9371418518146175
0.9371116919674274
0.9372423846385844
0.9372021715089977
0.9374836634161053
0.9372976776917663
0.9369458128078818
0.9373127576153614
0.9375238765456921
0.9370413189906505
0.9367397205187493
0.9371870915854026
0.9371720116618075
0.9372172514325927
0.9372876244093696
0.9372474112797828
0.9372675178445763
0.9370513722730471
0.9375741429576757
0.9378857947119734
0.9373982105157334
0.9373328641801548
0.9374484769277169
0.9371267718910224
0.937192118226601
0.9373831305921383
0.9372976776917663
0.9371669850206092
0.9375339298280889
0.9378154217351965
0.9375188499044939
0.9376595958580477
0.9375037699808988
0.9371720116618075
0.9375138232632955
0.9373982105157334
0.9373529707449483
0.9370563989142455
0.9377098622700312
0.9374786367749071
0.9373680506685432
0.9378405549411883
0.9379561676887503
0.9374233437217251
0.9371167186086257
0.9371720116618075
0.9376746757816427
0.9379008746355685
0.9381119935658992
0.9381471800542878
0.9373278375389564
0.9375892228812708
0.9380315673067257
0.9374283703629235
0.9377249421936262
0.9380315673067257
0.9378053684527998
0.9379712476123454
0.9374987433397004
0.9378556348647834
0.9379461144063537
0.9379410877651553
0.9373982105157334
0.9372122247913944
0.9374183170805268
0.9376193827284608
0.9376294360108576
0.9371418518146175
0.937579169598874
0.9374183170805268
0.9370714788378406
0.9374132904393284
0.9378807680707751
0.9379963808183371
0.9376445159344526
0.9380014074595355
0.9380064341007339
0.9378707147883784
0.9378405549411883
0.9375238765456921
0.9376344626520559
0.9373429174625515
0.9375741429576757
0.9378606615059817
0.9377551020408164
0.9377299688348246
0.9381823665426762
0.9380717804363125
0.9374283703629235
0.9378254750175933
0.9380164873831306
0.9372474112797828
0.9382979792902383
0.9383582989846185
0.9374384236453202
0.9375841962400724
0.9380315673067257
0.9376595958580477
0.938137126771891
0.938222579672263
0.9375841962400724
0.9377953151704032
0.9379762742535438
0.9378908213531718
0.9378003418116014
0.938237659595858
0.937664622499246
0.937664622499246
0.9380717804363125
0.9379762742535438
0.9381471800542878
0.9381019402835026
0.9377199155524278
0.9385040715793707
0.9379813008947422
0.9378254750175933
0.9379611943299487
0.9377752086056097
0.9376545692168493
0.9379662209711471
0.938106966924701
0.9382577661606515
0.9379762742535438
0.9381471800542878
0.9383532723434201
0.9382627928018498
0.9377249421936262
0.9377701819644114
0.9380064341007339
0.9378707147883784
0.9380868603599075
0.9380014074595355
0.9373931838745351
0.9378305016587916
0.9376947823464361
0.9383381924198251
0.9379813008947422
0.938021514024329
0.9378455815823866
0.9377852618880065
0.937765155323213
0.9380014074595355
0.938308032572635
0.9386146576857344
0.9378204483763949
0.9382125263898663
0.9381170202070976
0.9380416205891223
0.9379762742535438
0.9380265406655273
0.9384739117321805
0.9378757414295767
0.9384387252437921
0.9384487785261888
0.9379260078415602
0.9383834321906103
0.9385392580677592
0.9383482457022218
0.9381019402835026
0.9378305016587916
0.9383281391374284
0.9385995777621393
0.9374987433397004
0.9383733789082135
0.9383582989846185
0.938036593947924
0.9380265406655273
0.9378254750175933
0.9381723132602795
0.9378154217351965
0.9383331657786267
0.9380014074595355
0.9384789383733789
0.9381019402835026
0.9382527395194531
0.93832311249623
0.9381672866190811
0.9391324017291646
0.93832311249623
0.9383784055494119
0.9386347642505278
0.9383934854730069
0.9378305016587916
0.9380064341007339
0.9383381924198251
0.9383281391374284
0.9380164873831306
0.9381723132602795
0.9378405549411883
0.9383784055494119
0.938494018296974
0.9384839650145773
0.9376998089876345
0.9385493113501558
0.9385040715793707
0.9386800040213129
0.9381622599778828
0.9383985121142053
0.9385895244797426
0.9384638584497839
0.9385543379913541
0.9383482457022218
0.938710163868503
0.9386347642505278
0.9381421534130894
0.9388609631044535
0.9381321001306927
0.9388006434100734
0.9378254750175933
0.938106966924701
0.9382477128782547
0.9389112295164371
0.9384487785261888
0.938237659595858
0.938036593947924
0.9385141248617673
0.9381421534130894
0.9386548708153212
0.9386749773801146
0.9390469488287926
0.9383381924198251
0.938664924097718
0.9386347642505278
0.9383281391374284
0.9384336986025937
0.9387051372273048
0.9390067356992058
0.9385493113501558
0.9384688850909823
0.9389363627224289
0.9385241781441641
0.9382678194430482
0.9387051372273048
0.9381773399014778
0.9383784055494119
0.9378908213531718
0.9385342314265608
0.9383733789082135
0.9388207499748668
0.9385040715793707
0.9387302704332965
0.9383784055494119
0.939152508293958
0.9384889916557756
0.9388911229516437
0.9388609631044535
0.9383130592138333
0.9388056700512717
0.938795616768875
0.9385694179149492
0.9384789383733789
0.9383834321906103
0.9387001105861064
0.9386196843269328
0.9387554036392882
0.9394088669950739
0.938408565396602
0.9390368955463959
0.9389162561576355
0.938664924097718
0.9389212827988338
0.9383482457022218
0.9382979792902383
0.9385844978385443
0.9387453503568916
0.9388609631044535
0.9392480144767267
0.9388157233336685
0.9387654569216849
0.9391977480647431
0.9387554036392882
0.938509098220569
0.9385141248617673
0.9387554036392882
0.9387352970744948
0.9383784055494119
0.9387453503568916
0.9383733789082135
0.9386046044033377
0.9390921885995778
0.9387252437920981
0.9388911229516437
0.9386448175329245
0.9388458831808586
0.9384588318085855
0.9388609631044535
0.9389212827988338
0.9384990449381723
0.9386397908917261
0.9384588318085855
0.9392228812707349
0.938981602493214
0.9390771086759827
0.9393787071478837
0.9389162561576355
0.9391324017291646
0.9390318689051975
0.9386498441741229
0.9387302704332965
0.938795616768875
0.9387252437920981
0.9388207499748668
0.9391324017291646
0.939439026842264
0.9389413893636273
0.9396903589021816
0.9391977480647431
0.9387604302804866
0.9394842666130492
0.9387855634864783
0.9387755102040817
0.9387403237156932
0.9384688850909823
0.9394239469186689
0.938881069669247
0.9390268422639992
0.9391776414999498
0.9392379611943299
0.9389162561576355
0.9391022418819744
0.938710163868503
0.9391575349351563
0.9393284407359003
0.9388458831808586
0.9392329345531316
0.938710163868503
0.9393787071478837
0.9393887604302805
0.9391072685231728
0.9389866291344123
0.9391424550115612
0.9390620287523876
0.9389212827988338
0.9393736805066855
0.939795918367347
0.9395847994370162
0.9391223484467679
0.9391474816527596
0.939353573941892
0.9393837337890821
0.9394993465366442
0.9396752789785865
0.9389866291344123
0.9390570021111893
0.938664924097718
0.9393686538654871
0.9393937870714788
0.939182668141148
0.9392429878355283
0.939353573941892
0.93926812104152
0.9395144264602393
0.9392429878355283
0.9394088669950739
0.9394742133306525
0.9392228812707349
0.9389212827988338
0.9392480144767267
0.9388559364632553
0.9390720820347843
0.9387453503568916
0.9396853322609832
0.9392630944003217
0.9395496129486277
0.9393887604302805
0.9393887604302805
0.939353573941892
0.9394591334070574
0.9393937870714788
0.9391726148587514
0.9393686538654871
0.9393284407359003
0.9395194531014376
0.9389715492108174
0.9394792399718508
0.938966522569619
0.9389966824168091
0.9391474816527596
0.9397205187493717
0.9393033075299085
0.9387554036392882
0.9387302704332965
0.9394842666130492
0.9392279079119332
0.9393586005830904
0.9391776414999498
0.9390368955463959
0.9390771086759827
0.939740625314165
0.939539559666231
0.9393887604302805
0.939137428370363
0.9391977480647431
0.9392128279883382
0.9392731476827184
0.9395445863074294
0.9393586005830904
0.9393736805066855
0.9395144264602393
0.9398612647029255
0.9389263094400322
0.9392480144767267
0.9393636272242887
0.9394088669950739
0.9396903589021816
0.9395445863074294
0.9391173218055695
0.9393133608123052
0.9397456519553634
0.9397858650849502
0.9397456519553634
0.9397758118025535
0.9393787071478837
0.9392932542475119
0.939353573941892
0.940082436915653
0.9394189202774706
0.9394591334070574
0.9391324017291646
0.9394892932542475
0.9394239469186689
0.9394189202774706
0.9394943198954459
0.9395898260782145
0.9391876947823464
0.9391424550115612
0.9390167889816025
0.9393988137126772
0.9396350658489997
0.9390771086759827
0.9398160249321403
0.9395747461546194
0.9390921885995778
0.9393937870714788
0.9389966824168091
0.9397456519553634
0.9389765758520157
0.9394340002010656
0.939454106765859
0.9396803056197849
0.9393988137126772
0.9397506785965618
0.9391072685231728
0.939439026842264
0.9391173218055695
0.9400472504272644
0.9393435206594953
0.9391977480647431
0.9394993465366442
0.9395797727958178
0.93969538554338
0.9396702523373882
0.9390771086759827
0.9396149592842062
0.9400522770684628
0.9393736805066855
0.9398914245501157
0.9398813712677189
0.9396049060018096
0.9397255453905701
0.9397506785965618
0.9402835025635871
0.9392932542475119
0.9399668241680909
0.9401226500452398
0.93969538554338
0.9395496129486277
0.9396803056197849
0.9394038403538756
0.9391726148587514
0.9390419221875943
0.9393586005830904
0.940012063938876
0.9391675882175531
0.9396752789785865
0.9399668241680909
0.9399668241680909
0.9396652256961898
0.9396049060018096
0.9397305720317684
0.9399668241680909
0.9398562380617271
0.9396652256961898
0.9393887604302805
0.9396652256961898
0.9398662913441238
0.9397506785965618
0.9395596662310244
0.9395898260782145
0.9397657585201569
0.9396501457725948
0.9396501457725948
0.93926812104152
0.9400422237860662
0.9397355986729667
0.9393686538654871
0.9398059716497437
0.9396300392078013
0.9395345330250326
0.9398713179853222
0.9401477832512315
0.9399517442444958
0.9399316376797024
0.9400673569920579
0.9400321705036695
0.9401276766864382
0.9394792399718508
0.9399869307328843
0.9398411581381321
0.9398512114205289
0.9398059716497437
0.9395847994370162
0.9398813712677189
0.9399819040916859
0.9397506785965618
0.9401025434804464
0.9394842666130492
0.9399416909620991
0.9393435206594953
0.9396149592842062
0.9394842666130492
0.9400271438624711
0.9403790087463557
0.939996984015281
0.939996984015281
0.9401226500452398
0.9402483160751985
0.9398411581381321
0.9394289735598673
0.9400623303508595
0.9402181562280084
0.9398863979089173
0.9396601990549914
0.9398914245501157
0.939625012566603
0.9399919573740826
0.9400522770684628
0.9401176234040414
0.9403790087463557
0.9397004121845782
0.9400874635568514
0.940082436915653
0.9397456519553634
0.9400472504272644
0.9404493817231326
0.9403438222579672
0.9398311048557354
0.9396551724137931
0.939795918367347
0.9399065044737107
0.9402382627928019
0.9397506785965618
0.9405247813411078
0.9403287423343721
0.9397054388257766
0.9399819040916859
0.9397657585201569
0.9401930230220167
0.9394088669950739
0.9397456519553634
0.9397054388257766
0.9404594350055293
0.9408515130190007
0.940484568211521
0.9404443550819342
0.9401528098924299
0.940268422639992
0.9401980496632151
0.9404242485171408
0.9403237156931739
0.9396501457725948
0.94018296973962
0.9403287423343721
0.9399065044737107
0.9399819040916859
0.9402583693575952
0.940167889816025
0.9401226500452398
0.9405046747763145
0.9401377299688348
0.9399768774504876
0.940097516839248
0.9399165577561074
0.9400774102744546
0.9399517442444958
0.9402633959987936
0.9402885292047853
0.9397506785965618
0.9402483160751985
0.9406202875238765
0.940384035387554
0.9406353674474716
0.9402885292047853
0.94064039408867
0.940353875540364
0.9400472504272644
0.9402131295868101
0.94018296973962
0.9400472504272644
0.9398461847793305
0.9400924901980496
0.9405851010354881
0.9400371971448678
0.9398562380617271
0.940298582487182
0.9406755805770584
0.9405247813411078
0.9398160249321403
0.9405499145470996
0.9404594350055293
0.9402483160751985
0.9396903589021816
0.9407710867598271
0.9406605006534634
0.9404895948527194
0.9400271438624711
0.940484568211521
0.9405398612647029
0.940298582487182
0.9402734492811903
0.9404091685935458
0.9403438222579672
0.9402030763044134
0.9402332361516035
0.9404192218759425
0.9402835025635871
0.9400321705036695
0.9399919573740826
0.9402784759223887
0.9406052076002815
0.9408866995073891
0.9408515130190007
0.9406353674474716
0.9407208203478435
0.9404393284407359
0.9406052076002815
0.9408112998894139
0.9407308736302403
0.9401276766864382
0.940082436915653
0.9401176234040414
0.9398160249321403
0.9399467176032975
0.9404644616467277
0.9411882979792903
0.9407007137830502
0.9401729164572232
0.9406806072182567
0.9404393284407359
0.9403287423343721
0.9410173921785463
0.9405951543178848
0.9399215843973057
0.940911832713381
0.9407157937066453
0.9403086357695788
0.9407157937066453
0.9405197546999096
0.9399718508092892
0.9402935558459837
0.9407007137830502
0.9401779430984216
0.9404141952347441
0.9405599678294964
0.9409017794309842
0.940826379813009
0.9402835025635871
0.9400673569920579
0.9406956871418518
0.9405951543178848
0.940097516839248
0.9401327033276364
0.9401427566100332
0.9403890620287524
0.9402181562280084
0.9402583693575952
0.940384035387554
0.9412385643912737
0.9408565396601991
0.9402885292047853
0.9404343017995376
0.9402935558459837
0.9406906605006534
0.9408163265306122
0.9405499145470996
0.9402935558459837
0.941399416909621
0.940740926912637
0.9402332361516035
0.9405851010354881
0.9402483160751985
0.9406956871418518
0.9407208203478435
0.940469488287926
0.940554941188298
0.9407459535538353
0.9408062732482155
0.9407258469890419
0.9401779430984216
0.9406052076002815
0.940941992560571
0.940911832713381
0.9407057404242485
0.9406001809590832
0.940554941188298
0.9409017794309842
0.940826379813009
0.9409972856137528
0.9406806072182567
0.940469488287926
0.9407761134010254
0.9408515130190007
0.9405599678294964
0.9410123655373479
0.9405951543178848
0.9407157937066453
0.9407459535538353
0.9402332361516035
0.941042525384538
0.9406956871418518
0.9410374987433398
0.940469488287926
0.941298884085654
0.9410927917965216
0.9406906605006534
0.9404594350055293
0.9409017794309842
0.940826379813009
0.9408816728661908
0.9407710867598271
0.9405197546999096
0.9403991153111491
0.9408565396601991
0.9405197546999096
0.9408364330954057
0.9405247813411078
0.9408364330954057
0.9412184578264804
0.9407660601186287
0.9404343017995376
0.9411229516437116
0.9406052076002815
0.9410123655373479
0.9407811400422238
0.9405750477530914
0.9407962199658189
0.9407811400422238
0.9409822056901579
0.9411330049261084
0.9406202875238765
0.9406052076002815
0.9404946214939177
0.9411078717201167
0.941027445460943
0.9408866995073891
0.941112898361315
0.9406906605006534
0.9407157937066453
0.9407007137830502
0.9408716195837941
0.9410576053081331
0.9406202875238765
0.9407208203478435
0.9407660601186287
0.9413390972152408
0.9406253141650749
0.9407308736302403
0.9408464863778023
0.9406956871418518
0.9405448879059013
0.9404544083643309
0.9403438222579672
0.9414496833216045
0.940826379813009
0.9409922589725546
0.9405147280587112
0.9405851010354881
0.9409369659193727
0.9416959887403237
0.9411832713380919
0.9411782446968935
0.9414949230923897
0.9412636975972655
0.9412285111088771
0.9406806072182567
0.9412335377500753
0.9407459535538353
0.9407107670654469
0.9408062732482155
0.9405097014175128
0.9411028450789183
0.9414496833216045
0.9412084045440836
0.941112898361315
0.9406454207298683
0.9411732180556952
0.9414446566804061
0.941429576756811
0.9407962199658189
0.94112797828491
0.9414647632451996
0.9404895948527194
0.9412033779028853
0.9414496833216045
0.9411983512616869
0.9410023122549512
0.9407459535538353
0.9409068060721826
0.9410576053081331
0.9410073388961496
0.9411581381321001
0.9418065748466874
0.9410626319493315
0.9412234844676787
0.9414044435508193
0.9413089373680507
0.9409520458429678
0.9411933246204885
0.9406504473710666
0.9413441238564392
0.9408112998894139
0.9412636975972655
0.9408917261485875
0.9412234844676787
0.9408967527897859
0.9409470192017694
0.9408112998894139
0.9412285111088771
0.9407811400422238
0.940740926912637
0.9410777118729265
0.9411782446968935
0.9411933246204885
0.9412586709560672
0.9415703227103649
0.9413943902684226
0.9407459535538353
0.9406353674474716
0.9408112998894139
0.9409017794309842
0.9410877651553232
0.9410626319493315
0.9410173921785463
0.940957072484166
0.9409671257665628
0.9410777118729265
0.9407861666834222
0.9416406956871418
0.9409017794309842
0.941027445460943
0.9410676585905298
0.940826379813009
0.9415200562983814
0.9418417613350759
0.9411631647732985
0.9410123655373479
0.9408565396601991
0.9411631647732985
0.9418819744646627
0.9416256157635468
0.9412234844676787
0.9410173921785463
0.9418367346938775
0.9410173921785463
0.9411330049261084
0.9415200562983814
0.9411933246204885
0.9409671257665628
0.9407359002714386
0.9417211219463155
0.9416256157635468
0.9412888308032573
0.9408917261485875
0.9415100030159848
0.9414748165275962
0.9417362018699105
0.9418870011058611
0.941298884085654
0.9413742837036292
0.9408716195837941
0.9409771790489595
0.9414597366040012
0.9416155624811501
0.9417663617171006
0.9414144968332161
0.9416256157635468
0.9415602694279682
0.9412787775208605
0.9411581381321001
0.941499949733588
0.9412536443148688
0.941685935457927
0.9413943902684226
0.9406102342414798
0.9421433598069769
0.9412787775208605
0.9412435910324721
0.9413793103448276
0.9411581381321001
0.9413642304212325
0.941399416909621
0.941871921182266
0.9412938574444556
0.9408464863778023
0.9412687242384639
0.9414547099628029
0.9412486176736704
0.941942294159043
0.9418870011058611
0.9409922589725546
0.9416708555343319
0.9419774806474314
0.9414044435508193
0.9415954559163567
0.9420378003418116
0.9412435910324721
0.9415602694279682
0.9410224188197447
0.9414446566804061
0.9409470192017694
0.9420076404946215
0.940826379813009
0.94158540263396
0.9411531114909018
0.9411631647732985
0.9413441238564392
0.9410525786669347
0.9415301095807781
0.941042525384538
0.9417563084347039
0.9417211219463155
0.9412285111088771
0.9410676585905298
0.9417010153815221
0.9415250829395798
0.9410576053081331
0.9416608022519353
0.941515029657183
0.9413793103448276
0.9419825072886298
0.9416457223283402
0.941499949733588
0.9412737508796623
0.9417462551523073
0.94158540263396
0.9414597366040012
0.9412184578264804
0.9415502161455716
0.9416708555343319
0.9417261485875138
0.9413943902684226
0.941027445460943
0.9413340705740424
0.9407660601186287
0.9413189906504473
0.9417010153815221
0.9417311752287122
0.9418317080526792
0.9411933246204885
0.9418417613350759
0.9413039107268523
0.9414949230923897
0.9421483864481753
0.9418668945410676
0.9412184578264804
0.9411380315673067
0.9418015482054891
0.9411330049261084
0.9416507489695386
0.9412536443148688
0.9415049763747864
0.9408112998894139
0.9412888308032573
0.9411782446968935
0.9415502161455716
0.9415703227103649
0.9413039107268523
0.9421534130893737
0.9418668945410676
0.94158540263396
0.94158540263396
0.941313964009249
0.9414647632451996
0.9411933246204885
0.9418216547702825
0.9415451895043732
0.9416105358399517
0.9420729868302
0.9416809088167286
0.9417512817935055
0.9411832713380919
0.9415401628631749
0.9422137327837539
0.9415904292751583
0.9422891324017292
0.9420126671358199
0.941384336986026
0.9420076404946215
0.9415904292751583
0.9420277470594149
0.9420930933949935
0.9418417613350759
0.9421534130893737
0.942158439730572
0.9417563084347039
0.9416708555343319
0.9414597366040012
0.9414748165275962
0.9419473208002412
0.9420478536242083
0.9417160953051171
0.9421483864481753
0.9415401628631749
0.9422087061425556
0.9419724540062331
0.9412737508796623
0.9418317080526792
0.9418618678998693
0.9418116014878858
0.941469789886398
0.9416758821755303
0.941399416909621
0.9423695586609028
0.9420729868302
0.9418618678998693
0.9417160953051171
0.9417814416406957
0.9424349049964813
0.9416658288931337
0.9413240172916457
0.9417462551523073
0.9422187594249523
0.9418116014878858
0.9417663617171006
0.9413340705740424
0.9421131999597868
0.941987533929828
0.9417462551523073
0.9421735196541671
0.9426108374384237
0.9413893636272243
0.9416256157635468
0.9416708555343319
0.9411933246204885
0.9416306424047451
0.9415100030159848
0.9421986528601588
0.9416457223283402
0.9416105358399517
0.9417261485875138
0.9415652960691666
0.9416708555343319
0.9415351362219765
0.9414597366040012
0.9414496833216045
0.94158540263396
0.9418819744646627
0.9416306424047451
0.9419674273650347
0.9415100030159848
0.9413742837036292
0.9422187594249523
0.9420126671358199
0.9416758821755303
0.9421031466773901
0.9412435910324721
0.941856841258671
0.9418920277470594
0.9417613350759023
0.9418116014878858
0.9417211219463155
0.941957374082638
0.9420378003418116
0.9423946918668945
0.9422237860661506
0.9419322408766462
0.9418467879762743
0.9417814416406957
0.9426962903387957
0.9423745853021012
0.941786468281894
0.9419825072886298
0.9426812104152006
0.9419674273650347
0.9418166281290842
0.941987533929828
0.9421081733185885
0.9422388659897456
0.9416909620991254
0.9418870011058611
0.9418166281290842
0.9425454911028451
0.9423595053785061