1.5254405105211775
1.3299536627838806
1.1380786834057264
1.091258491779689
1.1926123524366017
1.0920857483116937
1.1472093455178265
1.1186115994117105
1.0014432044260866
1.07930100245531
1.0609474271339332
1.0475812084195084
0.9583992334602538
0.9956488443979865
0.9597730783954471
0.9331422165618634
0.9610692873460525
0.971246954485671
0.9643026686125061
0.8685154787967189
0.896986261491935
0.9038108519338538
0.878079171855292
0.9121362831271574
0.9014312907566839
0.8659293091439043
0.8099269355169845
0.8169646421170261
0.8803038548642806
0.8351182883597271
0.8486965495001872
0.7525130783210561
0.8584095004557106
0.7345749907973343
0.8297937288005501
0.7634964202097303
0.8465023606857418
0.8705305766307677
0.7895533348061714
0.829873508682814
0.8237704735237896
0.813923969522097
0.7607742224223594
0.8141706324292856
0.8151051701936803
0.7564341303201394
0.7850802239208565
0.7840365644976394
0.7827973879043247
0.8040407968642187
0.7271882165507985
0.7689184304197942
0.8199861951894999
0.8159630202453236
0.7362666962105342
0.7789314398768249
0.729745699641922
0.7525922933709339
0.7382341588408268
0.7108684169128238
0.7185044057555803
0.7556653183809867
0.7821438279813636
0.7510311399814648
0.706187444615157
0.727701196035657
0.7332193892217246
0.7262299919633672
0.7192726815261699
0.735559938871268
0.685473813091863
0.7135796304855083
0.7037764311181937
0.7333036405309251
0.6805546685264715
0.7231196798522008
0.7018608483558532
0.6991039611685597
0.7026540749452113
0.6686525873639719
0.6371812381956458
0.7152157750029224
0.702973375685042
0.6359774839850278
0.7110227069968634
0.6528238451555647
0.6830422171029474
0.6279717528716494
0.7148084943080152
0.6827093430854547
0.6518763628289
0.6883839958754694
0.665357579774789
0.635616709279711
0.6489105240260747
0.6780169464747239
0.6953892632444054
0.6414578138645849
0.6519985459583143
0.6799639973208819
0.6609809173252185
0.6579351643139629
0.6644585732983607
0.6700776250215326
0.6589285382191736
0.6794776117133426
0.6645038039695417
0.5973558813784118
0.6378308374321459
0.6460415268272224
0.6742132853944911
0.6696880782496148
0.6741147624472243
0.6503568536261759
0.6625227061032444
0.6430445334977307
0.6480075948375377
0.6310846518143324
0.5793486564958404
0.595001509069476
0.6041679688760355
0.6610765049115089
0.6396869250014604
0.6700250052247608
0.6319895363853966
0.5946276860018913
0.6223783471182801
0.6231910328457013
0.6154617917212678
0.677461540820525
0.6960325224406853
0.6532908311122404
0.6254150499091647
0.6559014663505309
0.6051441732687987
0.65853199717727
0.6859743325107156
0.6619936280385156
0.5845039963353116
0.6495100569213071
0.6131872297740258
0.6510179574723142
0.6152736713897957
0.6155923461106806
0.6459114492054593
0.6554994870295416
0.6521863994962037
0.6283257873433761
0.6255267761553026
0.6736319647790037
0.627249676218289
0.621498819522695
0.5697631177812867
0.6695832946502992
0.6572330446345488
0.6164640081725512
0.6333153610882776
0.5739944006289549
0.6113297210684807
0.6581219084224115
0.6049407319574278
0.5659971311173102
0.5812820841525171
0.5175937884381601
0.6713287595042907
0.5655731488308646
0.5575484147186599
0.5785077312343735
0.5576983497927326
0.6304101602659552
0.5049117574579408
0.6602533194165301
0.5593961342193698
0.6190462983450802
0.5063360659580858
0.5713289480609047
0.6293913957815529
0.5830093965974578
0.5595292282632756
0.5742595692779237
0.5359821593922511
0.6412831107955932
0.5587789772735429
0.9720369295407496
0.5921301419196721
0.6699159075103812
0.6614162137335532
0.8539515775819386
0.556082801007421
0.6095721010362601
0.6006954770432765
0.6086263391501615
0.627793969441183
0.5538353402337135
0.5016457535756714
0.5803120993742878
0.5208249565981508
0.6249453245524484
0.5275266622665785
0.570858779465949
0.6546353697609015
0.6367244971264439
0.5452340959217917
0.5727147064181468
0.5497043330581295
0.5290765476242146
0.501312019287562
0.5550372101329369
0.7193321937104025
0.513566938344403
0.6067266217562496
0.5255565485502528
0.516839884361769
0.6353653740052129
0.5705987440045573
0.5701563957085731
0.546465369358177
0.5731446853206245
0.5457568648643522
0.5663032539935478
0.5059853880550099
0.5563643198470527
0.5476049929773364
0.5530558421546304
0.5493573218066343
0.5264875893893782
0.44968270565322765
0.5071089412344122
0.5564964646591871
0.521688344173681
0.5468899387880041
0.5190691206929614
0.43951313649657
0.5125017072696845
0.4924755673678776
0.5643982574743954
0.541287152054984
0.4784630477627374
0.57699253493511
0.5052195020308827
0.44402016805254496
0.5520188565377505
0.4318543747283167
0.5168735352655651
0.43014499123013633
0.4902081642852962
0.4726885581334841
0.46094831219819343
0.4722797352510843
0.4789957567792969
0.4479822039589806
0.42332263778519436
0.48986040878827036
0.4736628826526041
0.47271561486958424
0.4719083407875501
0.49142091949116057
0.4195970210801161
0.4690284762919208
0.4455785523894536
0.4523174224587064
0.4718713817480716
0.4397067459129685
0.42063526969084847
0.46088230153175724
0.4594045705111805
0.44055325920216154
0.4285849770724304
0.46700028497027646
0.4359441692552153
0.502562253091359
0.47637768880608994
0.4784875235959075
0.4456074383479521
0.4050948780550726
0.5165417718244016
0.40368735439355147
0.4289269289734357
0.4235061522197528
0.43194464457146275
0.44696833127508867
0.4001832964581578
0.45503810436990805
0.5343453009727158
0.4218666319158159
0.4609340053709044
0.41758652953845965
0.4686971417846491
0.4365565980951924
0.4425704675806437
0.44174281748013805
0.397902436500503
0.4139016564058801
0.42470794190269623
0.4347328226309278
0.4238334265464906
0.38863079839841297
0.4412441625927487
0.5245797135042515
0.5910497630020708
0.6178060167852429
0.47256572580767037
0.5026365934062353
0.5679279270664143
0.4288293092146226
0.4363050513474029
0.4423892263677202
0.6397909729754846
0.453590928062914
0.41328863447116504
0.4582046257271747
0.43791015094569474
0.3850956196191611
0.4548809264800173
0.40799434032505094
0.4785492206949579
0.37911182162854495
0.44143677952038585
0.4184399412707326
0.4235811785872542
0.42225207909713974
0.42448683359113576
0.37963390014604276
0.4435717992044749
0.4592242601750191
0.6014183682786683
0.46836120957346594
0.393758785396033
0.3899065768167925
0.4137312828228944
0.41659822288492554
0.37929168911954875
0.41246247300553096
0.5075922850300707
0.476879597126057
0.4540347232599724
0.42359327119774365
0.36706571244044917
0.5532057029386128
0.5284590350039446
0.47060978886603505
0.49165279355073294
0.4295496335931725
0.40778909954806414
0.436374040237525
0.4061314209520299
0.404609566686553
0.38654984351986377
0.47343109485714097
0.4122942581986123
0.35958854004187046
0.3830253276503583
0.6486416975518927
0.38095162089243567
0.4453229508983642
0.35872874283665473
0.431678809350195
0.3571150506474647
0.4058644138630111
0.35666265625920696
0.4813818584181439
0.4179001345820647
0.530285424827446
0.42190077036226104
0.40799341405921186
0.38645798140543247
0.36186725703721667
0.40049360837390113
0.4395745928059662
0.41564484759601955
0.39852105096421175
0.35939637210309383
0.5756005055373105
0.3496097607589936
0.41296434843963953
0.4410916013705763
0.418377230206026
0.4142874146498427
0.4081368834296808
0.4455439793244088
0.3989731874625524
0.4163628780052787
0.40904078359233426
0.42367031690088597
0.34394754199690136
0.42237267234611786
0.3899231682674897
0.3423631993260667
0.5055195374298378
0.4336665874966974
0.34874012820136224
0.3969361230578811
0.4077499141919329
0.3685113899775289
0.5026135340768012
0.3393544538777387
0.445349017981166
0.5770521805982258
0.4799923845688898
0.3426154778689956
0.5727204799026524
0.47267762892749965
0.454783920808675
0.4633337086803932
0.40534924353774443
0.7231339389386093
0.4501474545164537
0.45463121890091757
0.37834623901514125
0.3360625058118939
0.42018226878434417
0.5330840735424365
0.33533441870134323
0.46475449569483784
0.47208215091698075
0.3329253308193389
0.4423298205684787
0.5497440640281754
0.4476619553224189
0.4935212849064264
0.47256526831601603
0.6421640068777978
0.4627205227999484
0.35045021173833496
0.4837862707474367
0.39615940678075556
0.38240693634274364
0.33048326306695797
0.3987614506828942
0.3309178400490519
0.36855457891159277
0.37624855073357927
0.32613500998859835
0.32777772582941583
0.43052654654909334
0.42931590178819334
0.5601327218803223
0.4223222059283261
0.47777640346233363
0.40499111327441706
0.3238777106980457
0.4075049957182892
0.43023490748708704
0.42718762511503416
0.41828843677026656
0.32544756368358685
0.48379905912075394
0.3776941831033867
0.4279860388814147
0.44950565254024816
0.38296031384751766
0.37536172141980584
0.3275884134032507
0.4253744694707055
0.3201953625494939
0.4597794205125302
0.4437928062231331
0.6738479980413642
0.441946429269829
0.4401277813683546
0.5012254386952122
0.4169418973387131
0.44134722150309746
0.5501290196006093
0.40151765178760207
0.5288670249960421
0.3686337799591249
0.3181753305603554
0.5613722737746135
0.4001154387937504
0.38677362522725434
0.31703495302620915
0.4293920181419605
0.40351120779344424
0.3140999065202466
0.40760058274611566
0.3761633306643444
0.5048940330851648
0.31616392023519857
0.36727268115592016
0.4205987559023568
0.3705819206699089
0.44131283920623204
0.37931607537677436
0.3777240066180443
0.3624531010922913
0.3435155477177652
0.3122389268813763
0.37203650381694714
0.3136361565213793
0.43712617538465515
0.3085604213113443
0.3555736944914698
0.3836910506737075
0.38404146306491155
0.3924956396833309
0.364671192111114
0.3066587342281606
0.4053013077191799
0.3077875720449385
0.38505867876691297
0.3064456538986178
0.3809003649659674
0.3081869341922004
0.3874408454182295
0.36330420147038567
0.38255237264911307
0.4138096627456181
0.3043592116596692
0.3121364704613826
0.4205376694129607
0.3279443634975056
0.3530905568306807
0.403471286058215
0.42362351338062254
0.41208181604539273
0.39340011517893125
0.30085877393406363
0.3747933736499126
0.4040680295133564
0.41851913773250843
0.525678152012033
0.41312982890984434
0.3596599221844343
0.2995888706927651
0.3367224482033574
0.2997038720742776
0.40411227627706636
0.2997308767995248
0.3804541186069884
0.3704745406475178
0.33912263362425327
0.2983749827889263
0.6691815452660675
0.296843770250273
0.3646153004236911
0.2961261447867205
0.364769808691578
0.3353852869531426
0.3973939846290309
0.3703535838175169
0.2969574444547226
0.3759615037710706
0.3878788838056059
0.29440291305784916
0.3961161265941569
0.29544747135101146
0.33639674321972274
0.34297738383088644
0.34602721613538656
0.35486614584889237
0.295482470144173
0.39954759229261605
0.29376653805842484
0.5044738554100774
0.5215550435993695
0.29424270129501484
0.41989604297900135
0.29073658698559457
0.293920571371273
0.38661468473336635
0.2914556762719195
0.3287833764324004
0.29163699582439634
0.3563503736049747
0.2903060776819528
0.5112370571365152
0.28944209407135973
0.36859024686983627
0.2909375509693296
0.43149524740784884
0.28743433719718114
0.3885885388233116
0.31130384860713994
0.4800234743266176
0.5447197980634677
0.46333377366414863
0.2862205860028677
0.4691331948511553
0.28707366716670935
0.3732395390081879
0.2883021650263326
0.36981903538119854
0.2859497784720954
0.3920590179794535
0.4236678111910561
0.3942485520937051
0.28472795238449045
0.42404936786183156
0.28335077877568243
0.28484523319665483
0.42658235168467096
0.5910098230274798
0.46943872583047624
0.28654739549253194
0.34317287233386545
0.28239881175436715
0.37133595910901823
0.2829092082102975
0.37889907548097107
0.28281838183382785
0.3223137770292123
0.28604936386832036
0.3744813644111358
0.3544525411426398
0.40187693775618155
0.2825009865398377
0.473580683579284
0.2855873591622653
0.36079074325121174
0.28079025251726464
0.37222838074685544
0.2806863574982552
0.3122967424802033
0.4623795634877726
0.3942072125826165
0.2807672358516023
0.40099491175154467
0.3393599335760362
0.2874295875059795
0.3886529293036526
0.4625618407616321
0.381912193649525
0.2774156623870345
0.3735344577011441
0.3443574243136324
0.340413502965932
0.41363839634710786
0.4321235194424782
0.2763489768333291
0.5043425602457599
0.45729813771644445
0.2751562011616779
0.40269746389422784
0.47899616013170343
0.5753337722328605
0.4309841662280421
0.4678467174062291
0.5652653095609774
0.27585069062744033
0.3651945648299348
0.3511568451411417
0.27401107984873785
0.4604434536166881
0.4079286792007399
0.3984569975660174
0.5213199312483644
0.3499269693950873
0.27346492893376667
0.4559232993577217
0.2803225024970773
0.39715622887326935
0.2717279567835184
0.5846532875144977
0.5116220090417822
0.41090802923839576
0.3847502768555024
0.2719954594440048
0.35163359659429877
0.6064572111629004
0.423861387581381
0.3398806843843724
0.3565938132884721
0.27380431031256086
0.6286534415041162
0.38105515777304927
0.4777679247061084
0.4393665044762773
0.30773338686104984
0.26890876526227236
0.27081464329344657
0.6445808723468249
0.32816036295362067
0.39342399461960964
0.270583899228811
0.27172086662311
0.391316677867175
0.26832561684271733
0.37875520883199054
0.26652125926118764
0.27093027049286994
0.35396885261411776
0.2879442042244656
0.2671842219966251
0.368399939940964
0.266356177983372
0.3389052178849117
0.26716435897615404
0.3522783203273101
0.2649997923614867
0.44429604776619486
0.4183977782248118
0.3569629053005945
0.26418421946637344
0.2684099753494381
0.7623668500243688
0.49981666601551955
0.2656329528233721
0.5518223586635601
0.2639609975250459
0.3874517319166998
0.26406409748219756
0.37369765529314075
0.2622171981862087
0.358543653732613
0.26230041335957194
0.2728372610487057
0.31274354108096186
0.35523503349585533
0.3450229260911699
0.2612783456461207
0.2643782066518957
0.859766661835595
0.5005321148372509
0.2608915219580473
0.3985049388847331
0.7535523269142735
0.74581870436968
0.2623707376611047
0.3836999919582491
0.4795817110366318
0.406904682673146
0.7650937538792346
0.551074096104599
0.4913662661496746
0.5019491884910746
0.4908110427195157
0.4586239461906138
0.5446764276714542
0.4492437484823509
0.3371592677589785
0.3203591574061328
0.26034004946618444
0.6739000358527566
0.8084008799473659
0.7555993853284603
0.2599303524396524
0.5331118821642977
0.70809422662005
0.26035731510514326
0.711001346377335
0.25822756459281265
0.7101500211956178
0.34236369757001206
0.2747411134249675
0.36432689603748275
0.25673779083941073
0.5422535532177961
0.25656246471936167
0.46663633125310006
0.43151080663944674
0.582222813785613
0.3669184749031903
0.27566180612609686
0.42003045551471674
0.4258714305719
0.2556480674568347
0.5464087406304275
0.25495308437392905
0.39431686260109355
0.2543083571653483
0.2584353809026069
0.3151588271119902
0.41167796718653843
0.3900694180569389
0.2550697995244004
0.424411670489841
0.3740167289634351
0.25447358637544837
0.41696125900353986
0.3433181633398318
0.25314512198111705
0.6519131296992455
0.2693491033983227
0.25422865808374423
0.3646107157082617
0.2540970792173285
0.37474556514285945
0.25208294997793196
0.2539883939244029
0.2547353039024817
0.38893431579750776
0.2510401109994196
0.5432613022740495
0.2691313516856731
0.33224627400679674
0.2516113079138171
0.3916316949285283
0.31833847615018773
0.2513862401390835
0.40603799644503513
0.4222794356774638
0.46524347881871164
0.24961173982542678
0.25061577173584776
0.4533760218174152
0.3036626365832123
0.4224156767404936
0.2973100454231177
0.28498983515753984
0.36000942724544327
0.5067259610581287
0.24837222033732617
0.3492407172106989
0.2504997477591522
0.2516584778218042
0.26142295131102405
0.3039092175313178
0.24979889049685056
0.3840724848065803
0.2501186080434558
0.3584479422886593
0.24865354090756459
0.29960252537374255
0.3770540448716691
0.2478315287822573
0.36715424054949275
0.24743759063609844
0.39518492437811625
0.43811261085369435
0.33431812813297307
0.24706198659332854
0.3752915632133701
0.24611137522414783
0.34323584835078147
0.24734546812405506
0.2499307418625292
0.25037022624107896
0.5069154799466892
0.24900351071396795
0.36885275522830285
0.24690088791599252
0.35073961513750623
0.24625052943183368
0.373830639806501
0.24543545675236725
0.28956047732137935
0.24425826704068757
0.686509847726079
0.25437142195182155
0.4481897521086932
0.3407250523524656
0.30554872259344246
0.5299108217765309
0.29518033774952823
0.2447610294555106
0.7483163311045682
0.4375586726394007
0.4774771418200153
0.2431414656928901
0.24632499517490333
0.4990413458030674
0.24526171632337573
0.41066560621130827
0.2437880884688806
0.5607292101956222
0.604580202781818
0.48029066190885755
0.3764030917605916
0.24853449185313387
0.46941077524761077
0.5562643855031192
0.6621952476158189
0.4000617788530238
0.7120834689767717
0.2426943499843599
0.4036899046244054
0.24339963117419944
0.4262653589937749
0.42474501979942825
0.24128614952441713
0.39969947489222085
0.2405040505620369
0.24245985069018391
0.3930239520472059
0.7483245656939902
0.23975109701290984
0.4313535061924787
0.28550800679016963
0.24015399144903407
0.4781971325642746
0.24053448378483697
0.46757772122850577
0.3094463736973541
0.38862327394148044
0.5237297389299176
0.2554942358255827
0.5062100199974434
0.24699999479337562
0.3145696740263127
0.24233537459186041
0.5491796987883546
0.23916254688976507
0.42534090914623146
0.2393648073479272
0.4314770891846607
0.2388676140970915
0.4080449167719311
0.23817671237650342
0.2898364600713338
0.23962494461364697
0.24233814992084896
0.3775756885578476
0.23984152383087282
0.23994483224728808
0.3924958550140384
0.23718662264605408
0.23892750753545486
0.3467554857899555
0.49142411893878707
0.23841748679994829
0.23784964266479572
0.23911428777298754
0.41789079372942906
0.2350438302291447
0.23840945156149415
0.358650715240886
0.23599273414684058
0.4505428152252633
0.23581476208318108
0.23734930034014398
0.38732285750857576
0.23490720503038198
0.23889173644683082
0.4353366370741455
0.23514031668897561
0.23680609421592128
0.23715778178352193
0.23680504574504085
0.3476258352520512
0.30238944194936496
0.235132870208475
0.3807623288618904
0.23397559215846037
0.23703364364488852
0.36612368894128844
0.2340178353172973
0.2367009444655699
0.23544989627598278
0.3810357459267586
0.34832518549780717
0.2682902517972536
0.23450401670348756
0.23556023411865026
0.2350266412891015
0.32869407074735374
0.23316845010686832
0.3438284755291204
0.2940769561940769
0.7114492044010399
0.3674762669273017
0.23285572325221468
0.4189218032025957
0.23280365446105167
0.23456066784829271
0.3802551770319442
0.2328954142282702
0.346294106966526
0.2335635422473842
0.5127469176785756
0.23199657022441308
0.2342514692922104
0.2327877207808538
0.233933834348264
0.23375308405873388
0.6338461357240309
0.322188935937827
0.23060827463079117
0.35645439146388874
0.2722253985768905
0.23166921044369831
0.24177319471177103
0.43050905189795835
0.23077320712948846
0.3244671562022338
0.2307627514892737
0.3464361170370618
0.24211320369082698
0.3674680769105857
0.3860721526844542
0.2312436206384628
0.3693540146391919
0.23126536990023486
0.6508376402991636
0.335392971577784
0.22960541143807275
0.32526084367927055
0.43915898095949996
0.2291564681441867
0.23116024872487345
0.39774438715513655
0.2308676784607338
0.23122062269782204
0.3738950226785193
0.23708118272153428
0.3240750177625734
0.22869717456833025
0.26341776013702695
0.22752263609368462
0.3200525739843657
0.22925144170023093
0.40549777981489465
0.2278125891148881
0.22899278591391317
0.3657502408241423
0.2286884975019655
0.37513301832469903
0.2275402234432488
0.22960672504886523
0.38633978594791396
0.37227530069577314
0.22834430734204655
0.376112994299451
0.22805731675084406
0.3585092631007326
0.23451398914877325
0.2276279775254118
0.2305878159827203
0.2274587741428745
0.22814476908389367
0.3015421094381557
0.31938638405936387
0.7071710281902156
0.2514618394169246
0.22905233662526947
0.4894179933963145
0.22672441075976177
0.2301855797638066
0.423426834800791
0.22695232269207208
0.5401734988947706
0.3695360023767422
0.22624725822490552
0.2272811605247061
0.35188797846806813
0.22547148167877282
0.2265059331245331
0.27070476374417685
0.2257054427167371
0.41735789429103376
0.2247642168907926
0.2275282321430387
0.3838851077109695
0.22413827940861794
0.22650186037196834
0.35077268984699067
0.2245305051365878
0.22530047056151775
0.35936493162549304
0.22426282051811078
0.2265464337830274
0.22690376063495113
0.34884761372760587
0.2241213031116743
0.5129513421621864
0.22417739294715033
0.3197304730824749
0.45453910209485404
0.29367023095361516
0.22381252572971064
0.2259085257132447
0.4604191811983299
0.2233622832364887
0.2253220281956931
0.22457324212079352
0.40570911581650343
0.2235013586012846
0.22399160049038386
0.22482128147540972
0.45634055350264047
0.3665216660667232
0.22240254074695823
0.22387928550037392
0.3530983132004165
0.22243960985267625
0.3727595360776763
0.3785425948908767
0.22274688863819705
0.7242421369043307
0.4663105345336675
0.22206082097911578
0.8043685415689276
0.22304285209801528
0.2995089753885203
0.22275266102944347
0.3566821608953064
0.22205834851452075
0.2237844891242176
0.38511944133371895
0.41096955541391283
0.22241207889167514
0.22534624998737413
0.35204668893292007
0.22250369521664168
0.2246239175778844
0.40235968049719284
0.22149606951052053
0.39070950469785
0.2263720670170592
0.222046176214607
0.22278385314636814
1.0635189557942677
0.272547119822295
0.2489542607095189
0.22176257925141332
0.4058319031386292
0.22062550525790542
0.5133919891686647
0.22080387495346074
0.22223406105584054
0.4387305888916727
0.2225539074293599
0.4191659653392447
0.220289329509689
0.2212183323453765
0.4974252739757927
0.22073866038783804
0.22115509290483645
0.22174102940367593
0.311316108807756
0.7322815845209494
0.28622048955592877
0.3252809861774074
0.22210554750622738
0.6875079223466385
0.2844241144444487
0.21964023583199369
0.27743638889378425
0.21844350516877606
0.5151940547621924
0.507711636132471
0.5731862001588428
0.769856569076037
0.3307797487205572
0.2211363273824809
0.49890154289422944
0.2196667008852451
0.442246634541752
0.3013180883336756
0.21826471629641975
0.31515521508351974
0.2193384075874979
0.4198608910604995
0.21779256592522206
0.3370388764160008
0.47120387144419723
0.22257316658638557
0.41004362792970284
0.21966418254720843
0.446301563275004
0.21779860865947315
0.46121795563192347
0.21728514440151556
0.21850629316519143
0.21957472232463268
0.49963091802255255
0.21700325355401723
0.21843995579103576
0.42296744039492223
0.21739370083786608
0.21840134401905617
0.39452584901935744
0.21820139743505143
0.2187389953085008
0.2181588340339739
0.4608261501963343
0.2173995401591029
0.2201277678144818
1.072573979169032
0.46462954575076365
0.21799340291487737
0.21957460059955877
0.5231471264464321
0.30456142832424854
0.22004477762450442
0.563529175642242
0.2164248232192691
0.40438238077277033
0.21604085410154908
0.21762082004793515
0.4034475866709374
0.2166049955264441
0.32785785500513254
0.21585174364490065
0.21759381301587818
0.2186797275046899
0.4831387992521057
0.21758185448033626
0.4331799266772704
0.21617714812278327
0.3506198760912419
0.21537960698033848
0.39831871150481835
0.21531160775819536
0.2179116644076098
0.21822657466811998
0.32340371962178316
0.21513886816601302
0.21721971922973374
0.5135705215589484
0.21630000974278904
0.5651533299047684
0.21615412382677723
0.2142196728726431
0.4277385531182992
0.21556245258087867
0.27714756871466517
0.31691163790858506
0.22367762386240395
0.3272479524153144
0.2918571889474185
0.21427128475758017
1.20945778525425
0.21522519129523324
0.7526381460187883
0.2142932985073235
0.21683857192773565
0.21643567065582056
0.553832874413911
0.21396003155020085
0.6380767809547386
0.2138399647898434
0.21463501231212487
0.21629797643775894
0.44672527352402797
0.21369957070733567
0.7256178370700453
0.21386504849981955
0.2155776238104891
0.4600633084893859
0.21405866213900274
0.432510309721133
0.3979869475778452
0.2126732039477605
0.2189371256785129
0.25454537446499925
0.21388436158981491
0.3505500515796171
0.32304758724791144
0.35325184246671676
0.21224337126652235
0.4092145584150969
0.2129518250345007
0.2896969387216683
0.21398624555262166
0.541502591021939
0.21218025424179587
0.21412038553080098
0.3318685483157776
0.2135401240624733
0.4360719299756107
0.21160455966194247
0.39777109505498126
0.21265597670889272
0.75217552263666
0.21145204026554631
0.21322244198569507
0.21399521206301717
0.21430466618542887
0.4303027023171063
0.2936283054283569
0.21175310092721866
0.21349390647713395
0.597813817503604
0.6962275705339969
0.479060245268718
0.2116698634463054
0.47462469511883365
0.21250566485034864
0.4227719662262515
0.21174643879784194
0.4536748786283262
0.2117959772895327
0.5033577153956835
0.3522388602990297
0.2110423356196062
0.4568841440610028
0.2102932935193821
0.45284125696761646
0.21175097454910313
0.21168530450914236
0.38238115801982425
0.21231009189512245
0.35923420913063275
0.2104692154000556
0.5052346211149678
0.21073196174836636
0.2121070886911033
0.4988130231888104
0.2103696496940302
0.21231952756439565
0.21195547955189464
0.2342537899124269
0.3692662657770492
0.20983938034084573
0.4603756481005025
0.33168272514633856
0.20941818567693654
0.211531824931905
0.21191937750625145
0.2112250408927392
0.21116205376721361
0.21774301978835717
0.33700550340645724
0.2167568148683187
0.27583639037933033
0.6165421634359121
0.2168176342389108
1.1930379917863405
0.4581427947414785
0.5452313663401112
0.514772310649273
0.33872089610828
0.20889067611491852
0.5432846523082527
0.20951858478993327
0.5725748731768352
0.20805874829642979
0.49839982948118716
0.20887866574274405
0.41958547445475214
0.20935580856230446
0.2112346037749536
0.43317040096706555
0.20824618224421293
0.209995670972288
0.3714556397474105
0.20834072871867418
0.2093978286531312
0.20990876715917314
0.20941156558066282
0.2096769596904382
0.2111085119822151
0.36787182232949245
0.34816507475223835
0.32465523119790557
0.20826350194512144
0.3516541094951678
0.21025614500601844
0.32505891475277027
0.20759970363357144
0.34574071787751925
0.44177441339528173
0.20779286751570653
0.209027851455828
0.7712332347467259
0.2117555158035115
0.2078187550461971
0.6105031840164962
0.206744090716124
0.3787492940815647
0.2082996023962661
0.4043893481481767
0.20641194918406092
0.4019342693240313
0.20567876465758825
0.2083951489421952
0.20893506042360277
0.4058923621769669
0.2066512720179108
0.2088417799950715
0.20705214278490544
0.291397758048745
0.23277516476555313
0.27407979203613697
0.20777832893814993
0.5008586826734994
0.20652777182625284
0.20881267493833094
0.279264082852766
0.20736371205353565
0.20884798071141197
0.38551437273652717
0.20733471124005895
0.2803582663364554
0.20654004281550017
0.4017551649637186
0.20653069185943024
0.3519312031770828
0.20575360190309075
0.20753300754218282
0.5608649789206641
0.20532865628635474
0.3426508227102872
0.20557405609033494
0.20929433023657434
0.20876334565147117
0.2068773286036029
0.4356571523802532
0.42575737938928426
0.2690214741460048
0.20554775647634485
0.38914343330260737
0.20624358565734574
0.36513500601246185
0.2053215071921175
0.3848939766624704
0.20438122003881068
0.20606040920270075
0.2064878570575921
0.34556249709156034
0.47414011826077485
0.205238966338992
0.30839527225715374
0.20438401742682677
0.20562272293015882
0.5504900659829227
0.20479095737646516
0.20837553950856239
0.8842345979475162
0.20389780643006145
0.20431171482656907
0.20543072180208602
0.569969305127454
0.20531636803101305
0.20523930531269569
0.42502189961151043
0.20418557787202604
0.582876286895738
0.5239303199451064
0.2035088213965074
0.2058325520925882
0.4740738150475971
0.20436282281228907
0.20568644494095117
0.7255020560626314
0.20340036964968256
0.20508326475821748
0.20507899166329155
0.207344538715406
0.5171383786787744
0.20291135999083026
0.2043453017450439
0.9605583253259506
0.203935470941971
0.599519182468462
0.2026058791913254
0.2043601515142192
0.32882563839894996
0.20340836659170902
0.20361118492527597
0.37412208533242586
0.20195567767269573
0.2036347449244085
0.37984135649464357
0.2029121618589678
0.38965597662694834
0.2026667989831186
0.20430673802793098
0.21031958132443565
0.2049950272742481
0.32591571573656997
0.20292151641486836
0.20474643787455718
0.42972540076449334
0.2014958374074919
0.20361522920531572
0.20427016080539145
0.37493097597638164
0.2718647476690163
0.20184089767466346
0.20722501776490504
0.41919573953395295
0.2033502182953068
0.3678728936696076
0.2038470878052629
0.20376893878222777
0.20320807040206285
0.3222812089159155
0.20274372242084912
0.20224436621760056
0.39779376454210336
0.20145917877909028
0.2939693908659073
0.2013888198264256
0.20254482974346086
0.3219427739241419
0.6462113726533588
0.2023058172440594
0.4053264793199714
0.6467650295424717
0.20142753555584572
0.2017910136148101
0.4475613120788712
0.20172003593334162
0.3860689955702849
0.20283088157738718
0.43323902360982897
0.20104513062652243
0.20268958074397092
0.20290286118083464
0.2043606174927884
0.4175821434855054
0.200932933653074
0.20237255972016585
0.20192486333238488
0.5428504309835245
0.19973685962260512
0.2012395440159344
0.2632927084220305
0.20075335163153912
0.32896967125492993
0.2002702362109464
0.20113576217576232
0.20269008615731748
0.20157125274934928
0.43799512185266
0.1999043553395897
0.2008655950073821
0.20149527719007373
0.20234082811939738
0.20187327465591048
0.2015433184233582
0.25917284980488803
0.20105583587721607
0.40089891373467623
0.19975526594071957
0.20096003185407596
0.2942516856179844
0.20003676126501796
0.20079869038287718
0.37970659376486227
0.19995767754997393
0.20047542066830895
0.3449258105285575
0.32528572583258586
0.20583922209064448
0.39357464697954403
0.200263130155287
0.20125417154400976
0.5155446007395382
0.19958525333518798
0.41251279644306177
0.19962661286259634
0.2006515258294302
0.20454010701078718
0.3448650044679237
0.19929083328884653
0.200478922632787
0.7735789328822841
0.91588283617853
0.19948123564240497
0.200223199283599
0.20050801369721855
0.2009215654953008
0.28066945582426317
0.1987940828302881
0.4516008950914311
0.19818766663042423
0.19915855860881998
0.20067975145250977
0.19992199800854638
0.6732370214617979
0.5134666333634461
0.1978849976254486
0.37238584809815395
0.43909636612571695
0.19837745687645245
0.41764413032684344
0.19783925501237526
0.19996398882899966
0.40614263466275474
0.5519337275282545
0.19781071184020568
0.19929465525707948
0.19989561865629635
0.38833003213129685
0.19800159074764567
0.19871694169032558
0.4069122044483129
0.20295169235947016
1.4123755580498014
0.1977284210655423
0.198423836419941
0.3791776967682969
0.1973767060013804
0.46013637196520685
0.197429331184004
0.19987879607401632
0.36561263288636864
0.19958293795386695
0.19813110264150305
0.19982362389163044
0.40074767534259587
0.19701925288027164
0.19792664264239945
0.4295888815729197
0.27050335082730786
0.19766889416725186
0.19980553038225346
0.19884669367395952
0.1998433463895016
0.19836392281650395
0.46063247434369464
0.1961948472907018
0.19767589226536764
0.19966920884528333
0.29258526514185595
1.0906743678907422
0.19630422622959498
0.1979034666834258
1.286871286583215
0.19714348184450256
0.622075795729294
0.19644036279949026
0.196975614732943
0.20030223600355465
0.5573786022096635
0.19523887159711792
0.1972657166584998
0.4876544912119056
0.19626222468956944
0.19857230775632911
0.19831164768263781
0.19815288349708643
0.6225530346785114
0.19652903882433997
0.19709128637669152
0.19687197364097347
0.19703946791371146
0.19872202004896392
0.45207888415933867
0.19638467481809546
0.1970854242020241
0.19748497874701768
0.19795283479311948
0.43321718476612037
0.19664961265171454
0.19620592265500864
0.19752382999218646
0.19728149454911864
0.1977230616488211
0.19788974600722595
0.6293011016019309
0.2550644253489803
0.19583004493238182
0.45243205374218515
0.19487050781827928
0.1956215218187112
0.1969460507000046
0.19700929587408816
0.8162970563851613
0.1957336677358487
0.1955581212103803
0.1960807276393236
0.44009928012098076
0.1970443238980753
0.19565617106735073
0.19765410727141336
0.19618850152337952
0.19759045782558488
0.19607670203981406
0.19707961266392082
0.4181403632298081
0.19423308436325437
0.19721035073645077
0.46289095468938984
0.19444503618240386
0.4346839034819317
0.19639790581755887
0.19536263433635445
0.40619414536354626
0.19435030158422797
0.5653596570868407
0.1935742412213981
0.19515677646790597
0.1976869221821964
0.42463111942186077
0.19457539986685404
0.1954589437825783
0.19636006629714964
0.195838149004068
0.19490316350061554
0.1957806253650561
0.19587099203084593
0.5192693121872395
0.1943419101229035
0.19412973854398374
0.1966206110278059
0.1955252273407601
0.5006564950215582
0.19306456034253155
0.19412471306280624
0.19623356103224182
0.19595544339703372
0.34926791416634834
0.1938935928545546
0.19416781486600315
0.19565973804599415
0.195780371682494
0.1953498275311793
0.6080694597195585
0.19346788143839472
0.5542002515268142
0.19333292166745142
0.195430287501679
0.44651768098511757
0.19335056410099336
0.1942919487601306
0.19543082188234842
0.1944911240496536
0.1951747461759454
0.43776980460197024
0.19259576077947657
0.19433358880483453
0.19473594244109946
0.19654901932942362
0.19489414867035265
0.19494223732176796
0.49872138633939384
0.2710066527011074
1.0582139319391946
0.34780479670191106
0.1929729550768895
0.44353829191115907
0.19263370079913403
0.19413658274265444
0.19414714250404394
0.19569956327406385
0.193331225383074
0.195371607998025
0.4030158416453005
0.22162364679916757
0.19339331806434665
0.1924071956709931
0.19398426933715007
0.3981663802941551
0.1934676093031521
0.1943083330765678
0.3709415824047518
0.19205018756747874
0.19383736183390188
0.19511725612656444
0.27054904538641333
0.19241198459563746
0.19420606527748346
0.19286646108231864
0.19847790665822085
0.31337834281904703
0.1947921453154972
0.19209368040661456
0.30972640081767927
0.19289220958553854
0.8895753946603818
0.19146321990669674
0.19266656232877633
0.19358956847802458
1.4862802290164854
0.19160442707500783
0.19297901567959105
0.37344750281344236
0.3148383915830911
0.19203951627463078
0.19254309382875076
0.19555887526872817
0.325856464322059
0.191685452805471
0.1935663153743229
0.19552342241678794
0.35406315542466293
0.1918801946590376
0.1934375611177466
0.26023477352873986
0.19240348380105743
0.3857421512671027
0.19135398445537086
0.19530253432339362
0.19218874704937627
0.2338433729221624
0.261190330280563
0.1912398825167234
0.19338677064853455
0.2849092403130457
0.19097371683533151
0.4261084455418963
0.19070362926529563
0.1919239247485921
0.19202364551810344
0.19255003237757382
0.19327917842526102
0.3906785631753074
0.19183399251265068
0.1926488522035728
0.3882769087953584
0.18970093839976068
0.1918611508249297
0.3758802437140354
0.1903470432625786
0.19440984627951308
0.2081218801478656
0.1905301490342294
0.19119699040866125
0.19239760497403677
0.38725086549982773
0.18985189607740527
0.1914576839660731
0.6088117523367825
0.18998365265685627
0.1906509429588794
0.5165173008135261
0.19089025315568414
0.19193956562708442
0.4239784983574424
0.18951960969030215
0.19218493486594757
0.4066718095679538
0.19027333477501815
0.1920263702611611
0.4479371551651965
0.19186043778462258
0.19173484234636967
0.19183938164990205
0.19250663065315443
0.3937298776196891
0.32509995355602317
0.1904841939351994
0.19104493497718814
0.3766958956347977
0.18995112697708466
0.19059495625812822
0.19095823715653798
0.37348462176341873
0.18961348536189
0.40151013806162683
0.18886668506281104
0.1897109576382758
0.19111817081914118
0.3886814885804972
0.19009446424101184
0.1902292327804364
0.3414273044049203
0.1889770592002443
0.19082351404519202
0.19024452004531955
0.19183970855760799
0.3191495763057942
0.188921405726171
0.3645013134660059
0.18884225895840154
0.1894698511163162
0.19066349284485815
0.33568442540307086
0.18811779576195686
0.19072736580031482
0.36769784820182627
0.18825041327235428
0.1906706206543973
0.2179723410287868
0.18905800009796175
0.2368815051368052
0.18874356758001654
0.19005472193196002
0.19073780852754807
0.19064392182270137
0.34692950842751363
0.18828456587529205
0.1897555766489374
0.3577706773194787
0.1892883439931958
0.19009887936555156
0.18948037252540165
0.3112820328370717
0.18834737531714368
0.2386169361474299
0.1885580937811787
0.18895683693838106
0.4537960731096174
0.18893735583611546
0.19027076625753986
0.18987811289985948
0.18974689802013187
0.18989123294205768
0.19071018969415732
0.18950720016506167
0.3515090580945165
0.18791147440720457
0.1902453107966084
0.3749921392710532
0.1875427219820776
0.18911486209932105
0.1898459665050638
0.19009165529722552
0.19073671445257104
0.18921727616278802
0.18934108891675824
0.1894750795209532
0.45264911443325834
0.18741629587045067
0.18791664484259143
0.18889423076768067
0.18908950071035857
0.1892904967971587
0.18920304602497698
0.1896909893045011
0.18854568189767126
0.18825887132526517
0.18992135915707498
0.18886474692660435
0.18861878176263355
0.20579586141242875
0.1876082396157504
0.3175348182181422
0.18739841496132978
0.18931435140334243
0.32382249859012924
0.18686057162783154
0.18945630837650723
0.1889981270173182
0.38857954983758725
0.187200218988578
0.18762278777063468
0.18809658171360671
0.18866172972038922
0.18887417187585587
0.18850636696875891
0.4201972257188323
0.18795818596741568
0.18845186967735858
0.18883335125435294
0.1879780589000232
0.18886170990181464
0.18796838553541773
0.18985165397937545
0.18800619947164532
0.1883884686603663
0.1874701641243834
0.18855796933179525
0.18874047697264534
0.18901301356182593
0.18771355880778814
0.37649454250533265
0.18642190114791388
0.1876982570147522
0.1884219988877065
0.18850010183431748
0.35894863939538024
0.1867058576561495
0.19028684729882495
0.3732283247437928
0.18675573343237017
0.18844804595269052
0.4060588046511102
0.18633337441630493
0.18663887909988205
0.1875424206578792
0.18772890342128934
0.3700700785552171
0.1860043060450066
0.18700346959197858
0.18832458918400377
0.1878229897725145
0.18862243257588812
0.18938635222475095
0.18642047893804825
0.18849032006703
0.35084276543521214
0.1866494766417792
0.1881658657693189
0.18652208673637266
0.1873353857140181
0.18656252177340202
0.1877096583680258
0.18717041514824087
0.33891295913866937
0.18565267475119057
0.38018754369763363
0.18562243114136734
0.1864015803797009
0.18813429658599432
0.3602691812863795
0.18494898543543473
0.18621052633620438
0.37475456808239355
0.18636642303916995
0.18748234781738174
0.18713457848953413
0.3659628804277845
0.18636162140759752
0.18809240505782995
0.38837615550130616
0.1855112785627463
0.3526423618488657
0.1855059097187996
0.18625481057272755
0.334413328437377
0.18589739010543307
0.1854988378049434
0.18590848103392726
0.3501383737935533
0.183603749846947
0.18547887455367026
0.18655184340672692
0.18633159865200213
0.18616915645279458
0.18663394510867642
0.6678273712371898
0.18546949342511582
0.18588845511484645
0.31518346246032924
0.1856894537159963
0.29908902782575914
0.18464017573693725
0.18613893361032627
0.1858961989299285
0.336472767886228
0.1849994242567469
0.185656536450061
0.18624564254596812
0.3014531792969156
0.18503894514374428
0.18616730901050893
0.18742349483021825
0.3601860348437834
0.18481564498120745
0.18560589530974272
0.1857413125629777
0.18579565188629518
0.18616676110581332
0.18559532954471564
0.18539028482199152
0.18539175199749522
0.18809599104102653
0.18484503849118455
0.1870536224701461
0.18508053281387465
0.18674416501702404
0.1850270256617322
0.1847450273753816
0.7256137286421485
0.22433646991971784
0.1846196127907748
0.20721702899490835
0.6411618481977255
0.1877373371182499
0.1838907835127548
0.18522169658842602
0.18522708635087842
0.26164456650624324
0.1854832079134209
0.25519259103440683
0.18563393320248925
0.33049533286716
0.18438441963341745
0.18621342371878385
0.28492122778400253
0.18320521425401282
0.18455956118696368
0.18727916813140488
0.1849212652370118
0.33198426638132006
0.18434025338154783
0.23267774163819196
0.18415300244142196
0.18650316453925475
0.32686213681719106
0.18359375898830396
0.18529062365892257
0.18581151396835494
0.18522512710636618
0.29751456466823867
0.1846107192373765
0.19997837545716612
0.18471532513429295
0.27121704665143137
0.1836424049084986
0.3082039635815715
0.18250273538234174
0.3282786733285851
0.18242309547979332
0.1837244266930992
0.1859808121612381
0.30184818887898845
0.18345366650091258
0.1887380195721218
0.188312990066621
0.19194327308570894
0.20219319868783092
0.18259320367958762
0.1842214547613603
0.40856518526520363
0.18413860182798722
0.1844106123929351
0.1856744259169533
0.18391886608142125
0.18455248195060808
0.183971186271556
0.1835205970218626
0.35125334830276067
0.18265333858905702
0.18626105224553993
0.19899460703637273
0.18259066534590396
0.183783029794222
0.18411388424358027
0.18440268090414536
0.18448581468827455
0.18439258607570308
0.18631650251797038
0.1836390786100037
0.18364085626226828
0.1877953481940004
0.44772661863683155
0.18253042979996717
0.1841059728505805
0.1850831788494639
0.18710203596955688
0.42492104950020154
0.18741938736675032
0.2987492562974828
0.18658502905415209
0.18279806743226903
0.18392730702485638
0.18387921620976766
0.18382485567732748
0.5414522683886982
0.18150945534072463
0.18288833391863912
0.18289880226091335
0.18320330697683582
0.18369209149972837
0.18421678968404284
0.1834580606596839
0.18638401869498702
0.1899845541359877
0.35543306672878805
0.1829293610196149
0.18206155953773934
0.1842283989512987
0.1835926234374895
0.18281548750704102
0.4804415291858945
0.18158842614200701
0.4404240151729752
0.18169518757011704
0.1824915040124406
0.1837580203271483
0.5492627165225304
0.18119539972424664
0.30301704758936104
0.18133465724881725
0.18297457107429216
0.3226495337957456
0.18084056493094425
0.18223780488650193
0.39016290044330226
0.1836826145191759
0.27263344467402006
0.3664006662002417
0.1821336580734165
0.1826737085161067
0.39709977712969075
0.18132215344345712
0.18252619626535319
0.1841048006503427
0.18827929230832618
0.37218888553714197
0.1815485673120225
0.18245628342234366
0.18727983987803448
0.18291187977835655
0.18251775725294808
0.1828690935662551
0.1831396527789702
0.18216172414395143
0.1829083521379428
0.18187539907672962
0.18220771228628244
0.1830009660523733
0.18264953024491837
0.22513458844590664
0.18019477527887312
0.18335700710442648
0.46699695968470906
0.18176600336009846
0.18398429719706944
0.47854135032494244
0.18305575500203614
0.18487497134486508
0.18284693881147268
0.18241265229925752
0.2392081120954004
0.18046119164879804
0.18288686803203674
0.42294733321116823
0.18141319977369136
0.18203608034598362
0.1822980075597629
0.1929419215417888
0.18134861384548853
0.18182773221145135
0.18259702220191204
0.18293384795351433
0.19251469380432135
0.18082626676853542
0.1813111650404407
0.1815139629500751
0.1823352397319444
0.18336028055160117
0.18201242567027892
0.1822759697801894
0.18097013843290596
0.19079079034395044
0.18003125597095304
0.18200018708737206
0.1816142330207416
0.1831947480353398
0.3742432111999832
0.17979691002846904
0.28968344899384285
0.18098855792930224
0.25585959476920783
0.18720434920765544
0.18021379709387586
0.2565925535701727
0.1793645255945327
0.39814503631282355
0.18102822136894905
0.18054964240548724
0.18348646232550006
0.18143027571952894
0.18196372092111723
0.18278049237894914
0.18037001636132144
0.19377490738818734
0.2719787695160945
0.18049436191224832
0.18090876837593434
0.18224464950447003
0.3595099184034131
0.17974646715499737
0.4230509321491441
0.17970548901594283
0.1832601013493757
0.39800442767775773
0.18072422319183984
0.18092358284256124
0.18092842104431145
0.18185066072908732
0.18102681705674545
0.18003039034616783
0.1804739138475043
0.18064830901281895
0.18099678871793337
0.18838054585338443
0.2540044540625371
0.17942865671921335
0.18002583655710436
0.1808059849301903
0.18101411676344423
0.18087545752689213
0.427543054383655
0.1802459753491314
0.1806366203728214
0.18040525780386116
0.18061477531799866
0.18082308766874175
0.1843021384576533
0.18177223799473674
0.3729080145902068
0.17889308179071053
0.4223103332696538
0.17929207670667296
0.18402921363264346
0.4452148050343049
0.18086572165986098
0.17893224287758963
0.18120110737831263
0.18127193483956205
0.18047272807350587
0.18024275345014443
0.17984358729782338
0.1817969974856635
0.18006664478738812
0.5014803404934034
0.17918685971256973
0.179136470526766
0.18116947886553061
0.1807389305934468
0.705321840501786
0.17804577530676147
0.17917884091187664
0.4444995969042568
0.17926207144165107
0.17974876808681198
0.17974771287181987
0.3013316223966202
0.17737296012269016
0.1791700274880975
0.17983108691695
0.30709690576470466
0.17915571298604827
0.17960904994735322
0.18036968344653248
0.41016778382083957
0.17889812672715974
0.3455071145632973
0.17801832961907543
0.18062869414494812
0.3984240313875957
0.17796693301301414
0.44029401041555644
0.17846100811025786
0.17896535061666818
0.25817676684813917
0.17799195490276554
0.17940533358992602
0.42629196178389767
0.1774558292314451
0.3276984485202418
0.20347745831904807
0.17833626674596345
0.2032817894606663
0.3313942745689573
0.4459173691042399
0.1782663015604381
0.18336544569431346
0.17938431984086883
0.17927101678943758
0.18268028388597707
0.27171075993367483
0.178263975693836
0.18040510226257991
0.3208177708539059
0.17759930506125104
0.1773137923738131
0.9021392548050823
0.42812957401925633
0.21641314960117364
0.1781591510098174
0.18381187343911218
0.17903887171934027
0.1798554692205862
0.17853479127042943
0.17863448029834922
0.17960889980892636
0.17879234115448275
0.18151895101266802
0.1791830765900156
0.1795126461900006
0.1794683152340258
0.17847679012471673
0.17903853479508555
0.17922385940269817
0.17961798812019583
0.32805476329462097
0.17706757379917182
0.33383988592463887
0.17672392842378568
0.17834717330479544
0.18001046883940303
0.29107767100106924
0.17695886520086132
0.3691498137747149
0.17749762698275154
0.17787680102792972
0.17883325498022326
0.2220346345329525
0.1771633144950733
0.17806079982123335
0.3924655078946094
0.17740839162237135
0.17793583325686366
0.5685616361026876
0.17694862301507688
0.4603056431056559
0.17619084054806405
0.17913010670403964
0.17795439017225026
0.17821398573465141
0.3421007827105136
0.17660069367591424
0.17829384354915537
0.4347277532830638
0.17684888811573776
0.1778714561697712
0.17867783512108212
0.17852821151081946
0.17983095455199877
0.1774270370466587
0.1771703537269523
0.18096222908373755
0.17849454756790809
0.17785009528112247
0.1778641992332634
0.18212046845608898
0.2885671487178888
0.220876565667159
0.3933286567870093
0.17807029040318503
0.17676043079065532
0.1801812479565199
0.3341947496073668
0.18350767752882804
0.17611933423579818
0.4707373483628556
0.17639158242042807
0.17896208512610717
0.3481205901526812
0.1763070369711859
0.17931082013479735
0.49220820031751555
0.17609486092380533
0.17779370804462755
0.17865493940196972
0.17787375956344123
0.17838537448845493
0.17821676410687914
0.17752312809114748
0.17723488431254325
0.18070019049380764
0.33978446540167323
0.17690910971056126
0.17809859862320696
0.4141381889411205
0.17557294394216325
0.17644459870992205
0.17802322159740144
0.1780520338365574
0.1791475463238525
0.17768300208454096
0.17668356815149605
0.17797056661365387
0.30678321366490924
0.17663728445626045
0.1770260213588607
0.4364734945948511
0.17611534129276193
0.17667036228141367
0.1783650822434751
0.17713472378006223
0.17753484882619572
0.17968329562280835
0.17754148548202
0.17734265047757236
0.18119479148491835
0.3947082592482405
0.17490390761883787
0.17717583206961152
0.46609364293037214
0.1754597258645168
0.26796993862993945
0.21074403249861626
0.17946566475124767
0.17630958600227106
0.21740417008045373
0.17523916980012885
0.17633455331610012
0.33939651692377815
0.174920108576181
0.17542281263181783
0.17751970139130033
0.1768825824419808
0.1819916692462333
0.3446980090580404
0.17566175908806006
0.47967497798675174
0.1741122646980528
0.17687183177961194
0.4180230332015075
0.17597599572326658
0.1767930047251302
0.45693340285871287
0.17784062926551886
0.17708136569091398
0.42619244673870443
0.17662060800017015
0.1795634100116575
0.46046779322015047
0.17565048939214523
0.17738508063712896
0.17743319696711563
0.17646818194410724
0.1766326990775801
0.1771870849845676
0.1764138724856547
0.17735173069283688
0.17747235226251504
0.17775876564209664
0.1763677970717173
0.2379508141956436
0.1749988128353993
0.17674631354915396
0.4201318487595094
0.17671622868638695
0.17650337267840227
0.18006026610364761
0.17639354037791155
0.17606308046185787
0.1762782931395231
0.17721081057298874
0.17499343380367946
0.17705778469080943
0.1766607216245514
0.4120928121251916
0.1737785040346544
0.17584772128634274
0.3378414963174312
0.17515315494721959
0.17577224700369068
0.35197107351819634
0.1749671707105821
0.17649668500259416
0.17674396316144417
0.17582195212182813
0.2279961668563869
0.1854992480328385
0.17557904301495114
0.1766076604491892
0.1768173534992812
0.17527778304212102
0.17570256308042914
0.1786223135432278
0.17472228985798116
0.17650899135723208
0.4524579971336794
0.17397055816722057
0.48853816524823895
0.2148879172830356
0.1744102188720832
0.17644292872563275
0.3214274526191571
0.17572723438385654
0.17557806867338538
0.17582052982432803
0.17635734425857663
0.17549678794629195
0.17590818997458743
0.1759876924672835
0.17567354181260997
0.22241844824496257
0.614629533202147
0.17360373287410316
0.1773019696912254
0.17500856642452384
0.1770975793661957
0.3774783103377015
0.17435728227628286
0.1759996529964729
0.17551484440881937
0.1757885135302177
0.1762729807128719
0.17604527240344925
0.17495650377376815
0.17738102150813417
0.1747085631705038
0.17773651720790287
0.1754166558825315
0.17592249121532672
0.17571835352150725
0.42475584804649524
0.17311508806899623
0.1773591677312066
0.3656954683735847
0.17458551288539692
0.17488740233682576
0.1765102946753896
0.3004438376892463
0.174250014102632
0.1755453837414982
0.43764636266059204
0.17416399483152065
0.4187288484267216
0.17419531803116148
0.173726460913435
0.17803543301323782
0.17566645081622836
0.32320381106987944
0.1750153381066918
0.17620635837018706
0.5648572263860641
0.17403103082935292
0.17503523462436565
0.17526848033408818
0.17579364251549576
0.1753908035775159
0.1757037819947257
0.17540491576318057
0.1760637719083493
0.17510647516882202
0.17462149905006405
0.17453812840357974
0.17567848463482688
0.17674206392918945
0.5933191821184947
0.17257873382157493
0.1742946810763313
0.17546439652115609
0.1754452196185492
0.1747984752287881
0.17654054540023567
0.17802421981011898
0.17445928204134442
0.1745975852684948
0.17513325602521448
0.1764586465857181
0.1743616718136449
0.2503711702940257
0.35307799091627645
0.17328695654934992
0.17905623244847613
0.38287742760951304
0.17531707522785747
0.17626383108351584
0.1749267143910268
0.17489133478040905
0.2543848408490973
0.1735009289416593
0.17399661946944078
0.43698318807331216
0.17318650359236626
0.1746521994784787
0.17500750653359434
0.17561914801516101
0.2020788301621786
0.17268109280458452
0.17484393379012403
0.1767602203429124
0.17852305329662582
0.38886842732779886
0.17402842462027482
0.17417282387528862
0.17520759831853325
0.17535510430723975
0.17459627209422704
0.18042867957986322
0.4065082836370374
0.17292569617773618
0.17464153748889463
0.1739408198088822
0.1740238518516003
0.27587038431932603
0.17268487157814535
0.1750133367964196
0.5035537212148719
0.1721999550174436
0.17361980107985467
0.43230847468137085
0.174368998669753
0.17357792223592328
0.17385429921515796
0.1756227175859881
0.17441888498832953
0.17445593260456932
0.17658133529363632
0.17519552371910632
0.17371299885227157
0.23828959158890325
0.17208674891995804
0.3788898594755945
0.17219089613751043
0.17478376205543794
0.5252791153222385
0.1728182578353322
0.17381211867199745
0.4587503317938283
0.17294805193281268
0.17378587023281214
0.5019014538708432
0.17224511477837987
0.17323499008270454
0.173796198313068
0.4470024910173922
0.17116984867250995
0.1731504459132632
0.17408925095646172
0.4755465084351617
0.47683613206057973
0.17211635365290634
0.17624046014211694
0.17330880315942296
0.9289169796310018
0.17200522405362498
0.8707796772212408
0.17138371397485724
0.17322401463633708
0.6052719337503338
0.1730088358154757
0.17357873434516366
0.1736509263223657
0.17500653824379026
0.1748268379856339
0.17285309403690435
0.1742278132987644
0.1739251988694864
0.17405208942503006
0.17666129585113138
0.17446148789264423
0.17257061466993817
0.17914597797409018
0.17392066157435992
0.17277277605774385
0.17408892712787272
0.17485636294631712
0.17298168975008102
0.17328967094232336
0.1727801234358303
0.3515939702415737
0.17182716362480027
0.17295389582220394
0.44233161989582687
0.17135967124173818
0.5126008441574657
0.17153683710070045
0.17204486833262433
0.17379552283710342
0.1730249848654795
0.17298876674696312
0.1734008446082027
0.17283954305023924
0.38372074975778186
0.7509985476835918
0.4845651328578371
0.17179395153295224
0.17212979659312
0.5303836397225065
0.17106506075378694
0.1738144552111338
0.3922513577570572
0.17174563841774126
1.4064843737385007
0.17111892977006493
0.1734695511956822
0.48533437004259244
0.17166077361878224
0.17169715251410475
0.17318949396234412
0.172411204665511
0.17300706643276234
0.42021712629435815
0.17111403554387647
0.17284726889043608
0.17200620779346687
0.17496873290308426
0.4082099264223972
0.17202732591986122
0.17149421556506564
0.17836352146203824
0.38293449904482635
0.1716470428563754
0.1753530355407956
0.4792343950014725
0.17043310227094272
0.17157503839203053
0.17207526430551748
0.17396459346632637
0.1754445887224811
0.39086351721068624
0.42678722438213873
0.17043599610102916
0.17169345646436904
0.172991569672581
0.1768404525917851
0.4721915191983199
0.17106634520520964
0.17166544612151347
0.4394199702584928
0.17212329531073192
0.5506564245914457
0.17053340486389684
0.17298481402655344
0.6378659890246773
0.1707436130870477
0.1720401784574389
0.17173141053018953
0.17249655625525995
0.17233035770988367
0.17332488518536032
0.17776989366215645
0.1737670842289999
0.17403109979426146
0.49610117541436444
0.17253328735432477
0.1717027829308647
0.1721106031386774
0.5710502804538754
0.17054865067144317
0.17217080126872603
0.4787224677653655
0.1708871492723838
0.1710594871574412
0.46762791713686214
0.17100351007641182
0.17108503096129218
0.17337733708446085
0.1729506502601784
0.17342484629976201
0.17477643655766462
0.17203665943763874
0.6257609897979995
0.1694484737748752
0.17227428992946545
0.17293888710134206
0.17146309163812076
0.17376289311113327
0.171326191831624
0.46199672328588653
0.1746156336431815
0.1711011687674147
0.1721913786700874
0.17215517365659944
0.1723132078937026
0.17264250140155993
0.17159392910795124
0.1722717057601653
0.17364787077808352
0.4369423236649676
0.1742202350420367
0.1716676311314559
0.17297887627701403
0.17272325040787836
0.5020165959536701
0.17074433450184276
0.17042123959114386
0.1720945127683624
0.381072914239453
0.17051975635770641
0.17411985400721408
0.5089701604691599
0.1701481356432319
0.17172298060248634
0.17065184554807183
0.61519460022214
0.16931830949195117
0.17062379975166686
0.17186536511413195
0.17196280211253692
0.17194722526131065
0.17358815559219448
0.17156014505348943
0.17258092581478884
0.1708932192759456
0.1721588062616513
0.17099008017321618
0.17159546890489438
0.17521291602355288
0.29833388763474045
0.17331197630703624
0.4045487580573294
0.1709926874638314
0.17190271776338217
0.17098464647254663
0.17167641650837406
0.17102006386621865
0.17242577500742912
0.17168330854844277
0.3127262112924981
0.17019695360021772
0.1712288368792624
0.17128814806769505
0.17256621772918335
0.17077391486850432
0.1739416531033518
0.5658260635859055
0.17031323523328812
0.17142352485858192
0.17221884599218565
0.3026682814943158
0.16994578483621897
0.17004359949109615
0.1721175334118073
0.17110916607488455
0.16964531957909035
0.17239020143117104
0.3814679149526519
0.16927709448117884
0.17037990513716528
0.44271204636868305
0.1710237487414317
0.16937121314616646
0.6209584327192325
0.169572630376151
0.17094908071643208
0.17045618791469622
0.17044079232120846
0.17085765138447034
0.17114492377700116
0.17206699620248941
0.17177333272204104
0.17098681992334827
0.17064045797288957
0.17121830182466088
0.17094064315291743
0.6157532549948274
0.17005503185417575
0.16995632724822388
0.1700219524713005
0.5696638459448344
0.16927861078668224
0.16973558696457547
0.1745037817214513
0.17118265407613228
0.5297566570895257
0.1688944713883066
0.1710194971386055
0.17107727812749624
0.17081472867743577
0.16996751832812473
0.17055960977517423
0.1710931008124539
0.169767383015952
0.17128326815611583
0.16994641257624654
0.17118639778046219
0.17031718484229844
0.1708069631794804
0.171525080971125
0.17282083424081457
0.4774301720006238
0.16885037306036746
0.17038881373875597
0.4035193142458678
0.17246402369355832
0.16990802742903957
0.26953485376895603
0.16825211111769842
0.5008939950528738
0.16927566873926825
0.17025980892846893
0.16972880380445976
0.170395524041643
0.17268914244161224
0.16979715696034017
0.1698181983638505
0.1714661619995998
0.17041245873144728
0.1710370345365778
0.16991545768322544
0.17283099949354203
0.24141498755987806
0.17043321931161537
0.4825708697957761
0.16934147059732593
0.1695773770404419
0.1706588895455451
0.17029116068722058
0.17022778887558745
0.538424720733163
0.16865715633949557
0.168875722577701
0.1703802443919735
0.16990118945047117
0.17030005131467507
0.1720556695899871
0.4791322211366886
0.1686335476182757
0.1692043999617463
0.17105897371377812
0.5161098688433403
0.16879575264293958
0.1702597488264047
0.5807882869075064
0.16719969895122896
0.16865786451653714
0.16991247258442552
0.16992236313406958
0.17029241404292553
0.4211266382261979
0.167712044268481
0.174055871191047
0.360600097494169
0.16815739692031056
0.17141017726658025
0.16886521407665356
0.1707267645633069
0.16844688653685266
0.17019128791034552
0.1704788244349167
0.16906039727892494
0.4788063417018198
0.16748378528975633
0.1690118767085021
0.5727454622665464
0.16867949757495804
0.17073898251892425
0.4996894462633616
0.1683113251159467
0.16850152714654337
0.17047728459587902
0.4654376137067212
0.16797124748387118
0.16818082810788376
0.5312092290005234
0.16789116664974324
0.1702255003992573
0.5095700308504816
0.16730363965672643
0.16880999079331557
0.4243185115514183
0.16809571450970168
0.16945568185155224
0.170058003893712
0.1699060298966384
0.16988010690480865
0.1686308419242626
0.1702503344405563
0.17031211274660596
0.3432936470861085
0.16962667472697393
0.37405398649996296
0.16803674654756806
0.3869721903055978
0.16745483482357498
0.17009878655479438
0.16982449209972203
0.17049571182381063
0.16881684666879695
0.16969013668829538
0.41543527268944674
0.16652348602002762
0.16810316694792535
0.16914506190082992
0.26065208157659286
0.24970749138006712
0.1711794969495293
0.18458161813519908
0.2603973710162121
0.1677861499299908
0.1689404298327276
0.22506628102392678
0.3322565954707225
0.1667709765706085
0.16795097015877786
0.47062334105067133
0.16932012287699716
0.16798733599884388
0.16865907438987415
0.16858657129775229
0.17126337201077624
0.1683539420351906
0.1692760898451518
0.46024232540244875
0.16715129918122365
0.1696156140779233
0.1694321267544092
0.1696737580081049
0.17283827767317772
0.520922830626003
0.1670126833975284
0.16702427443163942
0.3560047178570099
0.1667880537899177
0.44349922601725905
0.16738850472083602
0.4248643217999917
0.16794282131350047
0.1686897296239771
0.16955652487959647
0.16870164743569052
0.16958135857208018
0.1693471899392131
1.6316223176727567
0.16708118129227695
0.16722187650408996
0.16942473817986714
0.37833122778740824
0.1669134157857333
0.44709069753559755
0.167709308049423
0.16875172210717956
0.16988569741221665
0.16849756104419528
0.16805933300347017
0.4504173493433881
0.16973852970714828
0.16701074713070796
0.4355257382481279
0.16732647317601435
0.16755793141780875
0.168877630740361
0.16939316120591014
0.7774065976367132
0.1668109474030307
0.16677726290975342
0.16833617711153306
0.16923591706313665
0.16773290581236017
0.16828696532621357
0.1688668288467867
0.1682237747459537
0.16880372183104397
0.16817803656141883
0.1681408299879498
0.16890665286490106
0.16908273203834742
0.7495636774694557
0.16612002517364696
0.168579809885674
0.16864505986739547
0.16783977355550359
0.1699879309589435
0.1681402593685408
0.16750886856096076
0.5390348781750519
0.16894960063158357
0.16657702951981612
0.16878461515528248
0.16765693892253383
0.16882695031768943
0.1713991895739276
0.16722755378463633
0.5789272053542779
0.17366744438568285
1.1394193291134422
0.16818242051856028
0.1673154672814507
0.16908437397165618
0.7889541401054446
0.16589982872186188
0.16725771484433052
0.17075329853637625
0.16757793644557303
0.17016350357163051
0.16739433811378596
0.4383664729799587
0.16619794884583053
0.16714519801603092
0.16877143197998978
0.4054235275502237
0.16677092973172672
0.16738162592308978
0.16698002555443986
0.17150443165853813
0.39838656876326084
0.16637890409463704
0.16854535542846144
0.16774705786588148
0.4272450815902138
0.1669423118797238
0.16774405394536238
0.30772345412527946
0.16621940755428385
0.16788845134439725
0.38988733672948417
0.16704081234132528
0.1666275480375184
0.16796361990599568
0.1670460304216441
0.16761379662193496
0.16859957133146422
0.16733284438101137
0.40663335421097896
0.16646123540445262
0.16935906895868977
0.2838878754073374
0.16598899424615668
0.16694364219687333
0.16761954942394874
0.16673594527111327
0.6513608465237384
0.16507084201751715
0.16678902763140505
0.168952245319811
0.1684318424464806
0.16882591285467632
0.44312700810001077
0.16541150762834816
0.16703836910205058
0.16968608894197396
0.33924864766234253
0.1661510153471206
0.1672039320405548
0.48674960628760694
0.1651845407043505
0.16752888649511524
0.16725221216174982
0.1675521170118851
0.18727691083221018
0.16564488715708053
0.16760539380632472
0.17064627214961528
0.5933225069169041
0.16626150370032453
0.16737903152422154
0.16744669118071615
0.16701895562527128
0.16731215352697357
0.16722466066184272
0.1679110373057262
0.38011701181917446
0.16525487551992635
0.1666716520696398
0.16645366987135596
0.16778043870141082
0.16720938626739715
0.7955809726923745
0.1650982761961714
0.1662458619738373
0.5414749409966573
0.165396461041741
0.6588706763403408
0.16563821924127997
0.7425336771761798
0.1654325490015984
0.16635850422265294
0.1672259875136843
0.16733481712805312
0.16772923445300908
0.5623243695989495
0.16497793744662884
0.16661290069243567
0.16700277083364773
0.16760743443872278
0.5046130022047831
0.16503576037050185
0.16554313636246637
0.16856739606574364
0.6042142438224265
0.16488533382962695
0.16687800712525144
0.5050451083039724
0.16912645230257609
0.16595419709354542
0.1669137952918178
0.16747940734980962
0.167041201995298
0.1673297722615243
0.16694580763413633
0.6582870680556595
0.1641295043982593
0.1663058741975115
0.1700780739496482
0.4584303658624288
0.16550477075550657
0.16609290491294332
0.1666304108081393
0.1684788319003451
0.16616118724497767
0.16681530616502777
0.16739627900321408
0.1666294315579553
0.166631684434304
0.16683570512628715
0.1669366132326871
0.16671140935685133
0.16650881155790845
0.16591589508485455
0.16744564095182765
0.6276451242423724
0.16532643339393707
0.1660864904540273
0.5842741362528673
0.16530018648715714
0.16646326870805958
0.16818750781307165
0.1670200471614693
0.16546648497833605
0.166721252433387
0.16678684826857007
0.1665560571848028
0.16700972103703576
0.1662530981738121
0.16954904549260208
0.16634078224132504
0.16596654763844332
0.16635848057714125
0.16702470050445187
0.16666541164827806
0.16591640126605162
0.1674184605700349
0.2427031251897585
0.16446585492645155
0.16615314071811346
0.1661786047937413
0.16580988342942812
0.3584861947597751
0.1687062285947695
0.16530255411107567
0.16660456810704136
0.4622074011211428
0.1650556495649273
0.16575035748635375
0.8223368497757885
0.16471440857658318
0.16575474860226036
0.16647136870249435
0.16648282812512363
0.6218697717399824
0.16487487297276243
0.16546097753016112
0.16774108851137046
0.6217708690698668
0.16515622109828468
0.16534682768457704
0.7405882832286821
0.16526237602222957
0.16642582394453526
0.16570639280792285
0.26611091013905214
0.16536838994008676
0.16790966805309124
0.33896746142763323
0.16486652524974357
0.5323130666065283
0.1642920387104676
0.16635815298820814
0.16585497678228614
0.16590690814329856
0.1673648793966229
0.539850089716407
0.16483128498315402
0.6798789201372701
0.16660988244719568
0.16486088776072938
0.1658467039525376
0.16602617814034062
0.16847670662994468
0.16572550815433199
0.17703359746640837
0.16483688437812377
0.1656793700638983
0.16592455153774907
0.3445472317751217
0.1641681317309059
0.34746376665296186
0.16413218110644895
0.16482346960985625
0.16663051432433637
0.5153393203033698
0.16481855876576915
0.165176937552533
0.26515446480729726
0.1639110308374358
0.1656898745980239
0.16611250908577205
0.16604962474956403
0.1659115771780254
0.1712913190750041
0.16426377773982392
0.16582303930357703
0.16552443881302675
0.16650544744505053
0.16575388392385287
0.16476685473599822
0.16608530475283292
0.16535320299371503
0.1692297836396833
0.19628704709083428
0.16419221665457046
0.16618860739630656
0.5544469832104596
0.18202637180511327
0.16431176663014319
0.16625733476537222
0.3276352345624671
0.1651470006274433
0.18781566496315888
0.16336251642163713
0.3628636781879468
0.16407710432013695
0.45563131503359944
0.16312619777225845
0.16442824228207129
0.16664615185196993
0.16646437251668328
0.1665835311580602
0.23516370027828035
0.16370486869577552
0.16469541278625655
0.16602136396343967
0.16473784424055674
0.16817808228498302
0.17186232418631117
0.3700400748926333
0.16387728481619857
0.16418583866284292
0.33287834283968143
0.16353446462407206
0.1652552223963148
0.4083602813368213
0.19682587207195681
0.1641184132662583
0.166528427325119
0.16632949727169002
0.16461071930623478
0.16648272490092922
0.16508897847364296
0.16620702408682583
0.16472776646009626
0.1652611078211649
0.16575441277025363
0.1652802285392695
0.16575891251350863
0.16465473127097024
0.6011688097402422
0.16277620665509135
0.16484709664803548
0.16463967428611734
0.16547590558825653
0.16592791489477812
0.1653904846006696
0.16566597561919558
0.16555428002700773
0.16872008365454763
0.6046588799173337
0.16289857604160535
0.16390734879326663
0.16426473195627583
0.1706651464231685
0.49087746114764724
0.16351342428460938
0.16418957256416758
0.6518349538297923
0.1627926660970678
0.4195735708506889
0.16354165300995038
0.16602842691112524
0.4426742794393033
0.16365478451436996
0.2337907430513925
0.4413387867205177
0.1636643807114774
0.1660666695494251
0.16395233374344267
0.16547313645472775
0.16766726531414022
0.45141543522588
0.1625344772862553
0.27294378884397935
0.16262946394523067
0.38026042833412865
0.16320617213421013
0.16394562314252342
0.1646616162887439
0.16461510892082
0.4972479693570697
0.16364539384848512
0.16397292653304832
0.16450203212295061
0.4917202724785917
0.16208492485025575
0.31739296337647444
0.16275614524942963
0.1649308411863036
0.3309803367468807
0.16315215655124796
0.16427851363208198
0.16473417101608875
0.1666168746440639
0.6345106340914507
0.16460428610836553
0.16336460705401334
0.6434898665982278
0.16292229629211152
0.16386934895879138
0.6566210015639016
0.16235646239224355
0.1625131561789522
0.164559653191831
0.16529216974362784
0.16451629757259784
0.16447257204314591
0.16532019561464326
0.16532984507540252
0.1634623424986847
0.16518454249621395
0.16393943238932712
0.16440293708364068
0.16652336200552104
0.1644938664863781
0.16406269374164803
0.16406519686090462
0.16398085948173902
0.16454940459037698
0.16341820882273203
0.166228087911474
0.1635877020252296
0.16365206434088989
0.16598355744835647
0.1677731024157927
0.16287639140330754
0.16441235553011244
0.1638415349109312
0.1646074211683759
0.16403417944223844
0.16458991275045967
0.16424686122833676
0.16413085929905907
0.1643243388212002
0.1633418574154758
0.8283347598297556
0.16230040779946983
0.1634700754780226
0.16426949604829805
0.16496891815127565
0.7753580800406377
0.1619454223711825
0.16307225352273325
0.16419371435983782
0.7814957801096359
0.16172014244758545
0.1629748361173059
0.16416852874142066
0.16388172013150312
0.9441249046181981
0.16277335685984473
0.16380110646723725
0.16328030622405315
0.5941251658180479
0.1621461079104026
0.6006497725354454