0.6603615520282187
0.7632936507936507
0.7789241622574956
0.7885582010582011
0.7994268077601411
0.8082451499118166
0.8143959435626102
0.8240299823633157
0.8302910052910053
0.834457671957672
0.8389550264550265
0.8459656084656084
0.8471119929453262
0.8518077601410935
0.8564373897707231
0.8574294532627866
0.8592592592592593
0.8629409171075838
0.8638227513227513
0.8682980599647266
0.8681878306878307
0.8703924162257496
0.8725749559082893
0.8740079365079365
0.8757054673721341
0.877799823633157
0.8803571428571428
0.8806657848324515
0.881547619047619
0.8819444444444444
0.8838403880070547
0.8875881834215168
0.8891975308641975
0.8892195767195767
0.8911596119929454
0.8915123456790124
0.8934303350970018
0.8956569664902998
0.8949955908289242
0.8966269841269842
0.8969797178130512
0.8987433862433862
0.898015873015873
0.9008818342151675
0.9020282186948854
0.9023589065255732
0.9029761904761905
0.9033509700176366
0.9039462081128747
0.9041225749559083
0.9063492063492063
0.9079365079365079
0.9087081128747796
0.9084656084656084
0.9090828924162258
0.9090828924162258
0.910163139329806
0.9098765432098765
0.9114858906525574
0.9120590828924162
0.9143298059964726
0.9137345679012345
0.9139329805996472
0.9154541446208113
0.9164902998236332
0.9145282186948853
0.9175485008818343
0.9167548500881835
0.9175705467372134
0.9172398589065256
0.9192019400352733
0.920326278659612
0.9205026455026455
0.9215388007054673
0.9206128747795415
0.9214726631393299
0.9222222222222223
0.9225529100529101
0.9233245149911816
0.924404761904762
0.9240520282186949
0.924074074074074
0.9243165784832451
0.9258818342151676
0.9247574955908289
0.9266975308641975
0.9268298059964727
0.9256613756613756
0.9286596119929453
0.9267636684303351
0.9301807760141093
0.9298059964726632
0.9294091710758378
0.928968253968254
0.9315255731922398
0.9315035273368607
0.9318562610229277
0.9326940035273369
0.9322089947089947
0.9304012345679012
0.9324514991181658
0.9326940035273369
0.9323192239858906
0.9342813051146385
0.9341049382716049
0.933179012345679
0.9347663139329806
0.9350308641975309
0.9354717813051147
0.9365520282186949
0.9359126984126984
0.9371693121693122
0.9376543209876543
0.9372134038800706
0.9365740740740741
0.9378306878306878
0.9376763668430335
0.937147266313933
0.9401014109347443
0.939836860670194
0.9389109347442681
0.9398809523809524
0.9380952380952381
0.9405202821869488
0.9391534391534392
0.9401014109347443
0.9408950617283951
0.9418650793650793
0.9415564373897707
0.9414021164021164
0.9423721340388007
0.9414241622574956
0.9414462081128748
0.9432760141093475
0.9422619047619047
0.9430555555555555
0.9443121693121693
0.9449074074074074
0.9438932980599647
0.9434964726631393
0.9442019400352734
0.9440696649029983
0.9444885361552028
0.9452160493827161
0.9463403880070547
0.9441798941798942
0.9458774250440917
0.9466710758377425
0.9457231040564373
0.9450176366843034
0.9474867724867725
0.9452160493827161
0.9473324514991182
0.9460097001763669
0.9480599647266313
0.9472883597883598
0.9495149911816578
0.9469135802469136
0.948721340388007
0.9488095238095238
0.9485449735449736
0.9474867724867725
0.9488536155202821
0.9502645502645503
0.9485229276895943
0.9491402116402117
0.9499559082892416
0.9515873015873015
0.9498236331569665
0.9510141093474427
0.9516093474426808
0.951058201058201
0.9507275132275133
0.9498015873015873
0.9519400352733686
0.9509479717813051
0.950595238095238
0.9514109347442681
0.9514770723104057
0.951058201058201
0.9522486772486772
0.9529541446208113
0.9531305114638448
0.9514770723104057
0.953968253968254
0.9529320987654321
0.953395061728395
0.9534171075837743
0.9531966490299824
0.9545414462081129
0.952799823633157
0.954673721340388
0.95326278659612
0.9541005291005291
0.9549603174603175
0.9539462081128748
0.9548500881834215
0.9537257495590828
0.9548941798941799
0.9570326278659612
0.9537257495590828
0.955599647266314
0.9561067019400352
0.9553130511463844
0.9575396825396826
0.9551587301587302
0.9554453262786596
0.9571649029982363
0.9571869488536155
0.957363315696649
0.9557539682539683
0.9580026455026455
0.9571869488536155
0.9581128747795414
0.955599647266314
0.9596340388007054
0.9578924162257496
0.9591269841269842
0.9589726631393298
0.9575176366843033
0.9590388007054673
0.9581349206349207
0.9585978835978836
0.9590608465608466
0.9576499118165784
0.9591931216931217
0.9596781305114639
0.9593253968253969
0.9591710758377425
0.9610229276895944
0.9598985890652557
0.959810405643739
0.9605379188712522
0.9601410934744268
0.9607142857142857
0.9612874779541446
0.9591710758377425
0.9606040564373898
0.9608906525573192
0.9610008818342152
0.9603835978835978
0.9615079365079365
0.9611772486772486
0.9628086419753087
0.9616622574955909
0.9619929453262787
0.9618386243386243
0.961574074074074
0.9611331569664903
0.9629409171075838
0.9619708994708994
0.9637345679012346
0.9626763668430335
0.9632495590828924
0.9645502645502646
0.9632936507936508
0.9624118165784833
0.9643959435626103
0.9646164021164021
0.9632275132275132
0.9648148148148148
0.9632716049382716
0.9644620811287478
0.9640652557319224
0.966005291005291
0.9651455026455027
0.9635582010582011
0.9636243386243386
0.9639329805996473
0.9657186948853616
0.9645282186948854
0.9645061728395061
0.967173721340388
0.9658068783068783
0.9654761904761905
0.9666887125220458
0.9647927689594357
0.966468253968254
0.9657848324514992
0.9656746031746032
0.9663139329805996
0.966820987654321
0.9672398589065255
0.9675485008818342
0.9656746031746032
0.9680555555555556
0.9652336860670194
0.9677910052910053
0.9673059964726631
0.9686507936507937
0.9669973544973545
0.9665784832451499
0.9662037037037037
0.9681657848324515
0.9665343915343916
0.9668430335097001
0.967283950617284
0.9695326278659612
0.9677028218694885
0.9692460317460317
0.9662918871252204
0.9704144620811287
0.9667768959435626
0.9668650793650794
0.9694003527336861
0.9698412698412698
0.9681657848324515
0.9704585537918872
0.968915343915344
0.9681437389770723
0.969268077601411
0.9694003527336861
0.9693562610229277
0.968694885361552
0.9710978835978836
0.9705908289241623
0.9673941798941799
0.9713403880070547
0.9694223985890652
0.9707231040564374
0.9683862433862434
0.9721340388007055
0.9697530864197531
0.9718033509700177
0.970326278659612
0.969157848324515
0.9707671957671957
0.973015873015873
0.9694885361552028
0.9703042328042328
0.9722442680776014
0.9715388007054674
0.9703042328042328
0.9708112874779542
0.9710758377425044
0.9733245149911817
0.9711199294532628
0.9720238095238095
0.9725970017636685
0.9697971781305115
0.9723324514991182
0.9736992945326278
0.9731481481481481
0.9719797178130511
0.9711860670194004
0.9717592592592592
0.9726190476190476
0.9717813051146384
0.9743386243386244
0.9716490299823634
0.9732363315696649
0.9739197530864198
0.9712742504409171
0.9741843033509701
0.9744488536155202
0.9731922398589066
0.9728174603174603
0.9727072310405643
0.9731481481481481
0.9738756613756614
0.9735008818342151
0.9729276895943563
0.9736331569664903
0.9727072310405643
0.9742945326278659
0.9737654320987654
0.975242504409171
0.9722663139329806
0.9726410934744268
0.9732804232804233
0.9753086419753086
0.9750220458553792
0.971494708994709
0.9749118165784832
0.9744488536155202
0.9737433862433862
0.9764991181657848
0.9743606701940035
0.974889770723104
0.9746031746031746
0.9739638447971781
0.9767416225749559
0.975
0.9742504409171076
0.9767857142857143
0.9737433862433862
0.9751984126984127
0.9734126984126984
0.9760802469135802
0.9736992945326278
0.9770723104056437
0.9742504409171076
0.9771604938271605
0.9745811287477955
0.9754850088183421
0.974889770723104
0.9745811287477955
0.9743386243386244
0.9753306878306879
0.9765652557319224
0.9759700176366843
0.9782186948853615
0.9766534391534392
0.9752865961199294
0.9776014109347443
0.9751543209876543
0.9761243386243387
0.9763007054673721
0.9776014109347443
0.97581569664903
0.9771384479717813
0.9727292768959436
0.980026455026455
0.9762566137566138
0.9771384479717813
0.9778880070546737
0.9755731922398589
0.9769179894179895
0.9763007054673721
0.97744708994709
0.9763007054673721
0.9787037037037037
0.9781966490299824
0.9754850088183421
0.97826278659612
0.9777557319223986
0.9756613756613757
0.9787698412698412
0.9776014109347443
0.9738095238095238
0.9779541446208113
0.9786596119929454
0.9783950617283951
0.975110229276896
0.9786375661375661
0.9800925925925926
0.977226631393298
0.977910052910053
0.9778880070546737
0.9772486772486773
0.9785934744268078
0.9775573192239859
0.9789462081128748
0.9794532627865962
0.9789902998236332
0.9790123456790123
0.9774911816578483
0.980026455026455
0.9766975308641975
0.9798721340388007
0.9799162257495591
0.9770061728395062
0.9785934744268078
0.9756393298059964
0.9771604938271605
0.9807319223985891
0.9783950617283951
0.9786375661375661
0.9804673721340388
0.9789682539682539
0.980136684303351
0.9769179894179895
0.9790123456790123
0.9786155202821869
0.9805335097001764
0.9786596119929454
0.9787698412698412
0.9794312169312169
0.9781746031746031
0.9774250440917107
0.9792768959435626
0.979673721340388
0.9806437389770724
0.9780864197530864
0.9804453262786597
0.9789902998236332
0.977689594356261
0.9814373897707231
0.9797178130511464
0.9796957671957672
0.9792768959435626
0.9770282186948853
0.9811067019400352
0.9798280423280423
0.9800925925925926
0.9810846560846561
0.9801146384479718
0.9788580246913581
0.9803350970017637
0.980246913580247
0.9803130511463845
0.9799603174603174
0.9807098765432098
0.9787037037037037
0.980842151675485
0.9799382716049383
0.9792548500881835
0.9770502645502646
0.9822089947089947
0.9781305114638448