0.7069160997732427
0.7179138321995465
0.7269652305366591
0.7352607709750567
0.7428004535147392
0.7502078609221466
0.7532690854119426
0.7602607709750567
0.7693121693121693
0.7739040060468632
0.7790627362055933
0.7815003779289493
0.784448223733938
0.7889455782312925
0.791156462585034
0.794973544973545
0.7965986394557824
0.8011148904006047
0.8023809523809524
0.8034391534391534
0.8059145880574452
0.8077286470143613
0.8094293272864701
0.8118480725623582
0.8133597883597884
0.814191232048375
0.8168934240362812
0.8184240362811791
0.8201625094482238
0.8215797430083145
0.823015873015873
0.826209372637944
0.8254724111866969
0.8292894935752079
0.8276266061980347
0.8312736205593348
0.8308578987150416
0.8327475434618292
0.834145880574452
0.8359032501889645
0.836281179138322
0.8379818594104308
0.8380952380952381
0.8387566137566138
0.8392101284958428
0.8413643235071806
0.8431972789115646
0.8425547996976568
0.8440098261526833
0.844671201814059
0.8444255479969766
0.8470899470899471
0.8480914588057445
0.8481481481481481
0.8483182161753591
0.8481103552532124
0.8508881330309902
0.850453514739229
0.8517573696145124
0.851832955404384
0.8533635676492819
0.8519463340891912
0.8537981859410431
0.8569160997732427
0.8538359788359788
0.8572373393801965
0.8556878306878307
0.8563303099017384
0.8580498866213152
0.8572373393801965
0.8590136054421769
0.8595238095238096
0.8612244897959184
0.8608465608465609
0.8620559334845049
0.8610355253212396
0.8626984126984127
0.8630763416477703
0.8633597883597883
0.8639455782312925
0.8624905517762661
0.8655895691609977
0.8651171579743008
0.8664210128495843
0.8660997732426304
0.8660808767951625
0.8673847316704459
0.8678571428571429
0.8681027966742253
0.8682539682539683
0.8682728647014362
0.8700113378684807
0.8687263794406651
0.8714852607709751
0.8705971277399849
0.8712396069538927
0.8719009826152684
0.871031746031746
0.8742819349962208
0.8719198790627362
0.874848828420257
0.873015873015873
0.8743575207860922
0.8745086923658352
0.8743008314436886
0.8747354497354497
0.8761337868480725
0.8757747543461829
0.8764739229024944
0.8768707482993198
0.8770219198790628
0.878061224489796
0.8784202569916856
0.8787603930461073
0.8794595616024188
0.8780990173847316
0.8794028722600151
0.8811224489795918
0.8815192743764172
0.8811224489795918
0.8816515495086924
0.8821806500377929
0.882161753590325
0.8825018896447467
0.884145880574452
0.8822751322751323
0.8834845049130764
0.884750566893424
0.8845238095238095
0.8834467120181406
0.8851851851851852
0.8857520786092214
0.8863378684807256
0.8851284958427815
0.8846182917611489
0.8864134542705971
0.8853930461073318
0.8863756613756614
0.8876417233560091
0.8876039304610733
0.8883030990173847
0.8888133030990174
0.8882842025699168
0.887490551776266
0.889928193499622
0.8890022675736962
0.8907218442932728
0.8906084656084656
0.8903250188964474
0.8913265306122449
0.8901171579743008
0.8922902494331065
0.8929516250944822
0.8914965986394557
0.8921579743008314
0.8916666666666667
0.8930650037792895
0.8932728647014361
0.8921012849584278
0.8938586545729403
0.8949168556311413
0.8931216931216931
0.8939153439153439
0.8946900982615268
0.896655328798186
0.8955026455026455
0.8950491307634165
0.8966931216931217
0.8968820861678004
0.8965230536659108
0.8964096749811036
0.8976190476190476
0.897260015117158
0.8977324263038549
0.898469387755102
0.8982048374905518
0.8975056689342403
0.897411186696901
0.898639455782313
0.8977891156462585
0.8994331065759638
0.8999811035525321
0.90062358276644
0.9000755857898715
0.900755857898715
0.9008692365835222
0.8996409674981104
0.9001133786848072
0.9011148904006047
0.9023809523809524
0.9008314436885866
0.9019274376417233
0.902891156462585
0.90213529856387
0.9017573696145125
0.9023053665910808
0.9021164021164021
0.9031934996220711
0.9035714285714286
0.9029100529100529
0.9023431594860166
0.9030045351473923
0.9038926681783824
0.9044595616024187
0.9029100529100529
0.9054421768707483
0.902739984882842
0.9053099017384731
0.9043083900226757
0.9052343159486017
0.9060657596371882
0.9059901738473167
0.905328798185941
0.9075207860922146
0.9047052154195011
0.9073885109599396
0.9071050642479214
0.9062358276643991
0.9069727891156463
0.9078231292517007
0.9066704459561602
0.9082955404383976
0.9087679516250945
0.906859410430839
0.9092592592592592
0.9075396825396825
0.9079365079365079
0.9084845049130763
0.9078609221466364
0.9088246409674982
0.9095238095238095
0.9070861678004535
0.9107520786092215
0.9110922146636432
0.9086167800453515
0.9100718065003779
0.9105820105820106
0.9118669690098261
0.9104308390022676
0.9115646258503401
0.9109599395313681
0.9092781557067271
0.9105631141345427
0.9104875283446712
0.9102040816326531
0.9126039304610734
0.9127928949357521
0.9117157974300831
0.9130385487528345
0.9135865457294029
0.9132086167800454
0.9144935752078609
0.9133030990173847
0.9125661375661376
0.9125850340136055
0.9140400604686318
0.9138321995464853
0.9118102796674226
0.9153061224489796
0.9150415721844293
0.9150982615268329
0.9139455782312925
0.9161186696900983
0.9141156462585034
0.9136054421768708
0.9142479213907785
0.9147014361300075
0.9149281934996221
0.9145124716553288
0.9156273620559335
0.9163832199546486
0.9151738473167045
0.9162509448223733
0.9163643235071807
0.9169879062736206
0.9169879062736206
0.9153439153439153
0.9166666666666666
0.918745275888133
0.9164210128495843
0.9152305366591081
0.9163832199546486
0.9168367346938775
0.9173091458805744
0.9170445956160241
0.9177248677248677
0.9184996220710506
0.9174225245653818
0.9170445956160241
0.9180083144368859
0.9175170068027211
0.9198601662887377
0.9178004535147393
0.9155328798185941
0.9190098261526833
0.9183673469387755
0.9180272108843538
0.9203892668178383
0.918140589569161
0.9194822373393802
0.9181216931216931
0.9206160241874528
0.9205971277399849
0.9206160241874528
0.9203325774754346
0.9172524565381708
0.9195578231292517
0.9199168556311413
0.919652305366591
0.92072940287226
0.919973544973545
0.9205593348450491
0.9198412698412698
0.9221277399848828
0.9225245653817082
0.9197467876039305
0.919973544973545
0.9206538170823885
0.9222978080120937
0.920880574452003
0.9208616780045351
0.9205971277399849
0.9230725623582766
0.9224678760393046
0.921031746031746
0.9215041572184429
0.9214474678760393
0.9219765684051399
0.9234882842025699
0.922562358276644
0.9223544973544974
0.9215230536659108
0.9235827664399093
0.9232426303854875
0.9238284202569916
0.9241874527588814
0.9224300831443688
0.9246031746031746
0.9226946334089191
0.9242630385487528
0.9233371126228269
0.923941798941799
0.9246031746031746
0.9254913076341648
0.9235638699924414
0.9239984882842026
0.9245086923658352
0.9251322751322751
0.9255102040816326
0.9267762660619804
0.9235638699924414
0.9261904761904762
0.924546485260771
0.9249433106575964
0.9240929705215419
0.925907029478458
0.925
0.925774754346183
0.9244708994708994
0.9251889644746788
0.9263416477702192
0.9268140589569162
0.927286470143613
0.9258692365835223
0.9245275888133031
0.9282501889644746
0.9266628873771731
0.9277021919879063
0.9269463340891912
0.9265684051398337
0.9277588813303099
0.9271919879062737
0.9278344671201814
0.9272486772486772
0.9265117157974301
0.9268896447467876
0.9284391534391534
0.9275132275132275
0.9289871504157219
0.9286659108087679
0.9291950113378685
0.9286092214663644
0.926530612244898
0.9273620559334845
0.9291761148904006
0.9295351473922903
0.9285903250188965
0.9261148904006047
0.929572940287226
0.9306500377928949
0.9283446712018141
0.9292894935752078
0.9286470143613
0.9296485260770975
0.9303099017384732
0.928968253968254
0.9287603930461074
0.9296107331821618
0.929724111866969
0.930479969765684
0.9290060468631898
0.9303099017384732
0.9294784580498866
0.9290816326530612
0.9288737717309146
0.9307445200302343
0.9309901738473167
0.9297619047619048
0.9306122448979591
0.9307823129251701
0.930479969765684
0.9311980347694634
0.9305744520030235
0.9292894935752078
0.9322184429327286
0.9293461829176115
0.9292517006802721
0.9322373393801965
0.9321050642479214
0.9317271352985639
0.9316704459561602
0.9315192743764172
0.9314247921390778
0.9320672713529856
0.9316137566137566
0.9311791383219955
0.932464096749811
0.9323507180650038
0.9316893424036281
0.9341647770219199
0.9309334845049131
0.9327475434618292
0.9331065759637188
0.9336734693877551
0.9344671201814059
0.9310846560846561
0.9322184429327286
0.9328420256991685
0.9318405139833711
0.9328987150415722
0.9337868480725624
0.9351662887377173
0.9319160997732426
0.9336734693877551
0.9327475434618292
0.9338813303099017
0.9333522297808012
0.9311791383219955
0.9351284958427816
0.9347505668934241
0.934297052154195
0.9346371882086167
0.9347316704459562
0.9324263038548752
0.9358276643990929
0.9342214663643235
0.9355631141345427
0.9360922146636432
0.9322751322751323
0.9355442176870749
0.9368291761148904
0.9342025699168557
0.934901738473167
0.9329931972789116
0.9366591080876795
0.9350340136054421
0.934448223733938
0.9358654572940287
0.9352796674225246
0.9365079365079365
0.9345616024187453
0.936281179138322
0.9360733182161753
0.9345616024187453
0.9371126228269085
0.9359032501889645
0.9346938775510204
0.9349962207105065
0.936885865457294
0.9341080876795163
0.9372260015117158
0.9372071050642479
0.9350340136054421
0.938114134542706
0.9335978835978836
0.9364134542705971
0.9358276643990929
0.9359410430839002
0.9361111111111111
0.9354119425547996
0.9378495842781557
0.9356198034769463
0.9376039304610733
0.9371693121693122
0.9365457294028723
0.9379062736205593
0.9372826908541194
0.9379818594104309
0.9369236583522298
0.9378117913832199
0.9372448979591836
0.9351662887377173
0.9387944066515496
0.937358276643991
0.9362622826908541
0.9389455782312925
0.9367913832199547
0.9371882086167801
0.9388888888888889
0.9388133030990173
0.9377173091458806
0.9371504157218443
0.9398715041572184
0.9361678004535148
0.9358654572940287
0.9382275132275132
0.9380007558578987
0.940098261526833
0.9378306878306878
0.93932350718065
0.9373015873015873
0.9392290249433106
0.9363945578231293
0.9375283446712018
0.9401738473167045
0.9390778533635676
0.9393046107331822
0.9395502645502646
0.9386054421768707
0.9378495842781557
0.9402116402116402
0.9401927437641724
0.9379062736205593
0.9385109599395314
0.9377362055933485
0.9421957671957671
0.9365079365079365
0.9397014361300076
0.939474678760393
0.9402494331065759
0.9393424036281179
0.9412509448223734
0.9405328798185941
0.9413265306122449
0.9403628117913833
0.9381708238851096
0.9398148148148148
0.9403250188964475
0.9409863945578232
0.9415154950869237
0.93932350718065
0.9398148148148148
0.9422524565381708
0.9403817082388511
0.9384353741496598
0.9416666666666667
0.9384920634920635
0.9413265306122449
0.9420823885109599
0.9420256991685563
0.940854119425548
0.941005291005291
0.9425170068027211
0.9400037792894935
0.9403817082388511
0.9411753590325019
0.9397203325774754
0.9424225245653817
0.9391534391534392
0.9426681783824641
0.9392101284958427
0.942384731670446
0.9412887377173091
0.9415343915343916
0.9397203325774754
0.9418934240362812
0.9438586545729403
0.9412887377173091
0.940230536659108
0.9419690098261527
0.9402872260015117
0.9423469387755102
0.9412887377173091
0.9419123204837491
0.9421957671957671
0.9426681783824641
0.9413265306122449
0.9415910808767952
0.9430083144368858
0.942063492063492
0.9439909297052154
0.9421012849584278
0.9434240362811791
0.9436318972033257
0.9416288737717309
0.941931216931217
0.9427248677248677
0.9420445956160242
0.9424414210128496
0.944520030234316
0.9418556311413454
0.9448412698412698
0.9411186696900983
0.9424603174603174
0.944047619047619
0.9437452758881331
0.9453136810279668
0.9417044595616024
0.9446900982615268
0.9418556311413454
0.9448412698412698
0.9418745275888133
0.9435752078609222
0.9439342403628118
0.9442554799697657
0.9427626606198035
0.9446900982615268
0.9450302343159486
0.9419123204837491
0.9455026455026455
0.9438397581254724
0.9445956160241874
0.9448790627362056
0.9433106575963719
0.9428760393046107
0.9467687074829932
0.9436885865457294
0.944368858654573
0.9443310657596372
0.9442743764172336
0.9426303854875283
0.946787603930461
0.9445578231292517
0.9463529856387
0.9444255479969765
0.9445578231292517
0.9443499622071051
0.9436885865457294
0.9417422524565382
0.9462018140589569
0.9454081632653061
0.9447089947089947
0.9445578231292517
0.9462207105064248
0.9448223733938019
0.9459372637944067
0.9457482993197279
0.9449924414210128
0.9450302343159486
0.9466931216931217
0.945275888133031
0.9453703703703704
0.9466553287981859
0.9458427815570672
0.9458238851095994
0.9439531368102797
0.9449924414210128
0.9453325774754346
0.9471277399848829
0.9436885865457294
0.9457860922146637
0.947260015117158
0.9451814058956917
0.9474300831443688
0.9450680272108843
0.9474678760393046
0.9461262282690854
0.9468820861678005
0.9473544973544974
0.9466175359032502
0.9470521541950113
0.945427059712774
0.9464285714285714
0.9467498110355254
0.9461451247165533
0.9468631897203326
0.9470710506424792
0.9458238851095994
0.9462773998488284
0.9463529856387
0.9461829176114891
0.9469765684051399
0.947260015117158
0.9473167044595616
0.9468820861678005
0.9473922902494331
0.9479780801209373
0.9455026455026455
0.9476568405139834
0.9487339380196523
0.9455215419501134
0.9479591836734694
0.9471655328798186
0.9469387755102041
0.9468065003779289
0.9466553287981859
0.9493386243386244
0.9472033257747543
0.9483371126228269
0.9481859410430838
0.9460506424792139
0.947713529856387
0.9479591836734694
0.948620559334845
0.9465041572184429
0.9474111866969009
0.9497543461829177
0.9474867724867725
0.9462585034013605
0.948015873015873
0.9475434618291761
0.9476379440665155
0.9474678760393046
0.948941798941799
0.9463907785336356
0.9484126984126984
0.9450491307634165
0.948620559334845
0.9489040060468632
0.9483560090702948
0.9494331065759637
0.9478835978835979
0.9472033257747543
0.9481103552532124
0.9492819349962207
0.9474678760393046
0.9485449735449736
0.9497165532879819
0.9495653817082389
0.9473167044595616
0.9482426303854875
0.9495653817082389
0.9487528344671202
0.9497165532879819
0.9483938019652305
0.9489040060468632
0.9499433106575964
0.9489984882842025
0.9480914588057445
0.9493575207860923
0.947713529856387
0.9509637188208617
0.9476190476190476
0.9501133786848073
0.948015873015873
0.9481859410430838
0.9520975056689343
0.9493197278911565
0.9486016628873771
0.9468631897203326
0.9503401360544218
0.949092970521542
0.9503968253968254
0.9483749055177627
0.9486394557823129
0.9509070294784581
0.9484504913076341
0.9510959939531368
0.9504346182917611
0.9499811035525321
0.950604686318972
0.9479969765684051
0.9490173847316704
0.9520597127739985
0.9473922902494331
0.9482804232804233
0.9523998488284202
0.95
0.9473544973544974
0.9523431594860167
0.9501889644746787
0.9489795918367347
0.9505102040816327
0.9517951625094482
0.9505857898715041
0.9512849584278156
0.9496409674981103
0.9477324263038549
0.9526077097505669
0.9498677248677249
0.9505102040816327
0.9501133786848073
0.9497165532879819
0.9523620559334846
0.9491496598639456
0.9520030234315948
0.9491307634164777
0.9523431594860167
0.9493764172335601
0.9522108843537415
0.9499811035525321
0.9508503401360544
0.9505291005291006
0.9500944822373394
0.9515684051398338
0.9509448223733938
0.9478269085411942
0.9517195767195767
0.9523431594860167
0.9518707482993197
0.951058201058201
0.9520219198790627
0.9494331065759637
0.9508503401360544
0.9518518518518518
0.9496409674981103
0.9506802721088435
0.95275888133031
0.9496031746031746
0.9491118669690098
0.9516628873771731
0.951209372637944
0.950925925925926
0.9520219198790627
0.9497921390778533
0.9509448223733938
0.9516628873771731
0.9517951625094482
0.9520975056689343
0.9520219198790627
0.9513983371126228
0.9516628873771731
0.951832955404384
0.953193499622071
0.9511904761904761
0.9506991685563114
0.9523053665910809
0.9519085411942555
0.9524754346182918
0.9513227513227513
0.9505291005291006
0.9535903250188964
0.9538170823885109
0.9509070294784581
0.9523998488284202
0.9510959939531368
0.9534769463340892
0.9531746031746032
0.9509637188208617
0.9534769463340892
0.9513416477702192
0.9512660619803477
0.9532123960695389
0.9521919879062736
0.9527966742252456
0.954119425547997
0.9507558578987151
0.9540249433106576
0.9515684051398338
0.9520786092214664
0.953193499622071
0.9534202569916855
0.9522108843537415
0.9519085411942555
0.9519463340891913
0.9535714285714286
0.9525510204081633
0.9532123960695389
0.9510393046107332
0.9529856386999244
0.9539304610733182
0.9528155706727135
0.9529667422524566
0.9517762660619804
0.9530234315948601
0.9541950113378684
0.9524943310657596
0.954119425547997
0.9532879818594104
0.9526643990929705
0.9532879818594104
0.953042328042328
0.9540816326530612
0.9523620559334846
0.9522108843537415
0.9565381708238851
0.9534013605442176
0.9521541950113379
0.9532123960695389
0.9549886621315192
0.9525699168556312
0.9543839758125472
0.953363567649282
0.9534013605442176
0.9541761148904006
0.9500566893424036
0.9557445200302344
0.9536848072562358
0.9537226001511716
0.9536848072562358
0.9543461829176115
0.9528533635676493
0.9543461829176115
0.954572940287226
0.9524187452758881
0.955026455026455
0.9529856386999244
0.9532501889644747
0.954421768707483
0.9534391534391534
0.9533257747543462
0.9538737717309146
0.9553099017384732
0.9536470143613001
0.9543461829176115
0.9538737717309146
0.9547619047619048
0.9553854875283446
0.9515495086923659
0.9561413454270598
0.9525699168556312
0.9550642479213908
0.9539871504157218
0.9552910052910053
0.9536092214663643
0.9544973544973545
0.9526643990929705
0.9568405139833711
0.9537037037037037
0.9542328042328042
0.9538170823885109
0.9525510204081633
0.9554610733182162
0.9540816326530612
0.9548563869992441
0.9541572184429328
0.9554232804232804
0.954572940287226
0.9557256235827665
0.9543272864701436
0.954421768707483
0.9544973544973545
0.9551965230536659
0.9546107331821617
0.9563114134542706
0.9556500377928949
0.9540060468631897
0.9557067271352986
0.9566704459561602
0.9524187452758881
0.9557445200302344
0.957312925170068
0.9545918367346938
0.9559712773998488
0.9548563869992441
0.9563303099017385
0.9545162509448224
0.9568216175359032
0.9561224489795919
0.9549508692365836
0.9540060468631897
0.9579931972789115
0.9556500377928949
0.9534958427815571
0.9584278155706727
0.9573507180650038
0.9547619047619048
0.9555366591080877
0.9550831443688587
0.9562169312169312
0.9558578987150416
0.9570861678004535
0.9547430083144369
0.956557067271353
0.9565759637188208
0.9554610733182162
0.9575207860922147
0.954421768707483
0.9563492063492064
0.9575774754346182
0.9571428571428572
0.9537414965986395
0.9578987150415722
0.9550075585789871
0.9582766439909297
0.9560468631897203
0.9565759637188208
0.9536092214663643
0.9588813303099017
0.9565192743764173
0.9553854875283446
0.9564625850340136
0.955631141345427
0.958371126228269
0.9553099017384732
0.9581632653061225
0.9549130763416478
0.9566893424036281
0.9558012093726379
0.9578609221466364
0.9551587301587302
0.9554988662131519
0.9578987150415722
0.9558390022675737
0.9562925170068027
0.957464096749811
0.9563114134542706
0.95578231292517
0.9549130763416478
0.9588624338624339