0.9362000916757436
0.6502595728812331
0.5895605474941653
0.5561828095208439
0.5278239823215771
0.5091567833202514
0.49086512892135276
0.47508640499057825
0.45684708539286184
0.44744883758266824
0.43783684694884695
0.4206863347130955
0.4151544309574559
0.4010612334851149
0.3947531905114567
0.3914436923211233
0.38351108480050466
0.37511934653681156
0.3707752640087194
0.36323054545731065
0.3590989543337832
0.3534825172732428
0.34825704312963446
0.34488610770915895
0.3378130293415783
0.33495430429748485
0.3294434824745645
0.3273085580773557
0.3213363209100931
0.3187890145218339
0.31422747271227397
0.3094801458205676
0.30764514259069276
0.3039543501144782
0.29763795006678706
0.2976010763027268
0.29220772450540233
0.2866740801380829
0.2871791926200787
0.2821116958533339
0.27931690220793315
0.27698201386386734
0.2777823334000217
0.26978976176775815
0.2705843320197842
0.2683158037377513
0.261052846081019
0.2607677795507844
0.2604590351305828
0.2596933640938972
0.25566817562086624
0.2557645355927927
0.2511026139209528
0.24831771052722282
0.24753792464538715
0.24535043594100328
0.24598129889146228
0.2427901300313989
0.24014632233611619
0.23783567468064334
0.2348037368614011
0.23507299173849258
0.23565219931977005
0.23017881701375936
0.22860397932438867
0.22980530405277846
0.22201980496737028
0.22509372324586882
0.22273809891929705
0.22173914887215967
0.2191883138865653
0.22032145171443313
0.21549316967754759
0.21355838864668678
0.23112604467064268
0.21158896334343216
0.2115227043305554
0.20913973066309527
0.20676849439099157
0.20628384954712456
0.20611963244562256
0.2077572632263111
0.2035250569482259
0.19808978463256435
0.20065689401251852
0.19805975529602998
0.19655542383141217
0.1994714515089295
0.1954353716702572
0.19832537620760532
0.18956354043179827
0.19020747052760445
0.19164294190048037
0.19303427511177254
0.18574555698527373
0.1857794408840147
0.18582660500656378
0.18229637865754755
0.1835891984413642
0.1860711237889214
0.18213425016842458
0.18066109770420302
0.18142297339845023
0.17682226809537713
0.18282365609139037
0.17971301292251843
0.1779365803985968
0.1762346592534738
0.1757877427081043
0.17125257079086262
0.17270259363103885
0.17177952233799149
0.1692057625667753
0.17101828869936622
0.1711012929289146
0.16559873738724146
0.16782320884932542
0.16685463598639047
0.16344041574867219
0.1613836693689122
0.16246829429583567
0.16264097890337176
0.1653140561092955
0.15941531892618946
0.1640987586241862
0.16148137229485557
0.15933884322388447
0.156792576137762
0.15664832611411958
0.15749939335234284
0.15622712017138118
0.15647028679125358
0.15737054250840155
0.15237345706345712
0.15558503125827072
0.15524487119044567
0.15208697392689313
0.14925405507702355
0.15499079313223763
0.15024993000473244
0.15175184694070196
0.1507497669259357
0.15121736322438978
0.1453786610790866
0.14703182149934615
0.14778860545571373
0.1459584728905298
0.14360758091411088
0.14562625696945658
0.1489427206060509
0.14298562879762147
0.145986373251572
0.14046574055515387
0.1409775697296467
0.14138126366394763
0.14039952959405583
0.13836479244414818
0.14463367030006138
0.1395026586453295
0.13875614662066219
0.13920388028369782
0.14271675590957728
0.1339120288426779
0.1390040355559822
0.13835226160596284
0.13584653794836404
0.13241228467833424
0.1421093203321793
0.1357283155444999
0.13350896256215927
0.1331888563781241
0.1310780089255291
0.1337250020435114
0.1359588021360934
0.12817491167809483
0.12990036858633233
0.1318678066560707
0.12905496360447746
0.13454106767111482
0.13132646562970324
0.12788115032424438
0.12626322143683566
0.13513058928489732
0.13200572171814645
0.12408650792972284
0.12717128246667964
0.12735278967982067
0.12406188443635442
0.12494977906232041
0.12625026416505736
0.12486342309888095
0.12252598981621277
0.12705512607026168
0.12568447262354784
0.1182237021366925
0.12380093358731625
0.11918436558240675
0.12419026394421301
0.1214707494458533
0.11616905090663114
0.13237478574166503
0.11673477654064886
0.11668292519374394
0.12110368708018555
0.11650249323175829
0.12148633841668191
0.11748941902075179
0.1165173033167633
0.11796332125969715
0.1180996837091799
0.11751705571307638
0.11162103476247137
0.11590768663016934
0.11283980084094515
0.12352907872457998
0.11124389178982616
0.11482058466728698
0.11456347029256846
0.11286877393486092
0.1121976896869255
0.11204337796862322
0.11422176491946957
0.11232503888339108
0.11168511902663215
0.1141370670309708
0.10956113305739527
0.1113974116834561
0.10610970691925542
0.10951710684318226
0.10630505285074748
0.10864553343549328
0.10958916235981805
0.10725968259574559
0.1100542983444137
0.106012872315494
0.10536587993065631
0.10873588556732473
0.10702929398628169
0.10537757116930799
0.10719696784389372
0.10623963429804036
0.10479636350318222
0.10591336665297392
0.10090075154801599
0.10198675663793677
0.10236428799426212
0.1031534804414816
0.10431863480541141
0.10378467608492806
0.10161693982631546
0.1103947900567494
0.0997233353484598
0.1011054272686587
0.10195090619936502
0.09539731387580956
0.09942403332164776
0.10331276278894878
0.09831026983268398
0.09603270650604853
0.10078509779634186
0.09593098490661187
0.09959855558149049
0.09956677345268701
0.0967556825679384
0.09341019362014849
0.09513462700085368
0.10287103293120746
0.09910421684198475
0.10162959753897577
0.09352995489188043
0.09651211544110115
0.09957143603837215
0.0900292853074088
0.09480752373670526
0.0947171700929524
0.09450897580779148
0.096449903648922
0.09214345625258867
0.09379763764351257
0.09608792541152897
0.09456332240998154
0.08977975133853755
0.0907411295611921
0.09081785891475011
0.09447583162530532
0.08685191900207305
0.09780764970215818
0.08806226378556653
0.09228149429197641
0.08831553219893766
0.08941678203920189
0.09291396438706849
0.0908459925890095
0.08831152293685961
0.09217331912325845
0.09069580626987611
0.09113912670630095
0.08714881472557859
0.08863432650084571
0.08398171932965567
0.0927436273373113
0.08259288455200038
0.09224319465536222
0.09072702514169914
0.0852918406002347
0.08649181481023885
0.0879643423821349
0.08481610207739634
0.08507128878473928
0.09193296752011663
0.08752629830219884
0.08554058325635723
0.08392289696292156
0.08772009598691875
0.08381984284407379
0.08586701975991866
0.09267191563986442
0.07917077156292453
0.08390621417507461
0.08682086416641684
0.08724181767640443
0.0777252957676222
0.08451139204002449
0.08112337916734141
0.08127715373705686
0.08680336852697525
0.08328710538262898
0.0762479195671914
0.08532026298662676
0.08545348297788831
0.0778042913911807
0.07895704499372459
0.07934532565283438
0.08046790513779596
0.07959363081939755
0.07607201595406013
0.08246346410734669
0.07814886166830054
0.10346728517670298
0.08875021868702603
0.07911814140818937
0.07454993865363713
0.07337233062006161
0.07926391328479576
0.08098396566963777
0.08504409772969194
0.0787484353599999
0.07780122272849244
0.07208610766533466
0.08530414440982406
0.07500139114091288
0.09189759087252952
0.09144938746989377
0.07311336626701007
0.07378914316712465
0.07716072222683579
0.07793529453119742
0.07823581950051371
0.07590011277627488
0.07201046624748143
0.07572574277810867
0.07777728685129424
0.07576482988868043
0.08160514094894233
0.07849294684367741
0.07289265222774886
0.07209434404578263
0.10886292840467933
0.07654530760099486
0.07335754398299478
0.06975095441093838
0.0705263627178219
0.08208529793355077
0.07128970892706653
0.07596862456872626
0.07528765583923153
0.06878914450978245
0.0721233872865387
0.07474006748822622
0.07299194775542034
0.07695812369451814
0.06703624602542516
0.0714565605980816
0.07770525804951187
0.06624214362761278
0.07425765985231722
0.06960587438221559
0.07572693077639489
0.07035710098452923
0.08807710123104562
0.06635793625020484
0.0729208951473613
0.06309641559942585
0.08334286340824473
0.06971914917759318
0.0765056800148867
0.07082773489994551
0.0759310128415783
0.07381375361961669
0.12615614754913967
0.07311640924406967
0.06209588638768395
0.06689211502189736
0.07502668778076796
0.06757264988660912
0.07385448073472911
0.0684033878843508
0.06960067275997116
0.0646036405633785
0.07182865283131873
0.06503775383592734
0.08370060135119618
0.06001830597592673
0.06905787627522049
0.06708777966428507
0.06668757665033777
0.06952208250544128
0.06704446809274067
0.06976351951135155
0.06656491368282777
0.07195450353647329
0.06345720852532112
0.060837739649974534
0.07797683028278267
0.06314509834845702
0.06370979267720028
0.0684042535978197
0.06070271207757996
0.06539580247051979
0.07921484236018299
0.06801079978446552
0.06148229064088599
0.0614519641277865
0.07404129657917279
0.06845607261929716
0.057328575856878825
0.06726749927328134
0.06524928910811287
0.06398171764238224
0.0658378861112839
0.060922062698536714
0.06429911094087741
0.06339477402164156
0.05935960214877582
0.06186833890231802
0.0602413073330868
0.06581402797006794
0.058951411155881345
0.10315121253486272
0.05588229362090096
0.058415498662420136
0.06680602160335304
0.061877953559535424
0.0755664542688803
0.06881785797070494
0.0589715255809339
0.06323667402720004
0.061821765138388204
0.05582810324485045
0.0668989874263218
0.06176188912323764
0.07157100550260807
0.06337625828038143
0.06057270616362737
0.05707185579410393
0.06410538230766345
0.06423178010754654
0.06077761181319719
0.06278186371288563
0.07975335463128795
0.06262049383454026
0.05949419915471035
0.054668169549754356
0.06568038781862824
0.05862787149986778
0.06193390644379325
0.06663969304060484
0.056848533146213236
0.062293044566086114
0.057590842043775056
0.06178838389952279
0.07090230034012003
0.055504877915111175
0.06301967559169028
0.059312956373020746
0.057989261998485545
0.059483726115172206
0.06533823689862174
0.05835352400926752
0.05803918105609878
0.05897336209995629
0.059170957812989755
0.05603551451421467
0.06508411649076912
0.05510481521161306
0.06154254628379441
0.059972972611575935
0.06878750602379263
0.05195219502947687
0.06205185852140781