0.7569468336533463
0.7246611977250573
0.6933977076515754
0.6696046159085801
0.6469530409163691
0.6307356786771149
0.6194157994013311
0.5994393356063346
0.5847347294675251
0.5747914693916291
0.5623289160925935
0.5537582099293566
0.5489865676460488
0.5380126375709509
0.529076233578276
0.5267255293270697
0.5177607709382004
0.5105562638739144
0.5013627974629546
0.4982885082478679
0.4915579409037853
0.4865850960653379
0.4795060074170815
0.47767230319230847
0.4720419536658902
0.46701772180368994
0.4606908814758603
0.4581932902083864
0.4522865267905171
0.4491407451058818
0.44272102641241295
0.4375730039148694
0.43711317975655145
0.4289411815849584
0.4321077940794116
0.4241792077002675
0.42520102212586164
0.4174921895988835
0.4168619078504059
0.4125718733626885
0.40938677477054614
0.40257815713065137
0.40523117786090923
0.40245198358431405
0.40071524762995586
0.3961740188985306
0.3934622980077653
0.3919990785789317
0.38830045554358983
0.3852597714515522
0.3824899151353695
0.38023225602298577
0.3776293820290496
0.3752389141125323
0.3756689805415839
0.37298470249054944
0.3678166915087126
0.3680355114932144
0.3651546995541781
0.3630425496884997
0.3606432830957649
0.36227754319025857
0.3581076477020258
0.3525814014152503
0.3559731743427978
0.35212017232698567
0.35180469632977585
0.34750209121481757
0.34645130768184074
0.34694644921834267
0.34308309614334026
0.3421783630061611
0.3417163199036773
0.3384146159503523
0.33679820521494785
0.33783167389366764
0.3337956863075963
0.33212613376102973
0.3340701308065379
0.3279719118303659
0.3298373637808782
0.3266177193713267
0.32676593856852243
0.3236908189695612
0.32594293564954435
0.32257065090701037
0.3206884446030228
0.3227685009553902
0.31898227491007247
0.3186290264535051
0.31712344801222325
0.3165814300465252
0.3157282599249118
0.3119702060473801
0.314491986807215
0.3099093131648946
0.3087720356660894
0.30879015929123077
0.3043207859410989
0.3085011278257729
0.30355146852521253
0.3039895758514789
0.30257130242848124
0.3047087257221215
0.30076393142720953
0.3039277716840481
0.29811378570212704
0.29791558604178436
0.29527376084717977
0.29683256672949787
0.29384805500155997
0.2952381538107829
0.2926917630264664
0.2906017505564922
0.28943751081193664
0.29264626715516956
0.2894475074279986
0.28819417291317484
0.28837461993909086
0.28708019134382456
0.2852558595552914
0.28207330052778035
0.28536347114225397
0.28339509269787944
0.2778989510135466
0.28035040930625243
0.28137586664232767
0.2766948649333171
0.2800971888920164
0.2792693395550479
0.2754267736044155
0.2737803174365208
0.2724029831453131
0.2763169676801944
0.2766098619045683
0.26990811048951696
0.2723232719162085
0.26921884766458887
0.2678007322083145
0.26848174424159554
0.2667957740141014
0.267190739848035
0.2654519968991592
0.2699404584385788
0.26301189908868167
0.26338152870526843
0.2615695077691682
0.2606159338205062
0.2658001438454424
0.2619317224544294
0.26135910386185834
0.2647114554059747
0.2583613898605108
0.2565902062638819
0.25630528999868657
0.25592146925583137
0.2545531932332135
0.2538967663298351
0.25617174720200186
0.25268521891882084
0.25183974201042103
0.2588992785333578
0.25335780892435555
0.2506937585014314
0.24826404655142773
0.25233866775041264
0.24925398847658048
0.24574676863376183
0.24771653008652894
0.24611467780700763
0.24635300945666277
0.2456906887115922
0.24383259817345254
0.24406583620935787
0.24256232693597693
0.24317509222645065
0.24127904257253985
0.23996973602481844
0.2396547192957662
0.24098906282249932
0.238877040921894
0.23787273423680913
0.23553665860036913
0.23837771155998705
0.23714436057216276
0.23907959255127478
0.2396722367943288
0.23864397494192208
0.2356977516361833
0.23032250055568035
0.23690614515989838
0.23207883660015993
0.23024095667744598
0.23353361871381806
0.23170831294768596
0.22999748865878963
0.2308840337406479
0.228194511599136
0.23349437290890437
0.22996265877954924
0.22693172313538723
0.22843332182134005
0.22717053291276368
0.22456186506874687
0.22809904178507634
0.22845001952686633
0.2282828389269445
0.22638442189215335
0.2278705458601592
0.2265004294360239
0.22194925479099895
0.22303438063783002
0.22421000673105668
0.22089080137742328
0.2244101973935205
0.22022867905698995
0.2196009186301448
0.22102478859741173
0.2203278627546173
0.2202497347524928
0.22347740002062078
0.22260340864904127
0.21726638871777754
0.2234632007770934
0.21693401481447225
0.22032813527514344
0.21758817198901395
0.21611203426920877
0.21989790230489448
0.2157651320127421
0.2138998705416269
0.22203198373385288
0.21144573224039506
0.211600409597699
0.2159300538961254
0.21507955322598424
0.21179860142288232
0.2100960663497277
0.21042579622824362
0.214256607247753
0.2135677222650106
0.22035046427836136
0.21415467755452358
0.21260410338469038
0.21179851377833334
0.21254688355409537
0.20819930975497705
0.2096788622056018
0.20489451440080478
0.20844720072701953
0.20754205575325452
0.20508397206722645
0.20381959316353376
0.21381332212439688
0.2122741649175083
0.20244806670238058
0.20469092830740807
0.20654055996186482
0.2011482154791713
0.20631439640595517
0.20481565119327017
0.2071885431704518
0.20042256883569648
0.20428004004781955
0.20481371154339742
0.2047257384503803
0.20128834078216784
0.20219412731274763
0.20676907636405406
0.20126370300945376
0.19997494545806888
0.20377730371986832
0.19967539770305698
0.19820805844127853
0.1994498962989165
0.1979671241952041
0.20379373400067818
0.20103711768998309
0.1947669293585052
0.19694542939106888
0.20254524278611016
0.1986630523263138
0.19449246496056738
0.19912113773128629
0.19680242639478687
0.19645457139251102
0.19651680240157582
0.19454063559818152
0.19793710559032218
0.19436495570283488
0.20248079932820695
0.1891067365027892
0.1954284765089816
0.20046289004340426
0.1912635530479153
0.19409830338505188
0.1962134138407341
0.18970314442701502
0.19403450448007437
0.19429274654959608
0.19461828597371963
0.18897445324077491
0.18977232999703256
0.18932467153039112
0.19109595388268652
0.19456822150347455
0.1907002579374633
0.19181200114170038
0.1934827545597505
0.18936283698929374
0.18954416355478523
0.18806704895755563
0.19182223902886875
0.18471287690134586
0.1877998741863897
0.18791075629416398
0.18912584972855023
0.1882196555686653
0.18525586329387025
0.19094728687924514
0.1844597375763641
0.18779240558351848
0.1836699890012221
0.18423119300757923
0.1877248711206082
0.18787576618943333
0.18607230567482572
0.18597687312605662
0.18304278538477897
0.18096741914699596
0.18582932870078295
0.18805050131996603
0.18367088382935293
0.18341859239249286
0.1789345299862235
0.18135159606724402
0.18958041240588425
0.18131699609263893
0.18607438978105062
0.18154478404601132
0.18373461952320375
0.18198142742215595
0.18000319276486176
0.1755245487991734
0.17899034483506915
0.18331338997176896
0.17830682443589999
0.17990276071821826
0.1781000256821828
0.1740744534087116
0.18173825803653146
0.17739136608772457
0.17780429462056513
0.1812827689758983
0.17914443897216287
0.17490662621590958
0.17993986832671668
0.1747780735998616
0.18127816390671836
0.17827201608856724
0.17654437230541817
0.17516410023316362
0.17510144110091094
0.17591651286093682
0.1830538675075559
0.17212834946716604
0.17413847832383075
0.17447157105838626
0.1733257409270758
0.1760434558797524
0.171859574236737
0.1717678871441592
0.1742521964819897
0.1720115585332036
0.1731745024951301
0.1730570793225055
0.17282843483502705
0.17064886995278156
0.1704902927442752
0.1712112548207006
0.16798785276668193
0.17314074666238194
0.1747297759755135
0.17619554828086637
0.1690387501161176
0.17387112018290768
0.1688186938831067
0.17811634549375582
0.16771941549148064
0.1654663291622399
0.17197318286257723
0.1694859544709415
0.17062027744122274
0.1673571314198723
0.16941691345694004
0.16957798068684177
0.1684478192256275
0.16864508116829513
0.16700244684418733
0.16849528257836427
0.17056389719483184
0.16558617797746078
0.16770968688770166
0.16658900167112844
0.1700371084351908
0.16346562503326906
0.16307436957833737
0.1676541786945505
0.1758023672078386
0.16714085832980327
0.16510427504791422
0.1651154986595084
0.16399486867179972
0.16871066306352542
0.16223528635876192
0.16810209326110465
0.1691033463417513
0.16215114016508167
0.16198463848664763
0.16301317462157638
0.16262384177497538
0.1612279620148273
0.16744886224238065
0.16357102517141062
0.16389189625188186
0.161014494021618
0.16381594562900795
0.16299876740130234
0.1649352039103233
0.1579251789075166
0.1624109194388201
0.16299431246988016
0.15938364956223888
0.16046037275553596
0.15908181931662455
0.16081857670942026
0.16126809419868143
0.15980369469208333
0.16656851394877187
0.1596574178811539
0.1575633295380399
0.15732916997984375
0.16021904790269476
0.1601183343810472
0.15893651488684163
0.1590256181502199
0.1578667961278347
0.16813796927348373
0.15375854471133077
0.1566688855932609
0.15738326542435874
0.15566653476497597
0.15782744242632907
0.16260022687133932
0.1523802682195431
0.15693237273469612
0.1583645947619894
0.15483935343439745
0.16438289567042128
0.1546901215761427
0.1566893273492669
0.15931754903203416
0.15397016781406475
0.16166314152953415
0.14948699638464835
0.15341099313946785
0.15684217333941727
0.15405770807561917
0.1607155348444549
0.15193867285458873
0.15834072580704062
0.1543885953494932
0.15433911840696599
0.15702560377977856
0.14970144840588562
0.15841362072985976
0.16017070341716771
0.1571869285374051
0.15035443528535064
0.1572640743561285
0.1533583208904213
0.1515682628485256
0.1573452575005841
0.14918370563097685
0.16269019642701776
0.15148585192150263
0.1548558138993635
0.15270648241326598
0.15407276537636477
0.15832309093874763
0.14807551536436542
0.15150878254657538
0.14759055676193233
0.15001028925805446
0.15109462894343684
0.14915485126518183
0.15210631217972512
0.14755984695226815
0.15064634720286965
0.15178584218508887
0.14851938470794923
0.15307398427733118
0.14846388380124292
0.14795573544646293
0.15349960593031461
0.14782754979586227
0.15107366715200604
0.1533208807694986
0.14404336133631995
0.14908461850992388
0.14965092323762968
0.1484667294787664
0.14289487417177577
0.15175103430412124
0.15229032373172935
0.14552996204034205
0.15117147886627855
0.14135717884598
0.15050227099710325
0.1446650148864313
0.15067124927510478
0.14468712217068613
0.15247394606198533
0.14825074226953575
0.1448690253476012
0.14486186524589592
0.14527992372335743
0.1439178432437885
0.14759565931164909
0.14836496962296317
0.14365933408021495
0.1418972699955036
0.1474178647171304
0.14381985526911728
0.15392848002378623
0.13846404961112688
0.15020783225539228
0.1444625866633447
0.14456563009520115
0.14837827245302795
0.14483429454511962
0.1394084702150732
0.1453945902722382
0.14046756207082586
0.1419857862406042
0.1495581502244079
0.14668776069997508
0.14192223192112094
0.14477341029895222
0.1374175500414957
0.14463995397456908
0.14465918337155984
0.13977649711714912
0.14095851691454386
0.1507158314647601
0.13930102410133474
0.19054417341157565
0.14158296332741888
0.13959857972537
0.14122888008420448
0.14740944835030786
0.14524239245599457
0.1396555535382948
0.1451931548179713
0.14237532170828401
0.14254607729182467
0.14386001343927837
0.13712943472809122
0.14831005184612903
0.13611350812233575
0.14781129314646377
0.1387506834088754
0.1423041073210141
0.1400808426997756
0.14760677380816156
0.14004503600223345
0.13401741971176775
0.1386124314524221
0.14355345071657158
0.13843102172225996
0.14164501608027305
0.13655206573659165
0.1383597944043025
0.1403042221644008
0.13727549048033097
0.13650061965001095
0.14002236024295842
0.1425229682693508
0.13729966873410884
0.13909294366729
0.13319033454636847
0.14243215984499313
0.13456214790921117
0.13490349045299227
0.14259319878005938
0.13897525474086783
0.13763621214077895
0.14066338031724468
0.14042981494777806
0.13272344693904006
0.14578407679044247
0.13237431352511003
0.14069062951001188
0.13774450356661574
0.13619635896357463
0.13736447877126173
0.1326794298485365
0.13911662152726226
0.13280054970915112
0.1411480815635494
0.1291795400760453
0.14129625759100173
0.13527388038156507
0.13530053896984331
0.13283267957026065
0.1391971961102711
0.13335442769152822
0.13138477502789397
0.141014181132943
0.12863671561645934
0.13716459162240485
0.13515941046872046
0.1354974994788953
0.13728549381230418
0.14156691139654573
0.12767231456826733
0.1331528739381791
0.13557797768029375
0.13347584960791886
0.13470663118374365
0.13865833738205016
0.12784237872630114
0.1322943196194742
0.13253054150761395
0.13555643191992417
0.1305946890869912
0.13287753912973152
0.13550725720593076
0.13856911422792337
0.13123682111883458
0.13161097311847217
0.13436934888135402
0.1354028807312927
0.12970924523213942
0.13393598446852506
0.13101706324689127
0.1347018019230068
0.13448137622858716
0.13365721816597945
0.13244934001169759
0.1305420628875068
0.1315869745142992
0.12886122387212823
0.132118410793186
0.1307599194415216
0.13593936740400206
0.13226615529360436
0.13020356074970793
0.12869984479654836
0.13640180665663496
0.1301347297324068
0.12863886427357252
0.13431921923084594
0.12685051826932472
0.13113591006333108
0.13156297306491888
0.12937114107340322
0.12801938189053963
0.12831483965870805
0.13151565809233418
0.129214065051311
0.1311857849630843
0.12959477633307237
0.1286113801196346
0.13432234594891
0.1280798342105248
0.1279536892029039
0.13055886036858297
0.13037437060319998
0.12694454444794742
0.13033545615169542
0.12799249961275433
0.13143811934377236
0.12756928057210495
0.1314862843162045
0.12474068367860518
0.1252325725690445
0.1363615293579853
0.12990825692799277
0.12233239281530539
0.13474206763312352
0.1259469640258733
0.1292063036237161
0.12767592184299079
0.13085596481965406
0.1297163589992093
0.12393775268312417
0.13028187255621151
0.12793661366075226
0.1269838341837383
0.12910943238983583
0.127053007216621
0.12862579326765858
0.12483744632985956
0.13105640668188873
0.12813435696937345
0.11964322309679225
0.1297360390517354
0.12950365039159037
0.12479457844056058
0.128637954780384
0.1270805711313483
0.1267921991182881
0.11912829934673845
0.12838585976499414
0.12546860801794074
0.13346126186457308
0.1255430903766395
0.12343917763760305
0.1247371863376714
0.12475584209193487
0.12853589687123246
0.12659253481383623
0.12242683772185757
0.12369737831060353
0.12776935723905272
0.12702462035825335
0.1213455974700677
0.12225542259857254
0.12499253971230784
0.12443805533895402
0.12756536500370794
0.1236024738480579
0.12588964259429883
0.12367311274929339
0.12348307119800676
0.12225277408102456
0.12189970680857652
0.12629904645971476
0.12060853978907554
0.128020196210437
0.11744855925281157
0.12711246742823576
0.12411452486637829
0.12613045618131175
0.12772451567475823
0.11708630960501681
0.12102402851366727
0.12543378386420154
0.12798906051995235
0.12499229916668567
0.12313326303231976
0.1217437580553308
0.13561907560849493
0.12704160717869753
0.1189155618232498
0.12362270181369517
0.12237303200094232
0.11940806323776142
0.12034953059600452
0.11849283448615007
0.128630452327928
0.12188222149431062
0.11750220640497298
0.12872730267841984
0.12782440555437907
0.114650054877647
0.1222794775304116
0.1287312254965212
0.11803510435659803
0.12317636049157762
0.12544101541398062
0.12056395422077165
0.11990918633525238
0.12344342447026771
0.12105754885131081
0.12274846584089055
0.13068170789398362
0.11425222056687549
0.12247507459254026
0.12217091581811075
0.1204484728743669
0.12400220301513569
0.1170720584203372
0.12481172804485195
0.11717387441148196
0.1231786252744876
0.11688148663762493
0.12788655654659709
0.11346268996598026
0.12116129354203847
0.11874282748716858
0.12173599462210541
0.12654992515733493
0.11748668415596632
0.11667814203069242
0.13218011479304503
0.12044296087204459
0.11656618318110147
0.1184998377549497
0.11925341172733354
0.11888157773028553
0.12195573739077954
0.12198312193698091
0.11924374091531574
0.12943867910971488
0.1198318444936088
0.11571543302352934
0.12328464977666406
0.29946951343034767
0.12219120210416869
0.11726492177867477
0.12196089679790839
0.11567667104009491
0.12439904186481603
0.12538550277688218
0.11590498261772515
0.11995422810718964
0.11847280224898105
0.11772801919180495
0.12263646134217028
0.12010345104253375
0.11535278432354294
0.11582541202635312
0.11860457312788965
0.12060775033159163
0.11725119156167509
0.11662991580736633
0.1146868763748343
0.12238121313638951
0.12533989479975954
0.11659126478657895
0.11527414955728757
0.1225008582530212
0.11331211237342152
0.12167682016520066
0.11825033564391088
0.1158431536803656
0.12308776380151888
0.1176080306379206
0.11955510474082101
0.11703659853047889
0.1157972496474838
0.11955980645873662
0.11893910589938879
0.11372323054975145
0.12240073091897803
0.11165749055796281
0.11831411837426745
0.11743536816713256
0.11676232529983731
0.11328296116650377
0.11555068014524489
0.11726279700827529
0.11901476968113871
0.114523882135413
0.11859084577274316
0.11281220798243143
0.1201073646562232
0.1139043833649528
0.11346307731076018
0.11403071253476797
0.12190194051936432
0.1219583299773815
0.1139321925530383
0.11254658474514197
0.1298672510658001
0.11222028463660363
0.11473918304236995
0.11922639619803001
0.11628881890631924
0.11667725055752588
0.11192893494748844
0.11819631599094364
0.12291142445951087
0.10599678452824364
0.1149005477347541
0.11676340826440132
0.11654916545390258
0.10899583832197271
0.11912421877908395
0.11188079355348762
0.11639730228560762
0.11338224945177237
0.11136756131334423
0.12411731947663869
0.11067208752885349
0.11394129909077969
0.1169966470779279
0.1256453482205194
0.11237822371974059
0.11706767377123434
0.11526610832017024
0.10968811013571132
0.25893202480089206
0.10990341390324576
0.1141446962698844
0.11629710192012965
0.10862643642867581
0.1173619230707637
0.11723442548164363
0.11590010042398315
0.11096755107010274
0.11235978017376942
0.11686770779845342
0.11610308852678214
0.10952719287313223
0.11094198137931169
0.1256106267625493
0.111167283033922
0.11465414737009454
0.1111751100750997
0.11297327669145525
0.1113514915684634
0.11166683734313528
0.11107449701748183
0.12246918429081703
0.1057993287760162
0.11535384653214015
0.11527262912634388
0.11196482591242674
0.11808122394860575
0.10859598313730509
0.11643575718854425
0.11361259281800828
0.11901729123971927
0.10980048955384666
0.11724542918518757
0.10916443145430961
0.11281663236224836
0.11198343511866778
0.1131811755762103
0.11316321110320145
0.11221250037968433
0.10747071103109954
0.1106035673308542
0.11243439062032637
0.10889472992678438
0.10589141781920339
0.11807742282419036
0.11095872175392156
0.10998682789640721
0.11350868141983592
0.10674195345113913
0.11646115185018345
0.10819994427554845
0.11786432418876672
0.1048753677603131
0.10871767051571596
0.11695582645232541
0.1181513619037447
0.10519698673764202
0.10934414972811482
0.122147867991772
0.10939404141960807
0.10714645279186975
0.11214331952564868
0.11494690093523349
0.11504616497694095
0.10773571916143092
0.11015977688701575
0.10802989056895705
0.11762717245207163
0.10851082923412328
0.10667724894770435
0.11586673427343609
0.11023564823760122
0.11594851122767312
0.11037192808464803
0.10507916271293248
0.11817294114905878
0.11585831211146728
0.10453321937133925
0.11409556640531604
0.10511471658224421
0.11026568381085212
0.11002419486256461
0.11888809122349712
0.10367359964688283
0.1109616489214313
0.11105083047845972
0.10627218746903105
0.11197334866911092
0.10426111680854161
0.11373546117935848
0.10159949282855145
0.11215957980985869
0.11061808649121706
0.1196826672016929
0.10446939517038215
0.11262688175969371
0.11510353921051812
0.10305928964892931
0.10783819038588131
0.1125310350086408
0.10809450014420456
0.11065908492538722
0.11331229668217312
0.11611362481464439
0.10068492391067889