1.815334526472725
1.772317657014355
1.7629496430745348
1.7569519692333415
1.7525136022595689
1.7489816221641377
1.7458912444999442
1.7431816823082045
1.7405621006619185
1.7380481457803398
1.7358201046008617
1.733820055727847
1.7318748262478039
1.7299949616426602
1.728252452565357
1.7266089502954856
1.7250361149199307
1.7235835103783756
1.72212071926333
1.720907977083698
1.7196782700484619
1.7185216848738492
1.7174812279408798
1.7164804917993024
1.7155202309368178
1.7145818572025746
1.7136402525939047
1.7127884682267904
1.7118220191914588
1.7110602161847055
1.7102320226840675
1.7094908494036645
1.7087786599295214
1.7080177349271253
1.7072756605921313
1.7065294970525429
1.7057738793082535
1.7051951667526737
1.7045440358342603
1.7039167712209746
1.7032929556444287
1.7027515795780346
1.702122426009737
1.7015409374143928
1.7009332375600934
1.7004243397386745
1.6998226789291948
1.6992527660913765
1.6987524037249386
1.6981875740457326
1.6976842220174149
1.6971825482323766
1.6966197357978672
1.6961610163562
1.6955844779731706
1.6951074085664004
1.6946373139508069
1.6941087818704545
1.6936008784687147
1.6931583546102047
1.692614202387631
1.6921616437612101
1.6916942077223212
1.6912571608554572
1.6907136602094397
1.690224024001509
1.6898191550280899
1.689391016610898
1.688875988824293
1.6884321862598881
1.6880150673678145
1.6875288345618173
1.6870585524011403
1.68663020292297
1.6861624390585348
1.6857243317645043
1.6852833724115044
1.6848502097418532
1.684408404165879
1.6840139153646305
1.6835462022572756
1.6830934974132106
1.682669237605296
1.6822485718876123
1.6818838231265545
1.681373928207904
1.6809767259983346
1.6805602605454624
1.6801178035093471
1.6796672475757077
1.6792161602061242
1.678828983916901
1.6784684419399127
1.6779990692157298
1.6775894957827404
1.6771590621210635
1.6768088669050485
1.6763831123244017
1.6759400201262906
1.6755260637728497
1.6751305477228016
1.674679919728078
1.6741709102643654
1.673592236242257
1.6731102692428976
1.6726690297946334
1.6722381503786892
1.6718263390939683
1.6713751226197928
1.6710354462265968
1.6706161288311705
1.6701914162840694
1.6698326928308234
1.6693859078222886
1.6690120710991323
1.6685661093797535
1.6681874647038057
1.667836734210141
1.6674094492336735
1.6670483145862818
1.6666669140104204
1.6662072730250657
1.665875029633753
1.6654518286231905
1.6651206291280687
1.6646712120855227
1.66435089323204
1.6639429372735322
1.6635692421114072
1.663180150091648
1.662832505768165
1.662389973178506
1.6620500278659165
1.661622165935114
1.6612797540146858
1.660904566058889
1.6605488620698452
1.660117502673529
1.6597861574264243
1.659396328148432
1.659017437021248
1.6586231457768008
1.6582642188295722
1.6578854967374355
1.6575254190247506
1.6571543592726812
1.65674706408754
1.6564265347551554
1.6560766489710659
1.655696893343702
1.6553892099764198
1.6549366884864867
1.6546498809475452
1.6542861494235694
1.6539076290791854
1.653569035232067
1.6531836327631027
1.6528125409968197
1.65245378005784
1.6520855065900832
1.6517148518469185
1.6513135109562427
1.6509341065539047
1.650598757667467
1.6501815342344344
1.6498620952479541
1.6494936310919002
1.6491017460357398
1.6487620938569307
1.6484201718121767
1.6481405958766118
1.6478168977191672
1.6474453704431653
1.6471379081485793
1.64677602739539
1.6464801948750392
1.6460942085832357
1.645806512911804
1.6454243001062423
1.6450957676861435
1.6447764690965414
1.6444686233298853
1.6441249205963686
1.6438096776837483
1.6434680729871616
1.6431056677829474
1.64280310284812
1.6424513104138896
1.642140168696642
1.6417575047817081
1.6415095392148942
1.6411932727787644
1.640824917703867
1.6405085236765444
1.6401870370609686
1.6398669509217143
1.6394677889766172
1.6391728102462366
1.6388916125288233
1.638577000470832
1.6382283250568435
1.6379367659101263
1.6375398554373533
1.6372696087928489
1.6369648694526404
1.6366112341638654
1.636260250583291
1.6359609798528254
1.6356783824739978
1.6353027838049456
1.6349938451312482
1.6346410311525688
1.6343820302281529
1.6340936101041734
1.633736981311813
1.6334694335237145
1.6331316900905222
1.6328462307574227
1.632534849573858
1.6322531412588432
1.6319284409983084
1.6316239616135135
1.6312703848816454
1.6309933769516647
1.6306994274491444
1.6303989962907508
1.6301170259248465
1.6298432503826916
1.6295308630215004
1.6292375366901979
1.6289652944542468
1.6286654461873695
1.628385620075278
1.6280864307191223
1.6277671135030687
1.627489945734851
1.627259090426378
1.626887434744276
1.6266384412301704
1.6263384502381086
1.6260795082198456
1.6257875777082518
1.6255009637679905
1.6252054951619357
1.6249402374960482
1.6246617691358551
1.6243760663783178
1.6241135908057913
1.623838511412032
1.6235379215795547
1.623215197934769
1.6229384095640853
1.6226827203063294
1.6224476718343794
1.6221132829086855
1.621833914425224
1.621608669986017
1.62130293098744
1.6210093490080908
1.6207251318264753
1.620474765310064
1.6202331245876849
1.6199814202263951
1.619728633086197
1.619397349189967
1.6191498530097306
1.61889740859624
1.6186190240550786
1.6183226215653121
1.618111580843106
1.6177777285920456
1.6175240464508533
1.6172906598076224
1.617041879449971
1.6167470742948353
1.6164809634210542
1.6161823939764872
1.6159324748441577
1.615659601869993
1.61540890741162
1.615159151959233
1.6148531754733995
1.6145929251797497
1.6143176465993747
1.6140450000530109
1.6137951199198142
1.613502401392907
1.613333340967074
1.6130325918784365
1.6127258343622088
1.612467746832408
1.612230334430933
1.6119725365424529
1.6117323173675686
1.611411529360339
1.6112075935816392
1.6109287772560492
1.6106468387879431
1.6104294573888183
1.6101494228933007
1.6099298187764362
1.609625622164458
1.6093374512856826
1.609131537261419
1.6088575151516125
1.608589205541648
1.6083456462947652
1.6081889625638723
1.60786552389618
1.6075828146422282
1.6073322540614754
1.607093138503842
1.6068402999080718
1.6065675286808982
1.6063559242757037
1.606070491601713
1.6058361439500004
1.6055855612503365
1.6053269235417247
1.6051092621637508
1.6048632588936016
1.604592582094483
1.604298748425208
1.604175629443489
1.60386391566135
1.6036426232894883
1.6032886126777157
1.6030889569083229
1.602921320241876
1.602574990130961
1.6023973553674296
1.6021314727840945
1.601851737126708
1.6016146597685292
1.6013650539098307
1.6011875758413225
1.600952894659713
1.600649866857566
1.600435676984489
1.6002051279647276
1.5999795842217281
1.5996962471399456
1.599499503732659
1.5992240672931075
1.598966640420258
1.5988019874785095
1.5985412009758875
1.5982798498589545
1.5980608846293762
1.5978331812657416
1.5976191399386153
1.5973450251622126
1.597186054685153
1.5969171912875026
1.5966389341047034
1.5964232998667285
1.5961701796622947
1.5959795168600976
1.5957402263302356
1.5954768722876906
1.5952565502375364
1.5950494161807
1.5948351374827325
1.5945543297566473
1.5943664258811623
1.5941416658461094
1.5938971763243899
1.59370061440859
1.5934706536354497
1.5931959330337122
1.592995562707074
1.5927426769630983
1.5925862279254943
1.5923919982742518
1.5920814916025847
1.5918888609157875
1.5916591733694077
1.5914468879345804
1.5912658451125026
1.5910098475869745
1.5907991057028994
1.5905582772102207
1.5903757525375113
1.590179233229719
1.589907826972194
1.5896513003390282
1.5895257662050426
1.5892722700955346
1.5890715852146968
1.588877172442153
1.5886437216540799
1.5884288268862292
1.5882611678680405
1.58805238280911
1.587837728438899
1.5876091428799555
1.5873712683096528
1.5871978846844286
1.5869540870189667
1.5867273522308096
1.5865796871948987
1.5863475082442164
1.586233304347843
1.5859646808821708
1.5857666878728196
1.5855830531800166
1.585326797910966
1.5851266176905483
1.5849307681201026
1.58471289195586
1.5845355488127097
1.584358750609681
1.5841430288273841
1.583929404616356
1.5837061596103013
1.5835004141554236
1.5833297006320208
1.5831240266561508
1.5829425974516198
1.5826848298311234
1.5825650395127013
1.5823475652141497
1.5821678505744785
1.581952326116152
1.5817797455238178
1.581588536966592
1.581408594851382
1.5811568801291287
1.5810578728560358
1.5807630793424323
1.5806094616418704
1.5804550028406084
1.5802571469685063
1.580027648480609
1.5798910885350779
1.5797085978556424
1.57948539708741
1.579258669866249
1.579102658201009
1.5789953757775947
1.5787967536598444
1.5786192786181346
1.5784532339312136
1.578230286249891
1.5780586967011914
1.5778837903635576
1.5776898976182565
1.5774877755902708
1.577233278658241
1.57712598296348
1.576972648035735
1.5767690542852506
1.5765919166151434
1.5764464893145487
1.57628207327798
1.5760594118619338
1.5759478179970756
1.5757190603762865
1.5755548509769142
1.5754092237912118
1.5751880430616438
1.5750597678124905
1.5749048766447231
1.5746309098321944
1.5744973244145513
1.574385629617609
1.5741541030583903
1.5740245807683095
1.5738797754747793
1.5736662461422384
1.57352161698509
1.5733633938943967
1.5731529365293682
1.5730173542397097
1.572848014999181
1.5726426993496716
1.5724848040845245
1.5723457937128842
1.5721601218683645
1.5720733030466363
1.5718296613777056
1.571629072073847
1.571536112925969
1.5713557491544634
1.571127243922092
1.5709676888072863
1.5708654678892344
1.570655376999639
1.5705135256284848
1.570421503041871
1.5701610484393314
1.570032924064435
1.5699243729468435
1.5697604084853083
1.5695588941453025
1.5693527354160324
1.5692334801424295
1.5690599262015894
1.5689547162037343
1.568775900406763
1.5685470660682768
1.5684101124061272
1.5682109096087515
1.5681587141007185
1.568013233365491
1.567827501683496
1.5677085391944274
1.5674744914285839
1.5673896656371653
1.5671811484498903
1.5670653637498617
1.566936438321136
1.566741190617904
1.5666055803885683
1.5663506468990818
1.5662949006073177
1.5661087416810915
1.5659799543209374
1.565871407976374
1.5656610848382115
1.56558758020401
1.5653791039949283
1.5652407894376665
1.5650939114857465
1.5649424213916063
1.5647471215343103
1.5646388890454546
1.5644562027882785
1.5642810066929087
1.5641828057123348
1.5640823675785214
1.5639172365190461
1.5637706501875073
1.563604171271436
1.563470449182205
1.5633210878586397
1.5631723302649334
1.5630168014904484
1.562875981326215
1.562670505605638
1.562558310921304
1.5624492320930585
1.5623059397330508
1.562164371367544
1.5620290733641014
1.5618113740347326
1.561738530290313
1.5615794137120247
1.5614415216259658
1.5613160664215684
1.5611597129609436
1.5609900474082679
1.5608589737676084
1.5607443714980036
1.5606265323003754
1.5604323777370155
1.560293025104329
1.5602149032056332
1.5600819071987644
1.5598712002392858
1.559702157159336
1.5596407545963302
1.5594752378528938
1.559389590867795
1.5591989500680938
1.5590952701168135
1.5589197338558733
1.558757763588801
1.5587005771230906
1.5584773326991126
1.5583555509801954
1.5582794887013733
1.5581177751300856
1.557970738154836
1.5578893076162785
1.5577417373424396
1.5575897203525528
1.5574138845549896
1.557347365655005
1.5572489073965698
1.557099446770735
1.556934991152957
1.5568505451083183
1.5566667354432866
1.5565567270386964
1.5564571536378935
1.5562542660627514
1.5562010429566726
1.5560634516878054
1.5559021808439866
1.5558413324179128
1.5556386306416243
1.5555761465802789
1.5553539048414677
1.5553110000910237
1.5550969523610547
1.555028406321071
1.5548966836649925
1.5547768078977242
1.5546390261733904
1.554476332035847
1.5543629006715491
1.5543226181762293
1.5541338139446452
1.554041663184762
1.553916888893582
1.5537500591017306
1.5536220837384462
1.5535342051880434
1.553339876118116
1.5532498378306627
1.5531965566333383
1.5530247135320678
1.5529370561707765
1.55277746822685
1.5526793303433806
1.552542992751114
1.5524625392863527
1.5522782015614212
1.5522077308269218
1.5520560275763273
1.551915776450187
1.5518070637481287
1.551716034882702
1.5516131080221385
1.5515026563080028
1.5513604952720925
1.5512124433880672
1.5511611073743552
1.5509703734423965
1.550833152839914
1.5506966554094106
1.5506865503266454
1.550500949146226
1.5504226561170071
1.5502820500405505
1.5501585798338056
1.5500506804091856
1.5499480939470232
1.5497979711508378
1.549643637263216
1.5496127960504964
1.5495001743547618
1.5493664793903008
1.5492873504990712
1.5491446929518133
1.5489924252033234
1.5489233875414357
1.5487928685033694
1.5486065447330475
1.548566103214398
1.5483811480225995
1.5483527783071622
1.5482392323901877
1.5481296132784337
1.5480215452844277
1.5479223518632352
1.5477773295715451
1.5476961745880544
1.5475140010239556
1.547477288520895
1.547335851821117
1.5472373362863436
1.5470889002317563
1.5470299205044284
1.5469183158129454
1.5468097060220316
1.5466387043707073
1.5465768380090594
1.5464105599094182
1.5463400474982336
1.5462544818874449
1.5461112734628841
1.5461122527485713
1.5459242839133367
1.545824975357391
1.54562364006415
1.5456063786987215
1.5454516436439008
1.545412085019052
1.545237251673825
1.5451287096366286
1.5450256753247231
1.5450020036660135
1.544832511455752
1.5447130436077714
1.5446521186968312
1.5445575374178588
1.5443495749495924
1.5443212920799851
1.5441475114785135
1.5441449548816308
1.5439945627003908
1.5438570389524102
1.5438085546484217
1.5436699267011136
1.5435311186593026
1.543406416894868
1.543284383835271
1.543220014194958
1.5431030419422314
1.5430329403607175
1.5428453377680853
1.5427589160390198
1.5426655394257978
1.5425681448541582
1.5424651419743896
1.542370187700726
1.5422940932912752
1.542151595465839
1.5419048417825252
1.541904736775905
1.5417883023619652
1.5416756767081097
1.5414916144218296
1.5414813741808757
1.541336542693898
1.5412438078783453
1.5411565273534507
1.5410166758811101
1.5409216549014673
1.5407762846443802
1.5406843447126448
1.5406350436387584
1.5404752468457446
1.5404103039763868
1.5403027364518493
1.5401497752172872
1.5399879353353754
1.539948139572516
1.539810943417251
1.5397126850439236
1.53963242971804
1.5395361568080261
1.5394552558427677
1.539251325884834
1.5392061033053324
1.5390665190061554
1.5389836262911558
1.5388899178942665
1.5388298586476594
1.5386784814763814
1.538579301792197
1.5384686531033367
1.5383484095800668
1.5382992333034053
1.5381363256601617
1.5380864231847227
1.5379380478989333
1.5378587875748053
1.5377785494783893
1.5377133360598236
1.5375577674712986
1.5374770922353491
1.5373986694030464
1.5373140955343843
1.5371502226917073
1.5371051842812449
1.537022590986453
1.536920606973581
1.536781214759685
1.5366928619332612
1.5366206695325673
1.5365865495987236
1.536358177778311
1.536332048708573
1.5362098765326664
1.5360909681767225
1.5360057833604515
1.535897808498703
1.5358177870512009
1.5356997164199129
1.535620644921437
1.535520805977285
1.5354358385084197
1.5352657734183595
1.5352360017132014
1.535109544871375
1.5349908089265227
1.534916554344818
1.5348168296040967
1.5347640931140631
1.5346816040109843
1.5346218437189236
1.5344418779714033
1.5343526634387672
1.5342607153579593
1.5342287875246257
1.5340125535149127
1.5340060613816604
1.5338568734005094
1.533833044813946
1.5336790893925354
1.5335940548684448
1.5334704712731764
1.5334024344338104
1.5333505058661103
1.5332069350406528
1.533170514041558
1.5330876775551587
1.5329147221054882
1.5327965936157852
1.5327859329991043
1.5326430317945778
1.5325544527731836
1.5324626957299188
1.5323783620260656
1.5322613416938111
1.5321420847903937
1.532074915478006
1.5319307000609115
1.5319600567454472
1.5318249167175964
1.5317533898632973
1.531643871567212
1.531531535787508
1.5314428940182552
1.531348270480521
1.5312465698225424
1.5311526289442554
1.5310889186803252
1.5309943415923044
1.530851068207994
1.530766015755944
1.530648240703158
1.5305909567978233
1.5304922128561884
1.5304392750840634
1.5303002548171207
1.530158007866703
1.5301378325093538
1.5300574866123497
1.5299560595303774
1.529844787553884
1.5297403706936166
1.529676342732273
1.5295668790349737
1.529487511375919
1.5293927130987868
1.5293146019103006
1.5292443532962352
1.5291545793879777
1.5290735963499174
1.5289634660584852
1.528910692431964
1.5287558929994702
1.5287429937161505
1.5285708492156118
1.528543972875923
1.5283987937727943
1.5283010960556567
1.528260512277484
1.5281387716531754
1.5281451671617106
1.5279930093092844
1.527907538576983
1.527828001882881
1.527769297012128
1.5276430810336024
1.5275142779573798
1.5275019059190527
1.5273507508682087
1.5272657823516056
1.5272048349725083
1.5271015043836087
1.5270334701053798
1.5269835245562717
1.5268517113290727
1.526767528615892
1.526739566004835
1.526562161045149
1.5265488564036787
1.5264055883744732
1.5263607545057312
1.5261965551180765
1.5261440842878073
1.5260010303463787
1.5258845285279676
1.5258934105513617
1.5258103165542707
1.5256848884746432
1.5255944509990513
1.5256023964611813
1.5254860668210313
1.525346837588586
1.5252774836262688
1.5252096876502037
1.5251526746433228
1.5250104441074654
1.524921473232098
1.5248125594807789
1.5247309752739966
1.5246529747964814
1.5246018843026832
1.524512635776773
1.5243871001293883
1.5243350013624877
1.5242534736171365
1.5241609900258482
1.5240490905707702
1.5240038783522323
1.523917555809021
1.523849557270296
1.523794514941983
1.523627206333913
1.5234509891597554
1.5235191297251731
1.5233483696356416
1.523274682695046
1.5232284765224904
1.523158886935562
1.5229350363370031
1.5228794072754681
1.522873384761624
1.5227091383421794
1.52262365934439
1.5226065227761865
1.5225003216182813
1.5224033882841468
1.5223018432734534
1.5222621542634442
1.5221306019229814
1.522039566305466
1.5219185437308624
1.5218352407682687
1.5217947505880147
1.5216739955358207
1.5216167120961472
1.5214955905685201
1.5214715956244618
1.5213509063469246
1.5211236719042063
1.5211083987960592
1.521054725162685
1.5210026149870828
1.52087246614974
1.520781081286259
1.5207264348864555
1.520622853655368
1.5205033351667225
1.5204765773378313
1.5202936668647453
1.520221413578838
1.5200750686926767
1.520007275044918
1.5198399891378358
1.5197085397085175
1.5196671523153782
1.519663428538479
1.5195002264808863
1.5194359910674393
1.5193209007848054
1.5191996255889535
1.519171288004145
1.5190599334891886
1.5189875405048952
1.5189214667771012
1.5187341831624508
1.5187361921416596
1.5186444248538464
1.5185685047181323
1.5185036674374714
1.5183204878121614
1.5182390490081161
1.5181838353164494
1.518060426111333
1.5180157590657473
1.5179471741430461
1.517880993313156
1.517786196549423
1.5177394236670807
1.5175782855367288
1.5174751934828237
1.5174568487564102
1.5173628006596118
1.5172984228702262
1.5171922569861636
1.517057252698578
1.5169786220649257
1.5169498934410512
1.5168075626716018
1.516831326065585
1.5166856263531372
1.5165504092583433
1.5165225573582575
1.516424925881438
1.5163700339617208
1.5162469015922397
1.5161993523361161
1.5160935083404183
1.516033812891692
1.5159526659408584
1.5158158069243655
1.5157652392517775
1.5157042973442003
1.5156436782563105
1.5155438735382631
1.5154161687241867
1.515326396562159
1.515230456017889
1.5151854566065595
1.515129588660784
1.5149574102833867
1.5148654975928366
1.5147897741990164
1.514710531453602
1.5146202456671745
1.5145154829369858
1.5144386300817132
1.5144303713459522
1.5143146649934351
1.5142626581946388
1.5141613549785689
1.5140689557883888
1.513948807376437
1.513912273105234
1.5138675381895155
1.513711859472096
1.513608536683023
1.5135119843762368
1.5134472090285271
1.5134247113019228
1.513238248997368
1.513115084846504
1.5130720871966332
1.5130027413833886
1.512870510458015
1.5128541014855728
1.5127645285101607
1.5126512865535915
1.5125889999326319
1.512459427700378
1.5123629891313612
1.5122467586770654
1.5122008790494874
1.5121185722528026
1.5120131759904325
1.511961568146944
1.5118232103995979
1.5117410979000852
1.5116510610096157
1.5115499383537099
1.511504374211654
1.5113702855305746
1.5113280223449692
1.511144352494739
1.5110852017533034
1.5111148802097887
1.5109104096191004
1.5108804089250043
1.5107665058458224
1.510696594719775
1.5105623902054504
1.510484920348972
1.5104258003411815
1.510299856425263
1.510209001484327
1.5101334971841425
1.5100175082916394
1.5099352375837043
1.5097810678416863
1.5097598016727716
1.509627740830183
1.5095595582388341
1.5094307335093617
1.5092725430149585
1.5092456594575197
1.5092008527135476
1.509030485409312
1.5089460683520883
1.5089043234474957
1.5087880630744621
1.508695395779796
1.5086284267017618
1.508502772077918
1.5083812569500878
1.5083182158414274
1.508294321829453
1.5082529007922858
1.5082216653972864
1.5080849404912442
1.5080018950393423
1.5079407312441617
1.507854844094254
1.5075923295225948
1.507559931022115
1.5075078558875248
1.5073950201040134
1.5072646256303415
1.5072309375973418
1.5071339762071148
1.5069684003246948
1.5069406658876687
1.5068274671211839
1.5068052778951824
1.5066748881945387
1.5065538672497496
1.5064433404477313
1.5063999972771853
1.5063024978153408
1.506226891768165
1.5061167001258582
1.5060656414134428
1.5059245955199003
1.505835933960043
1.505771969561465
1.505689192796126
1.5055432475637645
1.505478479200974
1.5053748417412862
1.5052541201002896
1.5051751889986917
1.5050798825686797
1.5049737767549232
1.5048952016513795
1.5046864418545738
1.5047195432707667
1.5045985350152478
1.5045136229600757
1.5044330023229122
1.5043338336981833
1.504265156807378
1.5040785511955619
1.5040470631793141
1.50391391874291
1.5038780533941463
1.5038222048897296
1.5037120920605958
1.5035534952767193
1.503500625374727
1.5034766130847856
1.5033179194433615
1.503173892153427
1.50310565775726
1.5030307432170957
1.5029408565023914
1.5028141983784735
1.5027405422879383
1.5026321152690798
1.5025979361962527
1.502517264103517
1.5023644815664738
1.502279715728946
1.5022641683463007
1.5020440525840968
1.5020598550327122
1.5019469235558063
1.501869221450761
1.5016996109625325
1.501697717467323
1.5016751661896706
1.5015229873824865
1.5014519931282848
1.5013239356921986
1.5011788423871621
1.5011223420733586
1.5010084328241646
1.5007708433549851
1.5008574051316828
1.5007006196537986
1.500668418011628
1.5006390727357939
1.5005096870008856
1.5004226660821587
1.5002452104818076
1.5001937022898346
1.5001447546528652
1.500005917972885
1.4999347114935517
1.499838025541976
1.4998052653390914
1.4996196719584987
1.4996068637119606
1.499462300678715
1.499373413156718
1.4992512305034325
1.4991922844201326
1.4990043627331033
1.4989787560189143
1.4989128577290103
1.4987855094950646
1.4986994485370815
1.4986164891161025
1.4984878626419231
1.4983703375328332
1.4983439634088427
1.4982217802898958
1.4981260458007455
1.4980377703905106
1.4979805058101192
1.497865648707375
1.4977721211034805
1.4976254092762247
1.4974952397169545
1.497454289579764
1.497397719998844
1.497244544676505
1.4972518319264054
1.497148509370163
1.4970181154785678
1.497008022852242
1.4969399323454127
1.4968561640707776
1.496766678756103
1.4966425448656082
1.4965526362648234
1.4964546122355387
1.4963758701924235
1.496327831526287
1.4961676622042432
1.4961392189143226
1.4959678946761414
1.4959627290954813
1.495829783496447
1.4957540155155584
1.495631969650276
1.4955493923043832
1.495447946479544
1.4953309744596481
1.4953354529570788
1.4952477430924773
1.4951423505553976
1.4950224400963634
1.494955642032437
1.4948876013513654
1.4948076769942418
1.4947160565061495
1.4946051195729524
1.4944980575237423
1.494404120137915
1.494326214888133
1.494196679093875
1.4941961670992896
1.4941103450255468
1.4940202452708036
1.4939449403900653
1.4938968650531024
1.493752589682117
1.4936928888782859
1.4936196107883006
1.493527363985777
1.4934063225518912
1.4932400266407058
1.4932302427478135
1.4931527859298512
1.4930574710015208
1.493057259474881
1.4928609784692526
1.492682700860314
1.4928024698747322
1.4927483004285023
1.49258075049147
1.4924397668801248
1.4923856641398743
1.4923021737486124
1.4922036366770044
1.4921283473959193
1.4920164864743128
1.4920313084730878
1.491948585724458
1.4917545344214886
1.491746669402346
1.4916987261967734
1.4915807967772707
1.491450065979734
1.4913510171463713
1.4913447101134807
1.4911691431188956
1.4911728034494445
1.4910555231617764
1.4910479619866237
1.4909189774189144
1.4908399779815227
1.4906747321365401
1.4906882798532024
1.490541091421619
1.4905225822003558
1.490322827361524
1.4903307419735938
1.4901678308378905
1.4901781943626702
1.4901318801566958
1.489971968345344
1.4899994569132105
1.4898886675946414
1.489776185597293
1.4896706097060814
1.489505950245075
1.4895246089436114
1.4893835245165974
1.489297566236928
1.489207779057324
1.4892675135051832
1.4891636074753478
1.4889277733163908
1.48899475322105
1.4889179571764544
1.4888160225236788
1.488733888603747
1.48864773043897
1.4886507994960994
1.4884934442816302
1.4884626389248297
1.4883907716721296
1.4882655342807993
1.4882163621950895
1.4881074917502701
1.4880920961732045
1.4880361090181395
1.487873193458654
1.4877758395159617
1.4877081322483718
1.4876131762284786
1.4875223123235628
1.4875716781243682
1.487415523501113
1.4873047968139872
1.4872377420542762
1.4872607920551673
1.4870400232030079
1.486993764177896
1.4870077582309023
1.4868898377753794
1.4867694221902639
1.4865894502727315
1.4866318362765014
1.4865676691988483
1.4864803702803329
1.4864691892871633
1.4863377768779173
1.4862636754987761
1.4862189064733684
1.4860705130267888
1.4860238849651068
1.4859560186741874
1.4859312968328595
1.4858197945868596
1.4857749316142872
1.4857303743483499
1.4856271764729172
1.485521241906099
1.4854508847929537
1.4853946645744145
1.4852709674742073
1.4852939662523568
1.4851991118630394
1.48515228217002
1.4849812994943932
1.484948180266656
1.4848956811474636
1.4847395166289061
1.4847170672146603
1.4846353291068226
1.4845793871209025
1.4845171939814463
1.4843962726881728
1.484412289224565
1.4842871675500646
1.4842386819655076
1.4841137062758207
1.4840264160884544
1.4840691180434078
1.4839471963932738
1.483873328892514
1.4839262345340103
1.4837620216421783
1.4837689697742462
1.4835777543485165
1.4834610763937235
1.4833751405822113
1.4834231364075094
1.4833088731393218
1.4832518842304125
1.4832545191748068
1.4830664169276133
1.4831160483881831
1.4829736553365365
1.4828932642703876
1.4829125687247142
1.482849049847573
1.4828000436536968
1.4826924841618165
1.482680718996562
1.4825143880443648
1.4824317758902907
1.4823921379866078
1.4823395642451942
1.482260997639969
1.482146229594946
1.4821467046858743
1.4820578302023932
1.481933551025577
1.4819455756805837
1.4817462200298905
1.4818129673367366
1.4816705961711705
1.4817026781383902
1.4816064892802387
1.4815298191970214
1.4814933788729832
1.4814196228981018
1.4813878021668643
1.4812491794582456
1.4811547563876957
1.4811144468840212
1.4811096993507817
1.4809273603605106
1.4809217840665951
1.4808742010500282
1.4807917304569855
1.4807325906585902
1.4806507445173338
1.4805017138132825
1.480599365546368
1.4805403931532055
1.4804315232904628
1.4803041003178805
1.4803582289023325
1.480281836236827
1.4801692996406928
1.480096124461852
1.4800675930455327
1.4799570003524423
1.4799585366854444
1.4798809216590598
1.4798523756908253
1.479698971263133
1.4797454584622756
1.4795522415079176
1.4795386912301183
1.479480019537732
1.4794074615929276
1.4793427182594314
1.4792901787441224
1.4792926120571792
1.4791983721079305
1.4790837863693014
1.4790790810948238
1.4790107476292178
1.4788911195937544
1.4788753461325541
1.4787556901574135
1.4787917357170954
1.4787057044450194
1.4785935234976932
1.4786162485834211
1.4784771734848619
1.4784614759264514
1.478383586741984
1.4782975232228637
1.4782599285244942
1.478161538601853
1.4781483858823776
1.4780602825339884
1.4780862467596307
1.4779416135279462
1.4779967057984322
1.477946934523061
1.4778411005390808
1.4778141571441665
1.4776940796291456
1.47761650220491
1.4776316075585783
1.4774393716361374
1.4772921951953322
1.4774697410175577
1.4773555070860311
1.4772881077369675
1.4771343903848901
1.477140510105528
1.477077970164828
1.4770984922070056
1.4770306845894083
1.4769735485315323
1.4768578852526844
1.4768404419301078
1.4768018170725554
1.4767252268502489
1.476538090617396
1.4765959494980052
1.4765537991188467
1.4764824316371232
1.47644362016581
1.4764485686318949
1.4762687478214502
1.4761663284152746
1.476194021757692
1.4761312894988805
1.4761325392173603
1.476055660750717
1.475963806034997
1.4759223944274709
1.4758402217412367
1.475838214973919
1.4757746508112177
1.4757694294676185
1.475694508641027
1.4755669080186635
1.4756044767564163
1.4753879354102537
1.4753658436238766
1.4754971547517926
1.4754479376133531
1.4752886011265218
1.4752055287826806
1.4751537190750241
1.475109152495861
1.4750757993897423
1.4750245328759775
1.4750619133701548
1.4748049546033144
1.4748171044047922
1.474783660378307
1.4748133717803285
1.4747076462954283
1.4746913195122033
1.4746515528531745
1.4746004707412794
1.4745949156349525
1.4744356211740524
1.474331286852248
1.4742927432525903
1.4743435254786164
1.4742451809579507
1.4742879312252626
1.4741427471162751
1.4741333690471947
1.4740436327410862
1.4740148950368166
1.4739931866060942
1.4739264079835266
1.4738610356580466
1.4738608575426042
1.4738191266078502
1.4737435521092266
1.4737054912839085
1.4735867865383625
1.4735952235059813
1.473603792488575
1.4735541038680822
1.4734425502829254
1.4734373131068423
1.4733894924866036
1.4733803283888847
1.4732025762787089
1.4731847209623083
1.4731729162158445
1.4731275931699201
1.4729220207082108
1.4731344885658473
1.4729544185101986
1.4729486905271187
1.4729106314480305
1.4727839509723708
1.472720695543103
1.4728045950178057
1.4726760854246095
1.4726466288557276
1.472565937321633
1.4724731118185446
1.4725487803807482
1.4722585927229375
1.4724551560357213
1.47233304544352
1.4723295627627522
1.472303626826033
1.4722518022172153
1.472239715163596
1.472171743400395
1.4721889010397717
1.4720397607889026
1.4720176757546142
1.4719898133771494
1.4718961836770177
1.4718334111385047
1.4717906628502533
1.4718326934380457
1.4715780371334404
1.47171236644499
1.4716377391014248
1.4716567216673866
1.4716029533883557
1.471557961194776
1.4715306271100417
1.4714314951561391
1.47144620353356
1.4714061643462628
1.4712777996901423
1.4711914280196652
1.4712759888498113
1.4711260967887938
1.4711179689038545
1.4711036171065643
1.4710587143199518
1.4711090419441462
1.470964187872596
1.4709201850928366
1.4708672147244215
1.470746895764023
1.4708185291383415
1.4707752139074728
1.4707067961571738
1.4706594015005976
1.4706540699116886
1.470621477230452
1.4705232491251081
1.4706381295109168
1.4704905702965334
1.470461797900498
1.4704000741476193
1.4703359993873164
1.4703392271185294
1.4701632778160274
1.4703192173037678
1.470220537041314
1.470169572508894
1.47016671160236
1.4701085671549663
1.470122133148834
1.4699261139612645
1.4699503999436274
1.4698622681898996
1.4699262864887714
1.4697725598234683
1.4697335322853178
1.4697530645644292
1.4697173580061644
1.4697109833359718
1.46969538833946
1.46965765603818
1.4695348533568904
1.4695988891180605
1.4695419928757474
1.469424425275065
1.4694231287576258
1.4693076144903898
1.4692985854344442
1.469171709031798
1.4692201308207586
1.469237636309117
1.4692419342463836
1.4691226641880348
1.4690819552633911
1.4690160696627572
1.4690750697627664
1.4689408821286634
1.468977918033488
1.4689322203630581
1.4688752802321687
1.4688322045840323
1.4687406377634034
1.46878803439904
1.468773820088245
1.4686689140507951
1.4685903824865818
1.468614092329517
1.468612563679926
1.4685772584052756
1.4685213905759156
1.4685034352587536
1.468438234180212
1.4684556766878814
1.4684456462273374
1.4683487202273682
1.4682569426950067
1.468226087396033
1.4682270460762084
1.4682104139355943
1.4682039701147005
1.4680728153325617
1.467987526790239
1.468013547011651
1.4680190114304423
1.4680135243106633
1.4679547816049308
1.4679119231877849
1.4678744082339108
1.4678427266189829
1.4678359148092568
1.467780090519227
1.467684645904228
1.4677030160091817
1.4675920172594488
1.4676585539709777
1.4676031096605584
1.4675322495168075
1.4675247814739123
1.4674730931874365
1.4674388659186661
1.467373011750169
1.4673648002790287
1.467320243944414
1.4672552502015606
1.4672717871144414
1.4671826235717162
1.4672726307762787
1.4671082715503871
1.4673851397819817
1.467137623229064
1.4671206240309402
1.467086440534331
1.466938873869367
1.4669549237005413
1.4668758522020653
1.4668719702167436
1.4668658189475536
1.4668507485184819
1.466752365231514
1.466793656698428
1.466697443393059
1.4667119154473767
1.466693483875133
1.4666484943591058
1.4665486918529496
1.4666076878784224
1.466596313402988
1.4664797878358513
1.4663453684188426
1.4664415093138814
1.4663046152563766
1.466319675790146
1.4663882110035047
1.466088904067874
1.466309695970267
1.4662617306457832
1.4661692415829748
1.46619365864899
1.4662193026160821
1.466116408468224
1.466076836339198
1.4659830927848816
1.466052723233588
1.465964623261243
1.4659761561779305
1.4658698773710057
1.4658713480457664
1.4657758151879534
1.4658672793302685
1.465764663182199
1.4657493712147698
1.465724239940755
1.465665380237624
1.4656329229474068
1.4656365538248792
1.4655815720325336
1.4655879706842825
1.4655019448837265
1.4655041059013456
1.4654562626965344
1.4652970030438155
1.4654337741667405
1.4653659373288974
1.46529338194523
1.4652936949860305
1.4653252817224711
1.465257016243413
1.4651174740865827
1.4651834331452847
1.4650809805607423
1.4651650284649804
1.4651190879521891
1.465042629512027
1.4650980262085795
1.4649437057087198
1.4649289677618071
1.4647538466379046
1.4649354100693017
1.4649327023653314
1.4648294743383303
1.4648398811696097
1.4647735501639545
1.464848151197657
1.4646256265696138
1.4647162426263094
1.4646552422782406
1.4646098884986714
1.4645948173711076
1.4645233587361872
1.464493726613
1.464517218642868
1.4645262511912733
1.4644164593191817
1.4644413648638874
1.4643690284574404
1.464393644593656
1.4644303433597088
1.464282821281813
1.464234959683381
1.4642421844182536
1.4641205191146582
1.4642055372241884
1.4642364642350003
1.4641446962486953
1.4641858126269653
1.4640775724546984
1.4640652232337743
1.4640142208663747
1.4640773098217323
1.46396078763064
1.4639745911117643
1.4639699815306813
1.4639748845947906
1.4638187253149226
1.4638319107471034
1.4637287356890738
1.4638532715616748
1.4637682171305642
1.4637915570056066
1.4636337383417413
1.4636074576992542
1.463558919262141
1.4635933198733255
1.4635693181771785
1.463470627204515
1.463432150427252
1.4635141600156203
1.4634777173632756
1.463427612441592
1.4634244370972738
1.46332966175396
1.463420954416506
1.4633022198686376
1.4633230027975515
1.4632464873138815
1.46323843637947
1.463209060835652
1.4632407933240756
1.463185025146231
1.4631800763309002
1.4630937882466242
1.4630844906205311
1.4629844699520618
1.4629777031950653
1.4629619873594493
1.463001806056127
1.4630045683588833
1.4629632016876712
1.4627581771928817
1.4629196494352072
1.4629083246691152
1.4628081896807998
1.462794049992226
1.4628389608114958
1.4627082776278257
1.4626273462781683
1.4627513323212042
1.4625694166170433
1.4626404185546562
1.4625494583742693
1.4625287001254037
1.4625207553617656
1.4625032942276448
1.4624808917287737
1.4624887752579525
1.4624100595247
1.4624563436955214
1.4622852782486007
1.4623138055903837
1.4623913115356117
1.462259680381976
1.4622651224490255
1.4621996453497559
1.4621877202298492
1.4621575933415443
1.4621380805037916
1.4620564875658602
1.4621089049614966
1.4620967685477808
1.4621271170908585
1.4620367895113304
1.46206519077532
1.4620085131609812
1.46193557290826
1.4618751951493323
1.4619805336697027
1.4618263057200238
1.4618290502112359
1.4618482147343457
1.4618856066372246
1.4617969429818913
1.4617834273958579
1.461710267700255
1.4617541941115633
1.4617612219881266
1.4616783322999254
1.4615388175006956
1.4616095297969878
1.461587862111628
1.4615256761899218
1.4616010033059865
1.461512295762077
1.4615173004567623
1.4614393388619646
1.4613792846212164
1.4613939702976495
1.461332986713387
1.4614092719275504
1.4614063308108598
1.4612412137212232
1.4612884941743687
1.461259285453707
1.4611809925409034
1.4612188894534484
1.4610716520110145
1.461137849604711
1.461149579146877
1.4611278380034491
1.4610813561594114
1.4610397994983941
1.461044349707663
1.4610190350795165
1.4610508957412094
1.4608881484018639
1.4609824172221124
1.4608701954130083
1.4608700588578358
1.4608843569876626
1.4607654142891988
1.4608751203631982
1.4607463462743908
1.4608734725043178
1.4607526389881968
1.4605508061358705
1.4605718532111496
1.4607024050783366
1.4607621856266633
1.460640333010815
1.4605805551400408
1.46055456076283
1.4606752141844481
1.4604870033217594
1.4605164270615205
1.460445479140617
1.4604641742771491
1.460425375844352
1.4602239188970998
1.460369354346767
1.460358614451252
1.4603445375105366
1.4603602822171524
1.4602988032856956
1.460216985316947
1.4602466168580577
1.4602534740697592
1.4601067552575842
1.4600867111003026
1.4601535436231643
1.4601538518909365
1.4600827143294737
1.4601287486730143
1.4600993185304105
1.4599468417000026
1.4598848584573716
1.4600403278600425
1.4599604380782694
1.4599405778571963
1.4599158592754975
1.4599482709309086
1.4598987640347332
1.459735287586227
1.4598363058175892
1.4598796744830906
1.459849544102326
1.459750925656408
1.4597025059629232
1.4597335677826777
1.4597475677728653
1.4595952272647992
1.459720547311008
1.459631394711323
1.4595872602658346
1.4595441698329523
1.4595915238605812
1.459514563321136
1.4594872350571677
1.4593835849082097
1.4594736559083685
1.4594709544908255
1.4594444828107953
1.4594947596779093
1.4593681412516162
1.4593156470218673
1.4594136679079384
1.4593902399064973
1.4592681679641828
1.459265087847598
1.4592035587411374
1.4592643985524774
1.459154151380062
1.4591713199624792
1.4591436970513314
1.4591107959859073
1.458980924449861
1.459035623818636
1.4590022579068318
1.458972055115737
1.4590531244175509
1.459039714303799
1.4589920113794506
1.4589026443427429
1.4588966934243217
1.4588576823007315
1.4588743194472045
1.458823470515199
1.4589336421340704
1.4588499624514952
1.4586887211771682
1.4587014133576304
1.45877912605647
1.4586751440074295
1.4585598492994905
1.4586151527473703
1.4586409848416224
1.4585813713492826
1.4586416125530377
1.4585955060319975
1.4584989214781672
1.4586454561213031
1.458523305482231
1.4583791091572493
1.4584192197071388
1.458448258927092
1.4584792454261333
1.4583994979038835
1.4584017483284697
1.45841890363954
1.4583420387934893
1.458381665754132
1.4583325324347243
1.4581901330966502
1.4582746177911758
1.4583067748462781
1.4581759866559878
1.458170451107435
1.4582102143904194
1.4581237244419754
1.4581787870265543
1.4580556733999401
1.4580575842410326
1.458078402793035
1.4579657573485747
1.4578732000663877
1.4579385643592104
1.4578974582254887
1.4579081340925768
1.457918065134436
1.4579339293995872
1.4578625273425132
1.4578970690490678
1.457808665232733
1.4578382964245975
1.4578242866555229
1.4576312866993248
1.457817907561548
1.457746620522812
1.4577686169650406
1.4576884175185114
1.4576823698589578
1.4576798329362646
1.4575852942653
1.4576325406087562
1.4575789497466758
1.457595077343285
1.457409076858312
1.4574708053842187
1.4574077068828046
1.4575079142814502
1.4574191002175212
1.4575119444634765
1.457394486758858
1.4574065898777917
1.4573138887062669
1.4573307931423187
1.457341898814775
1.4573900095419958
1.457322066416964
1.4572939107893035
1.4572132423054427
1.4572030872805044
1.4571665016701445
1.4571223589591682
1.457109899376519
1.457203916623257
1.4571394361555576
1.4570884904824197
1.4570754083106294
1.4569609506288543
1.457032832200639
1.4570385601837188
1.4570227361982688
1.4570010426687077
1.456945039681159
1.4568484810879454
1.4568657235940918
1.4570085117593408
1.4567952405195683
1.4568721309769899
1.4567900382680818
1.4568115430884063
1.4567645952338353
1.456798165338114
1.4566592093324289
1.456562427105382
1.4566984109114856
1.4566760015441105
1.4566594006028026
1.4566471627913415
1.4566713946405798
1.4565961881307885
1.4565496210707352
1.4565799793927
1.4565221520606428
1.4564465899020433
1.4564624327467754
1.4564866907894611
1.4563729958608747
1.4563958395738155
1.4564002946717665
1.4563539219088852
1.4564077603863552
1.4562668045982718
1.4563446604879573
1.4563463316299021
1.4562184570822865
1.4561748447595164
1.4562402775045484
1.4561980095459148
1.4563283416209742
1.4561836577486247
1.456183850998059
1.4560215051751584
1.4561870758188888
1.4560948390280828
1.4560373194981366
1.4559932114789262
1.4560157998930663
1.4559726755833253
1.4560269146459177
1.4559442206518725
1.4559126103995368
1.4559919969178736
1.4559350518975407
1.4558412485057488
1.4558420783141628
1.45589671342168
1.4557099494850263
1.455785943660885
1.4556873098481447
1.455827814526856
1.4557144546415657
1.455736987059936
1.4557765872450545
1.4557446249527857
1.455664552282542
1.455623261979781
1.4556610826402903
1.4554681880399585
1.4557358126621693
1.4556316894013435
1.4554160243133083
1.4554840236669406
1.4555066274479032
1.4555277085164562
1.455417268560268
1.4554722838802263
1.4554736871505156
1.4555223629577085
1.4553224327974021
1.4551981842378154
1.4552410489413887
1.4553547442192212
1.4552729817805812
1.4552553149405867
1.4552698251791298
1.455319513217546
1.455266969744116
1.4552010699408129
1.4552712632576004
1.4551534981001168
1.4550987428519875
1.45513661717996
1.455109309987165
1.4550652325851843
1.4549828307935968
1.4549692381406203
1.4550468439701945
1.4550022053299472
1.4548854320310056
1.4550253030611202
1.4549804797861725
1.45496077707503
1.4549833595519885
1.4547691927291453
1.4548709274968132
1.4549470194615424
1.454876521253027
1.454756960272789
1.4547664789715782
1.4548463233513758
1.4548098624218255
1.4546999534359202
1.4546929132193327
1.454677765374072
1.4546760760713369
1.454619817319326
1.4546350669115782
1.4547286428278312
1.454571224632673
1.4546414030482993
1.4545235282275826
1.4546235993038863
1.4544263258576393
1.4544322123983875
1.4545433801831678
1.4544975325698033
1.4544642057735473
1.4544978581834584
1.4543781246757135
1.4544214418856427
1.4543323437683284
1.4542324845679104
1.4543950413353741
1.454385146847926
1.4543111830716953
1.4543174267746508
1.4542966454755515
1.4541908664396033
1.4541378178400919
1.454226272413507
1.454227986978367
1.454164557158947
1.4540946563938633
1.4540143553167582
1.4541455163853243
1.4540661941282451
1.454109809244983
1.4540066766785458
1.453924159752205
1.4540632067946717
1.453947711037472
1.4539257830474526
1.4538866844959557
1.4539364936063066
1.453860143548809
1.453891817596741
1.4538691417546943
1.4537576589500532
1.453774242545478
1.4539455918129534
1.4538379334844649
1.4538689603796229
1.4537060073344037
1.4536879353690892
1.4536777478642762
1.453749938053079
1.4536118331598118
1.4536787351826206
1.4536650404334068
1.4536151487845927
1.453578507527709
1.4535417258739471
1.4535701230634004
1.453497254755348
1.4536854077596217
1.4535690516931936
1.4535182119579986
1.4534417546819896
1.453431952279061
1.4534952352987602
1.453441759920679
1.4533699618186802
1.4534094375558197
1.4533426428679377
1.4534510960802436
1.4533540591364726
1.453354335273616
1.4532721237046644
1.4532767677446827
1.453247455880046
1.45318770094309
1.4532495974563062
1.4532028302783147
1.453204202465713
1.4530652748653665
1.4531664599198848
1.453059584600851
1.4530931571498513
1.453111347160302
1.4531379560939968
1.4530948596075177
1.4529976833146065
1.453094822820276
1.4529507855186239
1.4529964220710099
1.4530203657923266
1.4529480540659279
1.4530320800840855
1.4528872600058094
1.4528875931864604
1.4529035735176876
1.4528602357022464
1.4528068481013179
1.4529068260453641
1.4528372106142342
1.4527911773184314
1.4527240716852248
1.4526163719128817
1.4525644932873547
1.4528561609331518
1.4527177393902093
1.4526990742888302
1.452758365077898
1.4527757037431002
1.452750891330652
1.45267267501913
1.4527143683517352
1.4526720271678641
1.4525746171129867
1.452618258423172
1.4524844277184457
1.4526431155391037
1.4524738451000303
1.4525032909587026
1.4523380239261314
1.4524676975561306
1.4524276808369905
1.4523478011833504
1.4524193473625928
1.4522518719313666
1.4522417548578233
1.4523367421934381
1.4522744747810066
1.4521799185313284
1.4523177404189482
1.452273533330299
1.4521497526438907
1.4521629286464304
1.4521662349579856
1.4520644133444875
1.4520762953907251
1.4520370016107336
1.4520357934525236
1.4521823431132361
1.452072564396076
1.4520297513809055
1.4520493857562542
1.452101984876208
1.4520298932911828
1.4519397875992581
1.4519806874450296
1.4518992096418515
1.4519248642027378
1.4519165670499206
1.4519380397396162
1.4518022338161245
1.4518651743419468
1.451858784421347
1.451803590869531
1.4516911698738113
1.4517743909964338
1.4517518680077046
1.4517420498887077
1.4517851623240858
1.4515747885452583
1.4517154913628474
1.4515643956838176
1.4516230499139056
1.4515390511369333
1.4515576597768813
1.4515709194820374
1.4514513068133965
1.4515179317677394
1.451561352587305
1.4516037818975747
1.4514948206488043
1.451434969319962
1.4514839082257822
1.4513730254257098
1.4514399096369743
1.451520383125171
1.4514223971636966
1.4512868791352957
1.4513725008582696
1.4513488344382495
1.4513972587883472
1.4512139116413891
1.4512818671064451
1.4511295113479719
1.4512450054753572
1.4512724402593449
1.4512005916330963
1.451108471257612
1.4512583595933393
1.4511970670428127
1.4510332359932363
1.4511120413662866
1.4512188194785267
1.4510714801726863
1.4509718604385853
1.451118141761981
1.4510204443940893
1.4510375960962847
1.4509603373007849
1.4511074558831751
1.450935473665595
1.4509355038171634
1.4509397580986843
1.450934489723295
1.4508456356124952
1.4508881067158654
1.4508877465268597
1.45078704750631
1.450764340115711
1.4508621852146462
1.4508286885684356
1.4507730065379292
1.4507044594502077
1.4507302383426577
1.4507529197726399
1.4507417610147968
1.4506878916872665
1.4506342369131744
1.4507402308518067
1.4504905368667096
1.450527018867433
1.4506000260589644
1.4505794293945655
1.450715541956015
1.4505952780600637
1.4505915705813095
1.450619971146807
1.4505260802106932
1.450542479986325
1.4505905400728807
1.4505371592240408
1.4505055277841166
1.450406285119243
1.4504240188980475
1.4503632844425738
1.4503968076314777
1.4503987112548202
1.450365073978901
1.4502650930080563
1.4502515097847208
1.4502059697406366
1.45015586190857
1.4502671104855835
1.4502465582918376
1.4503483795560896
1.4502318729646504
1.4500814076745883
1.450219263555482
1.4501792617375031
1.4501238649245352
1.4501449840608984
1.4501125930109993
1.4499635454267263
1.4500248339027166
1.4500136605929583
1.4501515934243798
1.4499798467149958
1.449932676856406
1.4500407677842304
1.4499981025001034
1.4499659227440134
1.4500004386063665
1.4499999840045348
1.4498612129827961
1.4498558943159878
1.4498985424870625
1.4498283418361098
1.449908557580784
1.4498338642297313
1.4498185296542943
1.4497130180243403
1.449922300875187
1.4498662867117673
1.4497911108192056
1.4496818953193724
1.4498712038621306
1.4496722302865237
1.4496008877176791
1.449685069033876
1.4496725272620097
1.4496485398849472
1.4496473881881684
1.4496934375492856
1.4496025772532448
1.4495663869893178
1.4495903552742675
1.449491008068435
1.4495427903020754
1.4495935118757188
1.4494897795375437
1.4494584884960204
1.4495602456154302
1.4495431286050007
1.4494682819349691
1.449395869858563
1.4494669245323166
1.4493877157801762
1.4493265872588381
1.4492661498952657
1.4493601844878867
1.4493258477887139
1.4493379077175632
1.4492537354817614
1.4491722856182605
1.4493730639806017
1.4492961961077526
1.4491941350279376
1.4491867021424696
1.449200728093274
1.4492003821069375
1.4490793942240998
1.4490337979514152
1.4490971049526706
1.4491364869754761
1.449059862527065
1.4491188259562477
1.4490930996835232
1.4489641935797408
1.448903685202822
1.4490516859805211
1.449027911759913
1.4489745821338147
1.4490373816806823
1.449015683378093
1.4489110531285405
1.4489836079301313
1.4489696614909917
1.4487904688576236
1.4488439406268299
1.4489163341931999
1.4487819623900577
1.4488783426349983
1.448792064213194
1.4488664190284908
1.448804203653708
1.4489713766379282
1.448866065009497
1.4488972156541422
1.4488931986270472
1.4488797100493684
1.4489337009144947
1.4489058033796027
1.4488647524267435
1.4488160795299336
1.4486742886947468
1.4486298047704622
1.4485751824686304
1.448562701116316
1.4486151464516297
1.44852362817619
1.4486035391455516
1.4485101900063455
1.4485270117875189
1.4486132591264322
1.4483974870527163
1.448558221803978
1.4484236126299948
1.4484538851538673
1.4483421053737402
1.4484567292965949
1.4484296614537016
1.4482729384908453
1.4483416769653559
1.4483525741379708
1.4483380181482062
1.4483347344212234
1.4482363199349493
1.4482911326922476
1.4482474512187764
1.4481675919378176
1.4483719604322687
1.4481738561298698
1.4481153631350026
1.4481928973691538
1.448237620294094
1.4481657446594909
1.4480730744544417
1.448280462762341
1.4482941889436916
1.448244525352493
1.4480570030864328
1.4480752465315163
1.4480625321157277
1.4480626191943884
1.4479991701664403
1.4480938428314403
1.4480876801535487
1.4481103175785393
1.4480666142189875
1.4480711517389864
1.4479984063655138
1.44803072581999
1.4480515398317948
1.4478580232243985
1.44781998754479
1.4478324770461768
1.4478700903709978
1.4478302552597597
1.4478308499092236
1.447849755990319
1.4477668826002628
1.4476906007621437
1.447659889003262
1.4477261523716152
1.4475656100548804
1.4476834835950285
1.447578829829581
1.4476188480621204
1.4477080969372764
1.4475625159684569
1.4476520523894578
1.4475825402187183
1.4475763934897259
1.4475893678609282
1.4475462265545502
1.4474669452756643
1.4475090185878798
1.4474041261710227
1.4474336509592831
1.4475060092518106
1.4474154124036431
1.4474909456912428
1.447316107340157
1.4473965495126322
1.4473512466065586
1.4473846829496324
1.4473537426674739
1.4474251815117896
1.4474697060650215
1.44736531493254
1.4473211378790438
1.447211406659335
1.4473026300547644
1.4471942924428731
1.4472877650987357
1.447260064072907
1.4473699955269694
1.4471243539592251
1.4471441933419555
1.4469728430267423
1.4472218449227512
1.447055695578456
1.4470101207261905
1.4469783890526742
1.4471975648775697
1.4470783537253737
1.4471337988507003
1.4470410739304498
1.4470896802376956
1.4470083197811618
1.4470607604598626
1.4470132519491017
1.4470412320224568
1.4471107955323532
1.446862846147269
1.446997498627752
1.4468459011986852
1.4468089886941016
1.4468743840698153
1.4469210017705336
1.4467314144130796
1.4468160012038425
1.446874050074257
1.4467072770930827
1.446871223160997
1.446781370206736
1.4467243875842541
1.446699996944517
1.446745875873603
1.4467380279675126
1.446619515772909
1.4466603175969794
1.4467518995516002
1.446607985184528
1.4465893848100677
1.4464186665136367
1.4465793690178543
1.446534480783157
1.4463549494976178
1.446484812302515
1.4465412978315726
1.446594275184907
1.4464310565963387
1.4464089487446472
1.4463785637635738
1.446341235539876
1.4463973011588678
1.4463099812855944
1.4462364526698366
1.4463005415163934
1.4463131449883804
1.4462603027932346
1.4462793888524175
1.4461053092963994
1.4461951322155073
1.4462813397403806
1.4459804204525426
1.4459990778705105
1.4462826428934932
1.446217347518541
1.4460872665513307
1.4461460841121152
1.4460807014256716
1.4460708992555737
1.4459861166542396
1.4461034453706816
1.446053805295378
1.445951774599962
1.4459338750457391
1.4458068184321746
1.445865050307475
1.4458109072875232
1.4458602839149535
1.4458981885109097
1.4458903182530776
1.4458344884915277
1.4458947228267789
1.44583016296383
1.4458374379901215
1.4457242680946365
1.4458130610873923
1.4458197113126516
1.4457397614605725
1.4456137031083927
1.4458586958935484
1.4456357640447095
1.4456537831574678
1.4456417420879006
1.4456517988583073
1.4457388860173523
1.4457188660744578
1.4456292304676026
1.4455895381979644
1.4454759547952563
1.4457143468316644
1.4455675879726186
1.4456539311213419
1.445693361805752
1.445685635204427
1.44556981313508
1.4455742335412651
1.4455936497543007
1.445451908162795
1.4454895216040313
1.4455329535994679
1.4453214193927124
1.4453359305625781
1.4455018325243145
1.4452795166289434
1.4453913058387116
1.445393037633039
1.4454491726355627
1.4451998268486932
1.4454032025532797
1.4453088981099427
1.4451776325004175
1.4452142206719145
1.445229594479315
1.4453159518307075
1.445097393123433
1.4452412273967639
1.4451417197706178
1.445524555281736
1.4453903905814514
1.4452281036647037
1.4452346015023068
1.4452445887727663
1.4451276026666164
1.4451828435994685
1.4452341318828985
1.4450822124490514
1.4452295273076743
1.4450548992026597
1.445160168921575
1.4451015037484467
1.445044330903329
1.445050617447123
1.4449521072674543
1.4449795434484258
1.4449837032007053
1.4449961087666452
1.4450459950603545
1.444942218484357
1.445006321882829
1.444926060270518
1.4448050300125033
1.4448774758493528
1.4449581083608791
1.4449764041928574
1.4447297475999221
1.444883834803477
1.4448956467676908
1.4448493701638654
1.444728815695271
1.4449568709824234
1.444811460096389
1.4448643588693812
1.4448290715226904
1.4448170019313693
1.4446636219508946
1.4446891294792295
1.444826434715651
1.4446187798166648
1.444637628737837
1.4446894276188686
1.4447036939673126
1.444659153232351
1.4446942115901038
1.4445546780480072
1.4446099693886936
1.444469120935537
1.4446203710976988
1.4446132158627734
1.4443750678328797
1.444519792450592
1.4445004493463784
1.4446132744196802
1.4444238290889189
1.444369096076116
1.4444288936210796
1.4445553083205596
1.4444382472429425
1.4444402310764417
1.4443304360611364
1.4442507675848901
1.4443385258782655
1.4442915347171947
1.4443387623177841
1.4442965468624607
1.4443058678880334
1.4442381230182946
1.4442180607002228
1.4441682462347671
1.4444076415384188
1.444287406397052
1.444127447786741
1.444266687729396
1.4441911289468408
1.4442553061526269
1.444135923520662
1.4441442266106606
1.4441850841976702
1.444207434891723
1.4440115330507979
1.4441383177181706
1.4441317018354312
1.4439614356961101
1.4440689168404788
1.4440926696406677
1.44399467529729
1.4441151885548607
1.444143970264122
1.4440222383709624
1.4439860148122534
1.4439614387229085
1.4440560357179493
1.4439570797840133
1.443929557572119
1.4438816581387073
1.4439908463973552
1.4439910157816485
1.4438769719563425
1.4438058222876862
1.4438405185937881
1.4438582024304196
1.4437569350702688
1.4437305191531777
1.443794985068962
1.4437407925724983
1.4438390183495358
1.443879671394825
1.443586549605243
1.4438144995365292
1.444208589848131
1.444095126586035
1.444070608005859
1.4440078501356766
1.4438374674646184
1.44388304813765
1.4436397827230394
1.4437338780844584
1.443629147252068
1.4436849444173276
1.4436998213641346
1.4438034425256774
1.4437042161589488
1.4437147040152922
1.4436577515443787
1.4435280477628112
1.4436008522752672
1.4436028966447338
1.443596381926909
1.4435405452968553
1.443560367450118
1.443573975469917
1.443543732399121
1.4434648904716596
1.443495407118462
1.443498011911288
1.443525843671523
1.4435050847241655
1.4433894210960716
1.4434805526398122
1.4434789107181132
1.4433224282693118
1.4434897121973336
1.4435001898091286
1.4434381040045992
1.443405088270083
1.4434173259651288
1.4433990675024688
1.4433428352931514
1.4432833584723994
1.4432217496214435
1.4433032432571054
1.4432322551729158
1.443302200292237
1.4433742363471538
1.4431788491783664
1.4431995601626113
1.443391785142012
1.4432300601620227
1.44326228776481
1.4432797388872132
1.44322394230403
1.4431081603979692
1.4431833158014342
1.4431059617782012
1.4431584286503494
1.4431617627851665
1.4431501039071009
1.443004373461008
1.4430797204840928
1.4429999080020934
1.4429741766070947
1.4429761635838076
1.4429593770764768
1.4430465111508965
1.4429948386969045
1.4428835168946534
1.4428785234922543
1.4430023106979206
1.442909048171714
1.4429646612843499
1.4428541079396382
1.4429194834083319
1.4428975272458047
1.4429835493210703
1.4428590759634972
1.4429001165553927
1.4429718368919566
1.4428657061653212
1.4427602104842663
1.4428901394130662
1.4427496186690405
1.4428073876770213
1.442764498759061
1.442719928920269
1.442794006317854
1.442669012118131
1.4426995774265379
1.4427364419680089
1.4427323845447972
1.4427243355894461
1.442775075789541
1.4427166461246088
1.442498435266316
1.4425761605380103
1.4425041668582708
1.4425404930952936
1.442573401145637
1.4426173674874008
1.4426241383189335
1.4425804489292204
1.442672279314138
1.4426000273087993
1.442575628287159
1.4426971696084365
1.4425410631811246
1.4424948206869885
1.4425317056011409
1.4424695543712005
1.4424310146132484
1.442358763073571
1.442392909899354
1.4423998105339706
1.442523587611504
1.4424396159593016
1.4423689211253077
1.442432218347676
1.442355784587562
1.442312236293219
1.4423372742021456
1.4424608194967732
1.4423402753891423
1.442284437827766
1.4423057208769023
1.4422420061891899
1.4422336752759293
1.4423426786670461
1.4420838449150324
1.4421905006747693
1.4423253587447107
1.442183863837272
1.4421465772902593
1.4421670663869008
1.4422496288316324
1.4421900358283892
1.4422370753018185
1.44213721412234
1.4420005072606727
1.442134874756448
1.4421547083184123
1.442043753224425
1.4421091086696833
1.4420043791178614
1.441950423992239
1.4420715215383098
1.4420729236444458
1.4420818361686543
1.441970030660741
1.441970937536098
1.4420224381610751
1.4419728020438924
1.4420008995803073
1.44195333996322
1.441877638339065
1.441944770514965
1.4419429546687752
1.4419182119891047
1.4418661748059094
1.4417882265988737
1.441881925915368
1.4418793017975986
1.4418368467595428
1.441881041857414
1.4417530128266662
1.4419265042524785
1.4418022262398154
1.4417432008776814
1.441759123816155
1.4418273300398141
1.4417255609296262
1.4417128389468417
1.4416576909134164
1.4417593731777743
1.4417156719136983
1.4417141332523897
1.4416290369117633
1.4415114817675203
1.441545687499456
1.4416575443465263
1.4414128755452111
1.4416699765715748
1.4415366786997765
1.4416067441925406
1.4416782595217228
1.4416228862246498
1.441602065344341
1.4415133775910363
1.4416421630885452
1.4415501864859834
1.441550187766552
1.441474549123086
1.4415534368017688
1.4415248573059216
1.441518640727736
1.4415648739086464
1.4414613313274458
1.4414837391814217
1.4415101616177708
1.4415252967737615
1.4415664982516319
1.4415182279190049
1.4414234209107235
1.4414155762642622
1.4415045937057585
1.4413627739995718
1.4412811321672052
1.4414429849712178
1.4412699160166085
1.441434619599022
1.4412790249334648
1.441310350317508
1.4412391706136987
1.4412410575896502
1.44127746950835
1.441205843235366
1.4412590254796669
1.4412274801870808
1.4412454784614965
1.4411301950458437
1.44130449462682
1.4411718817427754
1.4410792619455606
1.4412020809249952
1.441171541227959
1.4410275667905807
1.441081564174965
1.4410729492083192
1.4411518673878163
1.441035220399499
1.4410226220497862
1.4410710643278435
1.4411015572259203
1.441075258771889
1.4409524139482528
1.4409226160496473
1.4410818491596729
1.4408703919034451
1.4410018787020817
1.4409711899934337
1.4409451960818842
1.440947529161349
1.4409127278486267
1.440948122064583
1.4409609452122822
1.4410459708888084
1.4409513645805418
1.4408891501370817
1.4410071559250355
1.4408163661137223
1.4408740997314453
1.4407383853103966
1.4409761999268085
1.440837099100463
1.4407777540618554
1.440646630129777
1.4405758685898036
1.4406681812833995
1.44064336118754
1.4407134640496224
1.4407699984731153
1.4406531192362309
1.4407405664678663
1.4407960175303742
1.4406909093959257
1.440623804810457
1.4406535277375951
1.4406002443283796
1.4405481865396723
1.4405527856433764
1.4405484878225252
1.4406306118471548
1.4406429912196472
1.4405475511448458
1.4404804748483002
1.4405504642054439
1.440452258917503
1.4405014553340152
1.4404620863497257
1.4404774768045172
1.4404974710196257
1.4405135473934934
1.4403880753088742
1.4404352809069678
1.4403131210710853
1.4404701199382544
1.4404616768006235
1.440453045652248
1.4404017253546044
1.440469404682517
1.4403601797530428
1.4403789254138246
1.4403119490016252
1.440288856276311
1.4401920961681753
1.4402762441895902
1.4401596382958815
1.440226890030317
1.4402358075603843
1.4403786613838747
1.4402276516193524
1.4403125451644883
1.4401556632947177
1.44019906304311
1.4402201609918848
1.4402406194712967
1.4402918932028115
1.4400985075626522
1.4400221792748198
1.440189064014703
1.4401417170884088
1.440059591201134
1.4402046801988035
1.4400636906502768
1.4402579863090068
1.4400480183539912
1.4399700050707906
1.4400736027164385
1.4402225549565628
1.440070740529336
1.4401345091173425
1.4402089200448245
1.4399815869983286
1.440023206640035
1.440064973081462
1.4400365179171786
1.4400657553924248
1.439967262558639
1.4398329398827627
1.4399845730513334
1.4399622549535707
1.4400428627850488
1.439977927482687
1.439874345320277
1.4399424279108644
1.439990903949365
1.4399740702938288
1.4399248774861917
1.4398614972596988
1.4399404568830505
1.4399920208379626
1.4397937742760405
1.4398327631643042
1.4398610959760845
1.439851491828449
1.4398435582406819
1.4398710478562862
1.4397318017436191
1.4396368595771492
1.439816357451491
1.439875453012064
1.4396857948740944
1.4397287883330137
1.4395368996774778
1.4395506700966507
1.4396150675602257
1.4397418774897233
1.4396368123125285
1.4395692662801594
1.43972353101708
1.4396611696574837
1.4396910918876529
1.439662113902159
1.4397008651867509
1.4395979632390663
1.4395798321347684
1.4395343624055386
1.4395998237887397
1.4395393966697156
1.4395917461952195
1.4395067767472938
1.4395357889588922
1.4395844443934038
1.4394634392810985
1.4393771158065647
1.4394933072617278
1.4395849194843322
1.4395695207640529
1.4395303848432377
1.4394655099604279
1.4395179967395961
1.4393529160879552
1.439428346697241
1.4393589524552226
1.4393459369894117
1.439331807079725
1.4394256265368313
1.4393535575363785
1.4392616312252358
1.439296797849238
1.439390410669148
1.4393583630444482
1.4393132833065465
1.4393665508832783
1.4393400826957077
1.4392665299819782
1.4394036022713408
1.439332609763369
1.4393345557618886
1.4392133122310042
1.439339247182943
1.4392510449979454
1.4391697501996532
1.4393054796382785
1.439142068149522
1.4393352633342147
1.4391964576207101
1.4390684326644987
1.4392637417186052
1.4391800838056952
1.4390927305212244
1.4390081444289535
1.4390998962335289
1.4389893460320309
1.4389356778701767
1.4390470527578145
1.439015609328635
1.4390672270674258
1.438972637988627
1.4390966941136867
1.4389904101844877
1.4391292344080284
1.4390418523689732
1.4390524649061263
1.4390155202709138
1.439045750303194
1.438886004500091
1.4390453158412129
1.4389478493249044
1.4389106672024354
1.439004734507762
1.4388746141921729
1.4388967474224046
1.4388097218470648
1.438864198862575
1.4388563584070653
1.438940295833163
1.438771220156923
1.4387561493786052
1.438678893726319
1.4386640002485365
1.4387292491737753
1.4387621914502233
1.4387386023299769
1.4387678478378803
1.4386693172855303
1.438839323935099
1.4386888515437022
1.4387784941354766
1.4387866212055087
1.4386503380956128
1.4385800134623423
1.4386491832556203
1.438701334525831
1.4386903531849384
1.4386172997765243
1.4388528848066926
1.4389665892813355
1.438950100215152
1.438721734797582
1.4387904569739476
1.4387705976841971
1.4385740583529696
1.4385652070632204
1.4385994765907526
1.4385277923429385
1.4384815957164392
1.438645250746049
1.4385101622901857
1.4386166019830853
1.4385615567443892
1.4384387076133862
1.438587682438083
1.4385094225872308
1.4384344011778012
1.4384457436390221
1.43853182438761
1.4383858640212566
1.4384316599462181
1.4384517811704427
1.4385394307319075
1.4383476040093228
1.438424834399484
1.4384492640383542
1.438373016193509
1.4383617794374004
1.438376119127497
1.4383034888887778
1.4383732348214835
1.4383090974297374
1.4384398889960721
1.4382614301284775
1.4383134382078424
1.4383614789694548
1.4382649472681805
1.4383061953121796
1.4383065878646448
1.438365639303811
1.4383943144930527
1.438135237665847
1.4381514659617096
1.4382615202339366
1.4380589860957116
1.4383129604393616
1.4382041378412396
1.4381925265770406
1.4381520642200485
1.4382357902359217
1.4381628799019381
1.4381312890909612
1.4382283847080544
1.4381747597362846
1.4381967156659812
1.4380479891551659
1.4381108555244282
1.438122526393272
1.4381432017544284
1.4379579026717693
1.4381478786235675
1.4381440582219511
1.4380722116911784
1.437948607141152
1.4380111059872434
1.4379917276091874
1.43799296929501
1.4379347147187218
1.4380818834761158
1.437978598754853
1.4378563535865396
1.437933157547377
1.4379761154996231
1.4378527856897563
1.4378926175413653
1.4379230269696563
1.4379020489286631
1.4378321439726278
1.4378909181104973
1.4379126497078687
1.437864288687706
1.437968062935397
1.4378236460033804
1.4378209493588656
1.4376867550890893
1.4378855567192659
1.4377255209255964
1.4378687718417495
1.437880024081096
1.437781231943518
1.4377077310346067
1.4377157810376957
1.4377170021180063
1.4376922217197716
1.437774034566246
1.437647474114783
1.4376904958626255
1.4377028632443398
1.437704152194783
1.4376704378519207
1.4377271456178278
1.4378445580368862
1.4377843358088285
1.4375868710922077
1.4375142749631777
1.4377407395513728
1.4377669184468687
1.4376619736431167
1.4376573939807713
1.4375518921297044
1.4377158774295822
1.437685500830412
1.4375756989466026
1.4374643962364644
1.4375556715531275
1.4375229893485084
1.4374822217505425
1.4374787861015648
1.437527431291528
1.4375348535832018
1.437534956727177
1.4376028476981446
1.4373913104645908
1.4374961350113153
1.4374911477789283
1.437597279669717
1.43741226173006
1.437421872280538
1.437327277730219
1.4373850900446996
1.437342515680939
1.437320135650225
1.4374540721764788
1.4373493881430477
1.4373534070327878
1.4373973708134145
1.4372860627481714
1.437443219940178
1.4373005223460495
1.4373580742394552
1.4373189031612128
1.4372478001751006
1.437051466666162
1.437239981489256
1.4371913569048047
1.4372710987227038
1.4373392906272784
1.4372443377505988
1.437161267385818
1.437212823308073
1.4372459285659716
1.4373147819424048
1.437193145044148
1.4371925118612126
1.4371553012169898
1.437009940505959
1.437259856495075
1.437095819041133
1.4372614140156657
1.4371419829549268
1.4371495024533942
1.4371734214946628
1.4372014418477193
1.437028267653659
1.4371750284917653
1.4368460786063224