0.32968039317439485
0.3591989987484355
0.38905338990811683
0.4082847461766232
0.41890778106779814
0.4246771879483501
0.4292866082603254
0.43096553618852834
0.43004975731859946
0.4325223602674074
0.43786440367532586
0.4345981257059129
0.43493391129155345
0.4406727922097744
0.43853597484660706
0.4361854757471229
0.43667389114441835
0.43810861137397356
0.43508654110320827
0.4324613083427455
0.43227815256875973
0.43044659482890196
0.4324613083427455
0.43124026984950703
0.4347507555175677
0.4357886382368204
0.43520864495253214
0.4411917335694008
0.4432980249702372
0.44357275863121587
0.44751060777191
0.44625904331634053
0.4507158338166611
0.4510210934399707
0.4516621386489209
0.45303580695381424
0.4587441619097042
0.4566989224335297
0.45950731096797826
0.4586525840227113
0.4603925638755762
0.4642083091669465
0.4645135687902561
0.46463567263957994
0.466192496718459
0.46637565249244484
0.468695625629598
0.46814615830764067
0.467871424646662
0.47156506608870846
0.4717482218626942
0.47116822857840596
0.4714734882017156
0.47620501236301477
0.4737324094142068
0.47538081138007876
0.4769986873836198
0.4773039470069294
0.4788607710858085
0.4782197258768583
0.47864708934949174
0.4806923288256662
0.4816386336579261
0.4806923288256662
0.48289019811349554
0.483317561586129
0.4825849384901859
0.4825544125278549
0.4840196587197411
0.48417228853139593
0.4844470221923746
0.4845386000793675
0.48472175585335325
0.48466070392869137
0.48514911932598676
0.4852101712506487
0.48563753472328214
0.48554595683628926
0.4853628010623035
0.4867669953295278
0.4861259501205776
0.488201715559083
0.4879575078604353
0.48801855978509723
0.48765224823712566
0.4883848713330688
0.4889038126926951
0.4888732867303642
0.48911749442901187
0.489025916542019
0.4889038126926951
0.48975853963796206
0.48841539729539973
0.4891785463536738
0.4903080069599194
0.4903080069599194
0.4913764156415031
0.49082694831954576
0.49094905216886964
0.4919258829634604
0.4907353704325529
0.4917122012271437
0.49253640221007966
0.49293323972038217
0.4924448243230868
0.4932690253060228
0.4936658628163253
0.493910070514973
0.4946121676485851
0.49464269361091606
0.4941848041759516
0.49583320614182363
0.49653530327543577
0.49613846576513326
0.49623004365212614
0.49662688116242865
0.49757318599468847
0.4967184590494215
0.4978784456179981
0.4990384321865747
0.49833633505296254
0.498794224487927
0.4986721206386031
0.49980158124484875
0.4998321072071797
0.49940474373454624
0.5006563081901156
0.4997710552825178
0.5007173601147776
0.5011447235874111
0.501968924570347
0.5013889312860588
0.5011447235874111
0.5007478860771086
0.5026404957416283
0.5007784120394395
0.5027625995909522
0.5023962880429805
0.502823651515614
0.502854177477945
0.503617326536219
0.503586800573888
0.5034036447999023
0.5033731188375714
0.5043194236698312
0.5041362678958454
0.5046246832931408
0.5045331054061479
0.5040446900088525
0.5043194236698312
0.5042888977075002
0.5057236179370554
0.5053267804267529
0.5054488842760768
0.5056320400500626
0.5050215208034433
0.5059983515980341
0.5060288775603651
0.50618150737202
0.5066088708446533
0.5065783448823225
0.5068836045056321
0.5065172929576605
0.5076162276015751
0.5067004487316462
0.5072193900912726
0.5072804420159346
0.5073109679782655
0.5075857016392442
0.5075246497145822
0.5086846362831589
0.5076162276015751
0.5074635977899203
0.5083183247351872
0.5081046429988706
0.5088677920571446
0.5086541103208279
0.5088677920571446
0.5090509478311304
0.5092341036051161
0.5092951555297781
0.5096614670777496
0.5099362007387283
0.5099972526633902
0.5103635642113618
0.5107298757593333
0.510180408437376
0.5103940901736927
0.5113098690436216
0.5108825055709881
0.5113403950059525
0.5112488171189596
0.5120119661772338
0.5120119661772338
0.5117067065539241
0.512561433499191
0.512561433499191
0.512591959461522
0.5138129979547605
0.5134466864067889
0.5139656277664153
0.5139045758417534
0.5139656277664153
0.5152171922219848
0.5153392960713087
0.5161329710919137
0.5164687566775542
0.5159803412802588
0.5169876980371806
0.5172624316981593
0.5181782105680881
0.5178424249824476
0.5180255807564333
0.5184529442290668
0.5200402942702769
0.5186361000030526
0.5200402942702769
0.5194603009859886
0.5195824048353125
0.5203150279312555
0.5204981837052413
0.5209865991025368
0.5216886962361489
0.5213834366128393
0.5222992154827681
0.5225434231814158
0.5219023779724656
0.5224823712567539
0.5226655270307397
0.5234286760890137
0.5228486828047254
0.5238865655239782
0.5240697212979639
0.5244360328459354
0.5244970847705974
0.5251686559418786
0.5250160261302238
0.524802344393907
0.5258402271131597
0.5262981165481242
0.5267254800207577
0.5272138954180531
0.527335999267377
0.5273970511920388
0.5276107329283556
0.5284959858359535
0.5291065050825727
0.528892823346256
0.5285265117982845
0.5293812387435514
0.530510699349797
0.5301443878018255
0.5302054397264874
0.5308464849354376
0.5318538416923594
0.5319148936170213
0.5335022436582313
0.5339601330931958
0.53377697731921
0.5341127629048505
0.534570652339815
0.5353032754357581
0.5350895936994414
0.5363716841173418
0.5373790408742636
0.5371958851002778
0.5382642937818615
0.5388442870661497
0.5385085014805092
0.5394853322751
0.5404316371073599
0.5396990140114167
0.5403400592203669
0.541103208278641
0.5409200525046552
0.5420189871485699
0.5436063371897799
0.5432400256418084
0.5435758112274489
0.5446442199090327
0.5454989468542996
0.545132635306328
0.5465063036112213
0.5464757776488903
0.5458042064776092
0.546842089196862
0.5472999786318263
0.5479715498031076
0.5498031075429652
0.5496199517689795
0.5498641594676272
0.5510546719985348
0.550810464299887
0.5513904575841754
0.5513904575841754
0.5517872950944779
0.551665191245154
0.5520315027931255
0.5520620287554565
0.5528557037760615
0.553252541286364
0.5541377941939619
0.5543209499679478
0.5538020086083214
0.5545346317042644
0.5556946182728411
0.5553588326872004
0.554839891327574
0.5556030403858482
0.5561219817454746
0.5559083000091578
0.5567935529167557
0.556549345218108
0.5578924875606703
0.5574651240880368
0.5585640587319515
0.5595408895265424
0.5600598308861687
0.5593882597148875
0.5599377270368449
0.5616166549650478
0.5615556030403859
0.5615250770780549
0.5626240117219695
0.5627461155712934
0.563875576177539
0.563845050215208
0.5634787386672365
0.5647608290851369
0.564638725235813
0.5661344973900302
0.5652187185201013
0.5665313349003327
0.5674165878079307
0.5670197502976281
0.5670808022222901
0.568759730150493
0.5690344638114716
0.5691565676607955
0.5690955157361336
0.5699197167190696
0.5697365609450838
0.5702860282670411
0.5708354955889985
0.5713544369486248
0.5721481119692299
0.5733691504624683
0.5726975792911871
0.5727586312158491
0.5724838975548704
0.5740407216337495
0.572819683140511
0.5741628254830734
0.5751396562776642
0.5742544033700663
0.5754754418633048
0.5750480783906713
0.5747733447296927
0.5757807014866143
0.5759638572606002
0.5765133245825574
0.5768796361305291
0.5770017399798528
0.5773375255654934
0.5783448823224152
0.577764889038127
0.5791996092676822
0.5781922525107605
0.5795353948533227
0.5797185506273085
0.5797490765896395
0.5806648554595684
0.5812448487438566
0.5814280045178424
0.5812143227815257
0.5824353612747641
0.5821301016514545
0.5848163863365793
0.5835648218810098
0.5842669190146219
0.5850605940352269
0.5853963796208675
0.5846027046002625
0.5857016392441772
0.5867089960010989
0.5863732104154583
0.5859153209804939
0.5870753075490704
0.5874416190970421
0.5883879239293018
0.5876247748710278
0.5887237095149425
0.5896394883848713
0.5890594951005831
0.589975273970512
0.5893037027992307
0.5907994749534479
0.5909826307274337
0.5909826307274337
0.5918068317103696
0.5920205134466864
0.5926310326933056
0.5920205134466864
0.5929973442412773
0.593913123111206
0.5930889221282701
0.5934552336762416
0.5944015385085015
0.593943649073537
0.5952867914160994
0.5948289019811349
0.5951646875667755
0.5956531029640709
0.5958057327757258
0.5965688818339998
0.5974541347415977
0.5968130895326476
0.5975151866662597
0.5975457126285906
0.5977899203272383
0.5981562318752098
0.5986751732348362
0.5998656857657437
0.5982172837998718
0.59974358191642
0.600506730974694
0.5991941145944626
0.600506730974694
0.6003541011630391
0.6002014713513844
0.6006288348240179
0.6022161848652279
0.6006593607863487
0.6039256387557618
0.6031930156598186
0.6022467108275589
0.6031930156598186
0.6034066973961354
0.6038340608687689
0.6039561647180928
0.6056045666839647
0.6031319637351568
0.6057266705332885
0.6063066638175768
0.6064592936292317
0.6064287676669007
0.6064898195915627
0.6064592936292317
0.6080466436704417
0.6066729753655484
0.6063677157422388
0.6077108580848011
0.6082908513690894
0.6082297994444275
0.608657162917061
0.6089318965780396
0.6087487408040538
0.6096034677493208
0.6085655850300681
0.6100918831466162
0.610275038920602
0.6104581946945877
0.6105802985439116
0.6100613571842852
0.6115266033761715
0.6107939802802284
0.6119539668488049
0.611068713941207
0.6117708110748191
0.6125950120577551
0.6129002716810648
0.611923440886474
0.6130834274550505
0.6138160505509936
0.6123813303214384
0.6148234073079154
0.6136328947770079
0.6141823620989652
0.6147623553832534
0.6136328947770079
0.6154949784791965
0.6165633871607803
0.6143655178729509
0.6161970756128087
0.6169602246710828
0.6150370890442322
0.6166244390854422
0.6182728410513142
0.6162276015751397
0.6186696785616167
0.6168381208217589
0.6182117891266522
0.6180896852773283
0.6199822949418481
0.6181507372019903
0.6201349247535028
0.6197991391678622
0.62004334686651
0.6209896516987699
0.6209591257364389
0.6209285997741079
0.6209896516987699
0.6209591257364389
0.620867547849446
0.6226075277023109
0.6229127873256204
0.6223938459659941
0.6229433132879514
0.622485423852987
0.6239811960072041
0.6234927806099088
0.6237064623462255
0.6237675142708874
0.6238896181202113
0.6239811960072041
0.6241338258188589
0.6246527671784853
0.625629597973076
0.6246527671784853
0.6258432797093928
0.624866448914802
0.6263316951066883
0.6255685460484142
0.6259653835587167
0.6263316951066883
0.6264232729936812
0.6266980066546598
0.6270032662779694
0.6272474739766171
0.6275832595622577
0.6282548307335388
0.6272169480142862
0.6275832595622577
0.6274611557129338
0.6284685124698556
0.6275832595622577
0.6277969412985744
0.6282243047712079
0.6295979730761012
0.6287432461308343
0.6292621874904606
0.6284074605451937
0.6291400836411368
0.6294453432644465
0.6296895509630941
0.6291400836411368
0.6296590250007631
0.6301779663603895
0.6299642846240727
0.6303611221343753
0.6308190115693397
0.6307884856070087
0.630635855795354
0.6305137519460301
0.6310632192679875
0.6317347904392686
0.6309716413809945
0.6313074269666351
0.6312158490796422
0.6316737385146066
0.6318263683262615
0.6324368875728807
0.6321011019872401
0.632192679874233
0.632223205836564
0.6328947770078451
0.6330474068195
0.6315821606276137
0.632986354894838
0.6328031991208523
0.6327421471961904
0.6339631856894289
0.6332610885558168
0.6345737049360481
0.6333221404804786
0.6336884520284501
0.6342989712750694
0.6340242376140908
0.633871607802436
0.6342989712750694
0.6340242376140908
0.6335968741414573
0.634604230898379
0.6350315943710125
0.6343905491620624
0.6350621203333435
0.6342379193504075
0.63463475686071
0.6349705424463506
0.6352452761073293
0.6351231722580054
0.6350926462956745
0.6352452761073293
0.6360389511279343
0.6351231722580054
0.6356421136176318
0.6358557953539485
0.6357031655422937
0.6361915809395892
0.6366189444122226
0.6353673799566532
0.6361610549772582
0.6370463078848561
0.6364052626759058
0.6371989376965109
0.6365578924875607
0.6366189444122226
0.6376568271314753
0.6368021001862084
0.636283158826582
0.6369852559601942
0.6369547299978632
0.6374126194328276
0.6373820934704967
0.6378094569431302
0.6377178790561372
0.6372294636588418
0.6380231386794468
0.6374736713574896
0.6390304954363686
0.6378094569431302
0.6381147165664398
0.6379926127171159
0.6391831252480235
0.6384199761897493
0.6383283983027565
0.6386947098507281
0.639610488720657
0.63875576177539
0.6393968069843402
0.6392441771726853
0.63875576177539
0.6394273329466711
0.6401599560426142
0.6391831252480235
0.6397020666076498
0.6399157483439666
0.6402210079672762
0.6403125858542691
0.6399157483439666
0.6402515339296071
0.6399157483439666
0.6407704752892335
0.6412588906865289
0.6407704752892335
0.6407094233645716
0.6410146829878812
0.6410452089502121
0.6413199426111909
0.6406483714399096
0.6401294300802833
0.6408620531762264
0.6408010012515645
0.6414420464605146
0.6415336243475076
0.6409231051008883
0.6411367868372051
0.6416557281968314
0.6413199426111909
0.641228364724198
0.6417473060838242
0.6416862541591624
0.6414420464605146
0.6423272993681126
0.6417473060838242
0.641228364724198
0.6431820263133795
0.6418083580084862
0.6419304618578101
0.6416252022345005
0.6421441435941269
0.6425715070667603
0.6424188772551055
0.6430293965017247
0.6425409811044294
0.6427241368784151
0.6420830916694649
0.6428767666900699
0.6426936109160841
0.642846240727739
0.6435178118990201
0.6434872859366891
0.6422967734057816
0.6429988705393938
0.6430599224640556
0.6431209743887176
0.6430293965017247
0.6432736042003724
0.6434262340120273
0.6433346561250344
0.6428767666900699
0.6435483378613511
0.6442504349949633
0.6431820263133795
0.643609389786013
0.644372538844287
0.6442809609572941
0.644372538844287
0.6438535974846608
0.6442809609572941
0.6440367532586465
0.6439757013339845
0.6440367532586465
0.6437925455599988
0.6437925455599988
0.644433590768949
0.6440062272963155
0.6444641167312799
0.6441283311456394
0.644433590768949
0.6445862205806038
0.6447693763545895
0.644433590768949
0.6449220061662444
0.6447083244299276
0.6449830580909063
0.6446167465429348
0.6451051619402302
0.6449830580909063
0.6450746359778992
0.6450135840532373
0.645196739827223
0.6454409475258708
0.6459598888854972
0.6455630513751947
0.6454104215635398
0.645990414847828
0.645166213864892
0.645990414847828
0.6463567263957997
0.6458988369608352
0.6458072590738423
0.646020940810159
0.6465093562074544
0.6462040965841448
0.6459293629231662
0.646814615830764
0.6472725052657285
0.6463567263957997
0.6470893494917427
0.6463872523581305
0.646020940810159
0.6470282975670808
0.6470588235294118
0.6473030312280594
0.646875667755426
0.646845141793095
0.6470893494917427
0.6470588235294118
0.6473640831527214
0.6473030312280594
0.6470588235294118
0.6471809273787356
0.6471198754540737
0.6475167129643762
0.6477609206630239
0.6477609206630239
0.6476388168137001
0.6473640831527214
0.6482188100979883
0.6478524985500168
0.6473640831527214
0.647669342776031
0.648524069721298
0.6484630177966361
0.6476388168137001
0.6483714399096432
0.6484019658719741
0.6484324918343051
0.6488903812692696
0.6484019658719741
0.6492566928172411
0.6489209072316005
0.6483409139473122
0.6489209072316005
0.6495619524405507
0.6488903812692696
0.648493543758967
0.6488598553069386
0.6495314264782197
0.6491651149302482
0.6492566928172411
0.6498366861015293
0.6494398485912268
0.6497756341768675
0.6494703745535578
0.6491956408925791
0.6491956408925791
0.6506608870844653
0.6499587899508532
0.6500198418755151
0.6496230043652126
0.6505998351598035
0.6499282639885222
0.6502945755364938
0.650111419762508
0.6502945755364938
0.6505998351598035
0.650141945724839
0.6505082572728105
0.6510882505570988
0.6502335236118318
0.6508440428584511
0.6505082572728105
0.6504777313104796
0.6505693091974725
0.6508745688207821
0.6506303611221343
0.6518208736530419
0.650996672670106
0.6512103544064226
0.6510882505570988
0.6512714063310846
0.6514240361427394
0.6516987698037181
0.6516987698037181
0.6516682438413871
0.6514240361427394
0.6522177111633444
0.6516071919167252
0.6516682438413871
0.65175982172838
0.6519124515400349
0.6520650813516896
0.6518208736530419
0.6524924448243231
0.6523092890503374
0.6523092890503374
0.6527671784853017
0.6528282304099636
0.6528282304099636
0.6527366525229708
0.6523703409749992
0.652522970786654
0.6529198082969566
0.652584022711316
0.6534998015812449
0.6528282304099636
0.6531029640709424
0.6527671784853017
0.6528892823346256
0.6527061265606399
0.6531945419579352
0.6532555938825971
0.6534387496565829
0.6535913794682378
0.6531640159956043
0.6539576910162093
0.6537134833175616
0.6544155804511738
0.6537440092798925
0.6543850544888428
0.6543545285265118
0.6541103208278641
0.6537134833175616
0.6545071583381666
0.6545682102628285
0.6546597881498214
0.6544461064135046
0.6539576910162093
0.6547818919991453
0.6543240025641809
0.6548429439238072
0.6542934766018499
0.6543240025641809
0.6548429439238072
0.6547818919991453
0.6548734698861381
0.6553313593211026
0.6544461064135046
0.6557281968314052
0.6552397814341097
0.6547818919991453
0.6551787295094478
0.6553008333587717
0.6556060929820813
0.6554534631704264
0.6556366189444123
0.6564302939650173
0.6556976708690742
0.655819774718398
0.656552397814341
0.6560639824170457
0.6565218718520102
0.6558808266430599
0.6560334564547148
0.6561250343417077
0.655789248756067
0.6563081901156934
0.6560334564547148
0.6569492353246436
0.6564608199273482
0.6562471381910314
0.6557281968314052
0.6567660795506578
0.6570102872493055
0.6575902805335938
0.6567966055129888
0.6568576574376507
0.6574987026466009
0.6574681766842699
0.6576208064959248
0.6574987026466009
0.6580786959308892
0.6571934430232913
0.6578955401569034
0.6573765987972771
0.6585060594035227
0.6571629170609603
0.6580176440062273
0.6582007997802131
0.6587197411398394
0.6580786959308892
0.6583534295918679
0.6582923776672059
0.6585060594035227
0.6578039622699106
0.6580786959308892
0.6587197411398394
0.659086052687811
0.659086052687811
0.6588113190268323
0.6595134161604445
0.6589334228761562
0.6596049940474373
0.6597881498214231
0.6590555267254801
0.6596355200097683
0.6600323575200708
0.6594828901981135
0.6589639488384871
0.6601849873317256
0.6585976372905156
0.6600934094447327
0.659940779633078
0.6604902469550352
0.6602765652187185
0.6611007662016545
0.6603070911810495
0.660734454653683
0.6600018315577398
0.661497603711957
0.6609786623523306
0.6605818248420281
0.6612228700509784
0.6611007662016545
0.661558655636619
0.6614670777496261
0.6616807594859428
0.6616502335236119
0.6612533960133093
0.6616807594859428
0.6616502335236119
0.6618333892975976
0.6622302268079001
0.6627186422051955
0.6616197075612809
0.6621081229585762
0.6621997008455691
0.6621081229585762
0.6630544277908361
0.6621997008455691
0.6626270643182026
0.6626575902805336
0.6622302268079001
0.6622607527702311
0.6628407460545194
0.6627491681675265
0.6627796941298575
0.6628407460545194
0.663115479715498
0.6630239018285051
0.6633596874141457
0.663146005677829
0.6632986354894838
0.6642144143594126
0.663115479715498
0.6625354864312097
0.6633596874141457
0.6637870508867793
0.6637565249244483
0.663909154736103
0.6633902133764767
0.6644280960957294
0.6637565249244483
0.6636344210751244
0.6640007326230959
0.663939680698434
0.6645807259073843
0.6641228364724198
0.6645501999450533
0.664794407643701
0.6636038951127934
0.6643059922464055
0.6644586220580604
0.6645196739827223
0.6649470374553558
0.6642754662840746
0.6642754662840746
0.6646112518697151
0.6649775634176868
0.6649775634176868
0.6652828230409964
0.6649470374553558
0.6648859855306939
0.6652828230409964
0.6653744009279893
0.6658628163252847
0.6652217711163344
0.6653744009279893
0.6654354528526512
0.6652217711163344
0.6653133490033273
0.6660459720992704
0.6662291278732562
0.6660154461369394
0.6653133490033273
0.6659849201746085
0.6662596538355872
0.6668701730822064
0.666320705760249
0.6670228028938612
0.6656186086266369
0.6665343874965658
0.6666259653835587
0.666381757684911
0.6666870173082207
0.6665954394212278
0.6659238682499465
0.6671143807808542
0.6669312250068683
0.6670228028938612
0.6668701730822064
0.6677249000274733
0.6670838548185232
0.6676027961781495
0.6672364846301779
0.6677249000274733
0.6676027961781495
0.6676943740651424
0.667999633688452
0.6683048933117617
0.6677249000274733
0.6685796269727403
0.6688848865960499
0.6679385817637901
0.6683659452364236
0.6684575231234164
0.6689154125583809
0.6694648798803382
0.6695564577673311
0.668854360633719
0.6698006654659788
0.6704417106749291
0.6699532952776336
0.6695259318050002
0.6699532952776336
0.6707164443359077
0.6707164443359077
0.6707469702982386
0.6715101193565127
0.6711132818462102
0.6716016972435056
0.6708996001098935
0.6723953722641106
0.671296437620196
0.6716322232058366
0.6730669434353918
0.6717543270551604
0.6734637809456944
0.6728227357367441
0.6738606184559969
0.6723343203394487
0.6723953722641106
0.672914313623737
0.6743490338532923
0.6726090540004274
0.6735553588326872
0.6744100857779541
0.6734637809456944
0.6746848194389328
0.6732806251717085
0.6734637809456944
0.6735858847950181
0.675325864647883
0.6743795598156231
0.6757532281205165
0.6749290271375805
0.6763637473671358
0.6750816569492353
0.6752648127232211
0.6755395463841998
0.6756005983088617
0.6754479684972069
0.6768521627644312
0.6763942733294667
0.67618059159315
0.6763026954424738
0.6772490002747337
0.6767911108397692
0.6771268964254098
0.6762721694801429
0.6773100521993956
0.6770047925760859
0.6772184743124027
0.676913214689093
0.6781953051069936
0.6777068897096981
0.676913214689093
0.6778900454836839
0.6776458377850362
0.6782868829939864
0.6776763637473672
0.6778595195213529
0.6776763637473672
0.6784395128056412
0.6784700387679722
0.6780426752953387
0.6781953051069936
0.6786837205042889
0.6785921426172961
0.6783784608809793
0.6787142464666198
0.6788668762782747
0.6788974022406057
0.6788363503159437
0.6791110839769223
0.6792942397509082
0.6788058243536127
0.6792637137885772
0.6800573888091822
0.6802100186208371
0.6801794926585061
0.679477395524894
0.6806373820934705
0.6810036936414421
0.6800573888091822
0.680240544583168
0.6805458042064776
0.6801794926585061
0.6803321224701608
0.6801184407338441
0.6797216032235416
0.6799963368845203
0.6812479013400897
0.68030159650783
0.6815226350010684
0.6809121157544492
0.6805458042064776
0.6814005311517446
0.6807900119051253
0.6804847522818157
0.681064745566104
0.681919472511371
0.6804542263194847
0.6817057907750542
0.6820415763606947
0.682652095607314
0.681858420586709
0.6825299917579901
0.6821026282853567
0.6824689398333282
0.6820110503983638
0.6829573552306236
0.6819499984737019
0.682713147531976
0.6828657773436307
0.6829573552306236
0.6828352513812997
0.6834152446655881
0.6829878811929546
0.6832931408162642
0.6833236667785952
0.6840562898745383
0.6838426081382215
0.6838731341005525
0.68347629659025
0.6835678744772429
0.684300497573186
0.6836899783265667
0.6846057571964956
0.6841478677615311
0.6845752312341646
0.6846668091211575
0.6846973350834885
0.6851857504807839
0.6847889129704814
0.6853078543301078
0.6853994322171006
0.6847278610458195
0.6857352178027413
0.6854299581794316
0.6853689062547696
0.6855825879910864
0.6860710033883818
0.6860710033883818
0.6857962697274032
0.6855215360664245
0.6862541591623675
0.6855520620287554
0.685887847614396
0.6859794255013889
0.6860710033883818
0.6861625812753747
0.6862541591623675
0.6861015293507128
0.6865594187856772
0.6869867822583107
0.6873225678439513
0.6877194053542538
0.6868952043713178
0.6868952043713178
0.6874446716932752
0.6872920418816203
0.687505723617937
0.6877194053542538
0.6879025611282396
0.6878415092035777
0.6886046582618517
0.6879941390152324
0.6886351842241827
0.6885436063371898
0.6886046582618517
0.6889404438474923
0.6889404438474923
0.68918465154614
0.6888183399981684
0.6886657101865137
0.6889709698098233
0.6894593852071187
0.6892762294331328
0.6889404438474923
0.6894288592447877
0.6899478006044141
0.6897341188680973
0.6896120150187734
0.6899783265667451
0.690039378491407
0.6909856833236668
0.6910162092859977
0.6905888458133642
0.690802527549681
0.690833053512012
0.6906804237003572
0.6907109496626881
0.691657254494948
0.6912604169846455
0.6910772612106597
0.6919625141182576
0.6907109496626881
0.6915351506456241
0.6912604169846455
0.6926951372142007
0.691596202570286
0.6920540920052505
0.6914130467963002
0.6925119814402149
0.6921761958545743
0.6918098843066027
0.6922982997038981
0.6926340852895387
0.6920846179675815
0.6923288256662291
0.6927867151011936
0.6931530266491651
0.6925119814402149
0.6930309227998412
0.6930003968375104
0.6930003968375104
0.6929393449128484
0.6930919747245032
0.6936109160841295
0.6936109160841295
0.6934582862724747
0.6931225006868341
0.6933972343478129
0.6935498641594676
0.6934582862724747
0.6935193381971366
0.6937024939711225
0.6942214353307488
0.6943130132177416
0.6937635458957844
0.694068805519094
0.694068805519094
0.6944045911047346
0.6948014286150371
0.6944656430293965
0.69489300650203
0.6948014286150371
0.6950761622760158
0.6943130132177416
0.6945572209163894
0.6946793247657133
0.6954424738239873
0.6943130132177416
0.69489300650203
0.6949235324643609
0.6952898440123325
0.6954119478616564
0.6953508959369944
0.6946182728410513
0.6947098507280443
0.6951677401630086
0.6951066882383468
0.6949235324643609
0.6946793247657133
0.6955340517109802
0.6958698372966208
0.695625629597973
0.6951982661253396
0.6953508959369944
0.6962361488445923
0.6959308892212827
0.6955340517109802
0.695686681522635
0.6958087853719589
0.6953814218993254
0.695656155560304
0.6954424738239873
0.6959003632589518
0.6960835190329375
0.6960224671082755
0.6961750969199304
0.695717207484966
0.6961445709575994
0.6958393113342898
0.6961445709575994
0.6962666748069233
0.6960529930706065
0.6962361488445923
0.6959003632589518
0.6966329863548948
0.6969382459782044
0.6965414084679019
0.6962361488445923
0.6966940382795568
0.6962361488445923
0.6960835190329375
0.6957477334472969
0.6962972007692543
0.6960529930706065
0.6968161421288807
0.6960835190329375
0.6961445709575994
0.6959614151836137
0.6959614151836137
0.6970603498275283
0.6961445709575994
0.6960835190329375
0.6962361488445923
0.6959919411459446
0.6963277267315852
0.6974571873378308
0.6966635123172258
0.6962666748069233
0.6970908757898593
0.6967550902042187
0.696449830580909
0.6967245642418878
0.6968466680912115
0.6964193046185781
0.6966329863548948
0.6963582526939162
0.6968466680912115
0.69648035654324
0.6967856161665497
0.6963277267315852
0.697243505601514
0.6974571873378308
0.6970298238651973
0.6968466680912115
0.6969382459782044
0.6967245642418878
0.6970603498275283
0.6966024603925639
0.6972129796391832
0.698098232546781
0.6971214017521903
0.6969687719405354
0.6969687719405354
0.6973350834885069
0.6976403431118166
0.6967550902042187
0.6978845508104643
0.6973656094508379
0.6982203363961049
0.6976098171494857
0.6977929729234714
0.6977013950364785
0.6969077200158735
0.6977624469611404
0.6971519277145212
0.6974571873378308
0.6984645440947526
0.6980066546597882
0.6982203363961049
0.6985866479440764
0.698098232546781
0.697304557526176
0.6976098171494857
0.6977013950364785
0.6977929729234714
0.6982508623584358
0.6989529594920479
0.6984340181324217
0.698098232546781
0.6990445373790408
0.6986171739064074
0.6990750633413718
0.6982203363961049
0.6987392777557313
0.6984950700570836
0.6989834854543789
0.6992582191153576
0.6984034921700907
0.6989529594920479
0.6987698037180622
0.6989224335297171
0.6984340181324217
0.6990750633413718
0.6993803229646814
0.6989529594920479
0.6989834854543789
0.6988919075673861
0.6998992643243078
0.6996245306633292
0.6993497970023504
0.6995024268140053
0.6997466345126531
0.6996550566256601
0.7002045239476175
0.6992276931530267
0.6997466345126531
0.6996855825879911
0.699807686437315
0.7003571537592722
0.6999297902866388
0.6996245306633292
0.7006929393449128
0.6999297902866388
0.7002961018346103
0.6999908422113007
0.7000824200982936
0.7002045239476175
0.7002350499099484
0.7002350499099484
0.700570835495589
0.7000824200982936
0.7001739979852865
0.6997161085503221
0.7006929393449128
0.700570835495589
0.7004792576085961
0.7003876797216032
0.700570835495589
0.7004487316462652
0.7004487316462652
0.6998687383619768
0.7004792576085961
0.7009371470435606
0.7008455691565677
0.7006624133825818
0.7002961018346103
0.7015171403278488
0.7005403095332581
0.7004487316462652
0.7006929393449128
0.7009981989682225
0.7011203028175463
0.7011813547422082
0.7004182056839342
0.7017918739888275
0.7012424066668702
0.7016087182148417
0.7013339845538631
0.701395036478525
0.7011813547422082
0.7021581855367991
0.7009676730058915
0.7012424066668702
0.7019139778381513
0.7008455691565677
0.7010287249305535
0.7018834518758204
0.7026771268964254
0.7018834518758204
0.7021276595744681
0.7026466009340945
0.702219237461461
0.7021581855367991
0.702219237461461
0.7017308220641656
0.7025855490094325
0.7023413413107849
0.7020971336121371
0.7025550230471016
0.7025855490094325
0.7023413413107849
0.7037150096156781
0.7027076528587564
0.7026771268964254
0.7021276595744681
0.702982386519735
0.702982386519735
0.7034097499923685
0.7030739644067279
0.7028908086327421
0.7034402759546995
0.7027076528587564
0.7036234317286852
0.7029518605574041
0.7033486980677066
0.7033181721053756
0.7033181721053756
0.7032571201807137
0.7033181721053756
0.7031350163313899
0.7035013278793614
0.7035013278793614
0.703837113465002
0.703867639427333
0.7033486980677066
0.7037455355780091
0.7035623798040234
0.7031960682560517
0.703806587502671
0.704630788485607
0.7033181721053756
0.704630788485607
0.7030739644067279
0.703837113465002
0.7042339509753045
0.7041118471259806
0.7044476327116213
0.7038981653896639
0.703806587502671
0.7042644769376355
0.7042950028999664
0.7044781586739522
0.7040202692389878
0.7042644769376355
0.704600262523276
0.7047834182972619
0.7049360481089166
0.7050276259959095
0.7043560548246284
0.7049360481089166
0.7051497298452334
0.704630788485607
0.7047528923349309
0.7049971000335785
0.7049055221465856
0.7045392105986141
0.7047223663725999
0.705424463506212
0.7051497298452334
0.7050886779205714
0.7051802558075644
0.7049360481089166
0.7050276259959095
0.7052718336945573
0.7052718336945573
0.7049971000335785
0.7063402423761409
0.7052107817698953
0.705424463506212
0.7049055221465856
0.7049971000335785
0.7045086846362831
0.7051192038829024
0.7052718336945573
0.7053634115815501
0.7057602490918526
0.705485515430874
0.7060349827528313
0.7045086846362831
0.706248664489148
0.7057907750541835
0.7051497298452334
0.7056686712048598
0.7056076192801978
0.7057297231295216
0.7053634115815501
0.7060044567905003
0.7055465673555359
0.7057602490918526
0.7061876125644861
0.7061570866021551
0.7059128789035074
0.7067981318111053
0.7060655087151623
0.7057907750541835
0.7056686712048598
0.7056381452425288
0.7058518269788455
0.706218138526817
0.7064928721877958
0.7068897096980983
0.706248664489148
0.7063707683384719
0.7056686712048598
0.705485515430874
0.7060349827528313
0.7069202356604292
0.7066760279617815
0.7064012943008028
0.7065844500747887
0.7064623462254648
0.7068286577734363
0.7065233981501267
0.7064928721877958
0.7065844500747887
0.7069812875850912
0.707042339509753
0.707011813547422
0.7067065539241124
0.7071644433590769
0.7067676058487744
0.7068591837357673
0.7058823529411765
0.7073170731707317
0.7068591837357673
0.7072865472084008
0.7069507616227602
0.7065844500747887
0.7072254952837388
0.7074697029823865
0.7068286577734363
0.707805488568027
0.7067981318111053
0.707072865472084
0.7066149760371195
0.7073475991330627
0.7071644433590769
0.707011813547422
0.7077444366433652
0.7076528587563723
0.7074086510577245
0.7074697029823865
0.7076528587563723
0.7072254952837388
0.7074391770200555
0.7081107481913367
0.7068897096980983
0.7077749626056962
0.7080802222290058
0.7076833847187033
0.7074391770200555
0.7077749626056962
0.7074391770200555
0.7076223327940413
0.7072560212460698
0.70789706645502
0.7076223327940413
0.7079581183796819
0.7074086510577245
0.7083549558899844
0.7074086510577245
0.7074697029823865
0.7077749626056962
0.7072560212460698
0.7077139106810342
0.7075612808693794
0.707805488568027
0.7085686376263012
0.7077444366433652
0.7082023260783297
0.7082023260783297
0.7082023260783297
0.7077139106810342
0.7080191703043438
0.7081718001159987
0.7082023260783297
0.7075002289447175
0.70789706645502
0.7085381116639702
0.7074697029823865
0.7089044232119418
0.7079275924173509
0.7080802222290058
0.7079886443420129
0.7083244299276534
0.7085991635886322
0.7086602155132941
0.7081412741536677
0.7079275924173509
0.7081412741536677
0.7080496962666748
0.7076223327940413
0.7087823193626179
0.7079581183796819
0.7080802222290058
0.7083854818523154
0.7081412741536677
0.7085381116639702
0.7082328520406606
0.7077749626056962
0.7075612808693794
0.7084465337769773
0.7087212674379559
0.7081718001159987
0.7082328520406606
0.7082633780029916
0.7091486309105894
0.7079581183796819
0.7084770597393083
0.7088433712872798
0.7080802222290058
0.7081107481913367
0.7084770597393083
0.707836014530358
0.7076833847187033
0.7090570530235966
0.7088128453249488
0.7081107481913367
0.7087823193626179
0.7090265270612656
0.7089044232119418
0.7082633780029916
0.7085381116639702
0.7088738972496108
0.7094233645715681
0.7089960010989347
0.7098812540065326
0.7085075857016393
0.7086602155132941
0.7081107481913367
0.7080496962666748
0.7086296895509631
0.7089349491742727
0.708690741475625
0.7088738972496108
0.7086602155132941
0.7085381116639702
0.7089349491742727
0.7087517934002869
0.7082939039653225
0.7093317866845752
0.7087823193626179
0.7087823193626179
0.7094538905338991
0.7087823193626179
0.7079581183796819
0.7082633780029916
0.7093623126469062
0.7091486309105894
0.7089960010989347
0.7092707347599133
0.709545468420892
0.7091486309105894
0.7091486309105894
0.7097896761195397
0.7092707347599133
0.7085991635886322
0.7088738972496108
0.7092096828352514
0.7088128453249488
0.7096065203455539
0.7089654751366037
0.7091486309105894
0.709545468420892
0.7092707347599133
0.7087823193626179
0.7096980982325468
0.7088128453249488
0.7089349491742727
0.7099423059311945
0.7091181049482584
0.7094233645715681
0.7095759943832229
0.7085381116639702
0.7096675722702158
0.7097286241948777
0.7095149424585611
0.7096980982325468
0.7089960010989347
0.7100338838181873
0.7092096828352514
0.709545468420892
0.7097591501572087
0.7093012607222443
0.7092707347599133
0.7093317866845752
0.7098812540065326
0.7089960010989347
0.7093012607222443
0.7096980982325468
0.7096675722702158
0.7105222992154828
0.7096370463078848
0.7092402087975823
0.7095149424585611
0.709545468420892
0.7100949357428493
0.7100033578558564
0.7092707347599133
0.7098507280442016
0.7097591501572087
0.7097896761195397
0.7099423059311945
0.7095759943832229
0.7102475655545041
0.7101254617051802
0.7093623126469062
0.7095759943832229
0.7098812540065326
0.7097286241948777
0.7101865136298422
0.7102475655545041
0.7103086174791661
0.7101559876675112
0.7102475655545041
0.7102780915168351
0.7098202020818706
0.7104307213284898
0.7104307213284898
0.7109801886504472
0.7100949357428493
0.7098507280442016
0.7100033578558564
0.7100338838181873
0.7106444030648066
0.7102475655545041
0.7104307213284898
0.7105528251778137
0.7106444030648066
0.7098202020818706
0.7101865136298422
0.7104917732531518
0.7098812540065326
0.7106138771024757
0.7104917732531518
0.7102170395921732
0.7106749290271376
0.711193870386764
0.7107970328764615
0.7107359809517995
0.7113159742360878
0.7104917732531518
0.7104917732531518
0.7108886107634543
0.710400195366159
0.7101865136298422
0.7108275588387923
0.7115296559724046
0.711163344424433
0.710369669403828
0.7104917732531518
0.7110107146127782
0.7108886107634543
0.7108275588387923
0.7108275588387923
0.7104917732531518
0.7114686040477426
0.7110107146127782
0.7110412405751091
0.7114075521230807
0.7107970328764615
0.711132818462102
0.710339143441497
0.7104307213284898
0.7105222992154828
0.7105833511401447
0.7114991300100736
0.7109496626881162
0.7115601819347355
0.7113465001984187
0.7111022924997711
0.7116517598217283
0.7110717665374401
0.710400195366159
0.7116212338593975
0.7106749290271376
0.7112854482737568
0.7112854482737568
0.7115601819347355
0.7108886107634543
0.7115601819347355
0.7113465001984187
0.7117738636710522
0.7114075521230807
0.7111022924997711
0.711193870386764
0.7107970328764615
0.711987545407369
0.7113159742360878
0.7117433377087212
0.711987545407369
0.711132818462102
0.7116212338593975
0.7118654415580451
0.7114991300100736
0.7116517598217283
0.7112854482737568
0.7113770261607497
0.711987545407369
0.7117738636710522
0.7115296559724046
0.7108580848011233
0.7122622790683476
0.7117128117463903
0.7117738636710522
0.7122317531060167
0.7123843829176715
0.7107359809517995
0.7113465001984187
0.711132818462102
0.7120485973320309
0.7115296559724046
0.7118654415580451
0.7115907078970665
0.7120485973320309
0.7128727983149669
0.7120485973320309
0.7124759608046644
0.7123538569553405
0.7118654415580451
0.7117128117463903
0.7119264934827071
0.7122317531060167
0.7122928050306786
0.712811746390305
0.7122317531060167
0.7121707011813547
0.7118349155957141
0.7124454348423334
0.7120791232943618
0.7117433377087212
0.7116212338593975
0.7125370127293263
0.7118043896333832
0.7119264934827071
0.7120791232943618
0.7122317531060167
0.7123538569553405
0.7116822857840593
0.7117128117463903
0.7121401752190237
0.7124759608046644
0.7124759608046644
0.7117738636710522
0.7125675386916572
0.712781220427974
0.7128727983149669
0.7129338502396289
0.7122317531060167
0.7131475319759455
0.7120180713697
0.7122928050306786
0.7125370127293263
0.7122317531060167
0.7130864800512836
0.7124454348423334
0.7122622790683476
0.7128422723526359
0.7127201685033121
0.7126591165786501
0.7121707011813547
0.7131780579382765
0.7130864800512836
0.7122622790683476
0.7121707011813547
0.7129338502396289
0.7131780579382765
0.7125980646539882
0.7125370127293263
0.7133001617876004
0.7132085839006075
0.7134833175615861
0.7128727983149669
0.7133001617876004
0.712781220427974
0.7132085839006075
0.7131780579382765
0.7129949021642907
0.7129643762019597
0.7126896425409811
0.7134833175615861
0.7129643762019597
0.7135138435239171
0.7125064867669954
0.7125675386916572
0.7131170060136146
0.7133917396745932
0.7129033242772979
0.7129033242772979
0.7132085839006075
0.7128422723526359
0.7132085839006075
0.7131170060136146
0.7134527915992551
0.713574895448579
0.712811746390305
0.7125675386916572
0.7138801550718886
0.7130864800512836
0.7133917396745932
0.7134527915992551
0.7138191031472267
0.7134833175615861
0.7130254281266217
0.7131170060136146
0.7132085839006075
0.7139106810342196
0.7123843829176715
0.7136664733355719
0.7133001617876004
0.7128422723526359
0.7132391098629385
0.7138191031472267
0.71360542141091
0.7133612137122622
0.7143075185445221
0.7131780579382765
0.7133917396745932
0.7132085839006075
0.71360542141091
0.7133612137122622
0.7146738300924936
0.7137275252602339
0.7139717329588815
0.7128727983149669
0.7136969992979029
0.7141548887328673
0.7135138435239171
0.713635947373241
0.7137885771848957
0.7136969992979029
0.7140633108458744
0.7137885771848957
0.7138801550718886
0.7140327848835435
0.7136664733355719
0.7134833175615861
0.7140633108458744
0.7137885771848957
0.7138191031472267
0.7142769925821911
0.7133917396745932
0.7137580512225647
0.7141548887328673
0.714399096431515
0.7140938368082054
0.7140938368082054
0.7138191031472267
0.7145517262431699
0.7141854146951983
0.7147654079794865
0.7139106810342196
0.7143380445068531
0.7137275252602339
0.7145517262431699
0.7141854146951983
0.7141854146951983
0.7137580512225647
0.714399096431515
0.7141548887328673
0.714399096431515
0.7145517262431699
0.7137885771848957
0.7143075185445221
0.7142464666198602
0.7141854146951983
0.714368570469184
0.714429622393846
0.7144601483561769
0.7142769925821911
0.7141548887328673
0.7140938368082054
0.7143075185445221
0.7146433041301627
0.7137885771848957
0.7144601483561769
0.7146433041301627
0.71360542141091
0.7150096156781343
0.715162245489789
0.7146738300924936
0.7142159406575292
0.7142159406575292
0.7147043560548246
0.7153759272261058
0.7151317195274581
0.714399096431515
0.7147654079794865
0.7147348820171556
0.7145212002808389
0.7145212002808389
0.7140938368082054
0.7142769925821911
0.714399096431515
0.7145822522055008
0.7154980310754296
0.7147348820171556
0.7146738300924936
0.7142159406575292
0.7146738300924936
0.7151011935651271
0.7145517262431699
0.7147043560548246
0.7146738300924936
0.7146433041301627
0.7146738300924936
0.7147348820171556
0.7147348820171556
0.7145517262431699
0.7155285570377606
0.7148569858664794
0.7149485637534724
0.7154064531884368
0.7153148753014439
0.7146127781678318
0.7149790897158033
0.7154675051130986
0.7154980310754296
0.715162245489789
0.7153148753014439
0.7150096156781343
0.7146127781678318
0.7155590830000915
0.715162245489789
0.7147959339418175
0.7147348820171556
0.7160780243597179
0.7151317195274581
0.7148875118288104
0.7153454012637749
0.715162245489789
0.716047498397387
0.715986446472725
0.7153454012637749
0.7154980310754296
0.7160780243597179
0.7154980310754296
0.7153148753014439
0.7156201349247535
0.7150706676027961
0.7150096156781343
0.7155590830000915
0.714399096431515
0.7148569858664794
0.7161085503220489
0.7155285570377606
0.7153759272261058
0.7153454012637749
0.7150401416404653
0.7158643426234012
0.7152843493391129
0.7158338166610703
0.7158948685857321
0.7154980310754296
0.7153148753014439
0.7158643426234012
0.7153454012637749
0.7154675051130986
0.7155285570377606
0.7157117128117464
0.7160780243597179
0.7159253945480631
0.7154064531884368
0.7152843493391129
0.716047498397387
0.7161696022467108
0.7160780243597179
0.7158032906987393
0.7157117128117464
0.7156506608870845
0.7166885436063372
0.7159559205103941
0.715253823376782
0.7161696022467108
0.7161696022467108
0.7157727647364083
0.7153148753014439
0.7158032906987393
0.7158032906987393
0.7158643426234012
0.7157727647364083
0.7165053878323514
0.7163527580206966
0.7155590830000915
0.7163832839830275
0.7165664397570133
0.716016972435056
0.716047498397387
0.7155590830000915
0.7152843493391129
0.7158643426234012
0.716841173417992
0.7161390762843799
0.7156506608870845
0.7161085503220489
0.7163832839830275
0.716016972435056
0.7161085503220489
0.7163222320583656
0.7163222320583656
0.7158948685857321
0.7163832839830275
0.7163222320583656
0.715986446472725
0.7166580176440063
0.7160780243597179
0.7161390762843799
0.7164443359076895
0.7157727647364083
0.716047498397387
0.7157117128117464
0.7161696022467108
0.7162001282090418
0.7165664397570133
0.7164748618700204
0.7164748618700204
0.7163222320583656
0.7167190695686682
0.7165053878323514
0.7165969657193443
0.7161085503220489
0.7166274916816753
0.716047498397387
0.7161696022467108
0.715986446472725
0.716047498397387
0.7163222320583656
0.7167495955309992
0.7169938032296468
0.7156506608870845
0.716841173417992
0.7163222320583656
0.7158948685857321
0.716841173417992
0.7174211667022803
0.7165359137946824
0.7172380109282945
0.7165664397570133
0.7164138099453585
0.7170853811166397
0.7166580176440063
0.7169327513049849
0.7165053878323514
0.7161390762843799
0.7171159070789707
0.71678012149333
0.7172380109282945
0.7163832839830275
0.7174211667022803
0.7165969657193443
0.7168716993803229
0.7165359137946824
0.7166580176440063
0.7165359137946824
0.7166580176440063
0.716810647455661
0.7177264263255899
0.7170243291919778
0.7170243291919778
0.7166274916816753
0.7170853811166397
0.7163832839830275
0.716841173417992
0.7166885436063372
0.7171159070789707
0.7163832839830275
0.7163527580206966
0.7163527580206966
0.7175127445892732
0.7169327513049849
0.7171159070789707
0.7173295888152874
0.7175432705516042
0.716841173417992
0.7171769590036325
0.71678012149333
0.7170548551543088
0.7171464330413017
0.7175127445892732
0.7167190695686682
0.7180011599865685
0.7173295888152874
0.7171464330413017
0.7169327513049849
0.7172685368906255
0.7171464330413017
0.7172990628529564
0.7177264263255899
0.7168716993803229
0.7170853811166397
0.7171159070789707
0.7169327513049849
0.7175127445892732
0.7166885436063372
0.7178180042125828
0.7177264263255899
0.7165664397570133
0.7166580176440063
0.717665374400928
0.7178180042125828
0.7170548551543088
0.717604322476266
0.716810647455661
0.7180622119112305
0.7168716993803229
0.7170548551543088
0.7172990628529564
0.7169327513049849
0.7177569522879209
0.7185811532708568
0.7174211667022803
0.7181232638358924
0.7169327513049849
0.7171159070789707
0.7177264263255899
0.7178790561372447
0.7175432705516042
0.7169022253426539
0.7174516926646113
0.7178485301749138
0.7171159070789707
0.717634848438597
0.7174516926646113
0.7178790561372447
0.7180622119112305
0.7183369455722092
0.718428523459202
0.7171769590036325
0.7183064196098782
0.7172074849659635
0.7180316859488995
0.7178180042125828
0.717634848438597
0.7182453676852163
0.7180622119112305
0.7180622119112305
0.7177874782502518
0.7181843157605543
0.7178790561372447
0.7180927378735614
0.7177874782502518
0.7174211667022803
0.7181232638358924
0.7178180042125828
0.7176959003632589
0.7181232638358924
0.7180011599865685
0.7181843157605543
0.7177874782502518
0.718428523459202
0.7183369455722092
0.7186727311578498
0.7179706340242377
0.7179095820995757
0.7179706340242377
0.718397997496871
0.7180316859488995
0.7181537897982234
0.7178180042125828
0.7186727311578498
0.7181232638358924
0.7182453676852163
0.7190085167434903
0.7185811532708568
0.7185506273085259
0.7183674715345402
0.7188558869318356
0.7179095820995757
0.7187643090448427
0.7190085167434903
0.7182148417228853
0.7187948350071736
0.7186727311578498
0.7189474648188284
0.7182758936475473
0.718459049421533
0.7183064196098782
0.7183064196098782
0.718428523459202
0.7189169388564974
0.7183369455722092
0.7190085167434903
0.7183369455722092
0.7183064196098782
0.7182453676852163
0.7187337830825117
0.7191611465551452
0.7190390427058213
0.7186116792331878
0.7189779907811594
0.7191000946304832
0.7187032571201807
0.7187337830825117
0.7186422051955188
0.7183064196098782
0.7180622119112305
0.7189779907811594
0.7192527244421381
0.7192527244421381
0.7189474648188284
0.7188864128941664
0.718397997496871
0.7193443023291309
0.7196190359901096
0.7193443023291309
0.7188864128941664
0.7193443023291309
0.719283250404469
0.7191000946304832
0.7192221984798071
0.7193443023291309
0.7191916725174761
0.7194969321407857
0.7192221984798071
0.7197106138771024
0.7190695686681523
0.7188864128941664
0.7192527244421381
0.7189779907811594
0.7193443023291309
0.7190390427058213
0.7191916725174761
0.7195274581031167
0.7188558869318356
0.7188558869318356
0.7193748282914619
0.7194969321407857
0.7188864128941664
0.7188864128941664
0.7188558869318356
0.7194969321407857
0.7187643090448427
0.7189779907811594
0.7195885100277786
0.7194969321407857
0.7189474648188284
0.7196190359901096
0.7198021917640953
0.7189474648188284
0.7194358802161238
0.7194969321407857
0.7194969321407857
0.7194053542537928
0.7198327177264263
0.7197716658017644
0.7196495619524406
0.7192221984798071
0.7195579840654477
0.7195885100277786
0.7194358802161238
0.7196495619524406
0.7196190359901096
0.7193748282914619
0.7198327177264263
0.7193137763667999
0.7195885100277786
0.7198937696510882
0.7198632436887573
0.7202600811990598
0.7198632436887573
0.7198937696510882
0.7196800879147716
0.7200463994627431
0.7200463994627431
0.7194969321407857
0.7199853475380812
0.720107451387405
0.7197716658017644
0.7200769254250741
0.7205348148600385
0.7195579840654477
0.7200158735004121
0.7204127110107146
0.7200463994627431
0.7193443023291309
0.7200158735004121
0.7206263927470313
0.7194358802161238
0.7201685033120669
0.720107451387405
0.7198632436887573
0.7205042888977075
0.7204737629353766
0.7198021917640953
0.7202600811990598
0.7199853475380812
0.7201685033120669
0.7201685033120669
0.7200158735004121
0.7205042888977075
0.7206263927470313
0.7198327177264263
0.720137977349736
0.720107451387405
0.7205653408223694
0.7204432369730456
0.7212979639183126
0.7202295552367288
0.7208095485210171
0.7204127110107146
0.7202600811990598
0.720107451387405
0.7206569187093623
0.7210537562196648
0.7204432369730456
0.7205042888977075
0.7205653408223694
0.7212063860313196
0.7207484965963552
0.7210842821819958
0.7203516590860527
0.7202295552367288
0.7207179706340242
0.7212369119936506
0.7211453341066577
0.7208400744833481
0.72090112640801
0.7205653408223694
0.7213895418053055
0.7211758600689887
0.7214200677676363
0.7212979639183126
0.7211453341066577
0.7220305870142556
0.7214811196922983
0.7208400744833481
0.7211148081443267
0.7210842821819958
0.7212674379559816
0.7215421716169602
0.7211148081443267
0.7211453341066577
0.7212979639183126
0.7212979639183126
0.7205653408223694
0.720931652370341
0.7216948014286151
0.7207179706340242
0.7210537562196648
0.7216337495039531
0.7203516590860527
0.7218169052779388
0.720962178332672
0.7210537562196648
0.7213590158429745
0.7215726975792912
0.7212369119936506
0.7213895418053055
0.7212674379559816
0.7211758600689887
0.7210232302573338
0.7222747947129033
0.7214505937299673
0.7221221649012485
0.7213895418053055
0.7219695350895937
0.7213590158429745
0.7222747947129033
0.722549528373882
0.7214811196922983
0.721755853353277
0.720962178332672
0.7212369119936506
0.7220000610519247
0.7218779572026008
0.7216642754662841
0.7213895418053055
0.7212063860313196
0.7218474312402698
0.7220305870142556
0.7220000610519247
0.7214505937299673
0.7216642754662841
0.7219390091272627
0.722519002411551
0.722519002411551
0.7219695350895937
0.7220916389389176
0.7218779572026008
0.7212369119936506
0.721725327390946
0.7220916389389176
0.7212674379559816
0.720962178332672
0.7219390091272627
0.7214505937299673
0.7216642754662841
0.7213284898806435
0.7223663725998962
0.7219390091272627
0.7220916389389176
0.7214200677676363
0.7220305870142556
0.7218474312402698
0.7216032235416221
0.7211148081443267
0.7219084831649317
0.7219084831649317
0.7212979639183126
0.7216642754662841
0.7216337495039531
0.7219390091272627
0.7223663725998962
0.722519002411551
0.7221832168259105
0.7219390091272627
0.7223663725998962
0.7223663725998962
0.722549528373882
0.721725327390946
0.7223053206752343
0.7223053206752343
0.7222747947129033
0.7226105802985439
0.7221526908635795
0.7230989956958394
0.7222137427882414
0.7222137427882414
0.7228853139595226
0.7228547879971916
0.7227021581855368
0.7228547879971916
0.7219695350895937
0.7228242620348606
0.7224274245245581
0.7226716322232059
0.7227937360725297
0.7223663725998962
0.7221832168259105
0.7226411062608749
0.7222442687505723
0.7220611129765866
0.7222747947129033
0.7230684697335084
0.7229158399218535
0.7221832168259105
0.7226105802985439
0.722580054336213
0.7226105802985439
0.7223663725998962
0.7220611129765866
0.7221221649012485
0.7216642754662841
0.7223053206752343
0.7223053206752343
0.7228547879971916
0.7232210995451631
0.7229768918465155
0.7230379437711774
0.7236179370554656
0.7230684697335084
0.7231600476205012
0.723404255319149
0.7230074178088465
0.7222442687505723
0.723373729356818
0.7224884764492201
0.7231905735828322
0.7232210995451631
0.7227937360725297
0.7227632101101987
0.7229463658841845
0.7231600476205012
0.7232821514698251
0.7230989956958394
0.7227632101101987
0.723343203394487
0.7236789889801276
0.7230074178088465
0.723343203394487
0.723373729356818
0.7231295216581702
0.7231600476205012
0.723373729356818
0.7231295216581702
0.7227326841478677
0.7237095149424586
0.7230684697335084
0.723404255319149
0.7235263591684727
0.7236179370554656
0.7233126774321561
0.7230989956958394
0.7235263591684727
0.7237705668671205
0.7234347812814799
0.7237095149424586
0.7228242620348606
0.7230379437711774
0.7236179370554656
0.7244726640007326
0.7237705668671205
0.7227937360725297
0.7238621447541134
0.7235568851308037
0.7240147745657682
0.7232821514698251
0.724167404377423
0.7244116120760707
0.7240758264904301
0.7238010928294515
0.7238010928294515
0.7244116120760707
0.7243810861137397
0.7244116120760707
0.7238926707164444
0.7238010928294515
0.7240147745657682
0.7240147745657682
0.7246252938123874
0.7242284563020849
0.7237095149424586
0.7244116120760707
0.7245642418877255
0.7252052870966758
0.7247168716993804
0.7244421380384016
0.7243200341890779
0.7239231966787752
0.7248389755487041
0.7244421380384016
0.7244421380384016
0.7247779236240423
0.7251137092096829
0.7248084495863732
0.7253273909459995
0.7245642418877255
0.7245642418877255
0.724991605360359
0.7240453005280991
0.7239842486034372
0.7247168716993804
0.7245337159253945
0.7246558197747184
0.7253273909459995
0.7239231966787752
0.7244116120760707
0.7245947678500565
0.724167404377423
0.7250831832473519
0.7247779236240423
0.7251137092096829
0.7252052870966758
0.7247168716993804
0.7244726640007326
0.7252052870966758
0.7253579169083305
0.7244726640007326
0.7247473976617113
0.7254189688329925
0.7248695015110351
0.7240758264904301
0.7245642418877255
0.7246558197747184
0.7249000274733661
0.7243810861137397
0.7254189688329925
0.7248084495863732
0.7250831832473519
0.724961079398028
0.7255715986446473
0.7245947678500565
0.7251747611343448
0.725785280380964
0.7248695015110351
0.724991605360359
0.7244421380384016
0.7252968649836686
0.7248084495863732
0.7248695015110351
0.7252052870966758
0.7251747611343448
0.7247779236240423
0.7254189688329925
0.7256937024939711
0.7256021246069783
0.7254494947953234
0.7249000274733661
0.7253579169083305
0.7251747611343448
0.7257242284563021
0.7252663390213376
0.7255105467199854
0.7261515919289355
0.7256326505693091
0.7260294880796118
0.7251137092096829
0.724930553435697
0.7255715986446473
0.7248084495863732
0.7247473976617113
0.7259684361549498
0.724991605360359
0.7252663390213376
0.7252968649836686
0.7256326505693091
0.7252968649836686
0.725754754418633
0.7264263255899143
0.7256631765316401
0.7250831832473519
0.7255410726823163
0.7256631765316401
0.72502213132269
0.7252052870966758
0.7258463323056259
0.7255715986446473
0.7247168716993804
0.7260905400042736
0.7254800207576544
0.7255715986446473
0.7252052870966758
0.7256631765316401
0.7254494947953234
0.7256631765316401
0.725785280380964
0.7262736957782594
0.7262126438535975
0.725754754418633
0.725754754418633
0.7261821178912665
0.7267315852132239
0.7261210659666046
0.725754754418633
0.7261515919289355
0.725785280380964
0.72502213132269
0.7257242284563021
0.7261821178912665
0.7252052870966758
0.7262431698159284
0.7261821178912665
0.7258768582679569
0.7259073842302879
0.7256326505693091
0.7264873775145761
0.726548429439238
0.7256937024939711
0.7256937024939711
0.7263957996275833
0.7254494947953234
0.7260905400042736
0.7260905400042736
0.7261210659666046
0.7254494947953234
0.7261821178912665
0.7258768582679569
0.7263957996275833
0.7264568515522452
0.7263957996275833
0.7259073842302879
0.7265179034769071
0.7267315852132239
0.7256631765316401
0.7271284227235264
0.7266705332885619
0.7261210659666046
0.7262126438535975
0.7263347477029213
0.7255105467199854
0.7259989621172808
0.727403156384505
0.7263957996275833
0.7255715986446473
0.7259073842302879
0.7266705332885619
0.7258463323056259
0.7261210659666046
0.7263347477029213
0.7261821178912665
0.7259379101926188
0.727403156384505
0.7259073842302879
0.7259989621172808
0.7260294880796118
0.7264263255899143
0.7270368448365335
0.7268842150248787
0.7263347477029213
0.725754754418633
0.7259073842302879
0.7258463323056259
0.7254800207576544
0.7260905400042736
0.7265179034769071
0.7263347477029213
0.7259379101926188
0.7267315852132239
0.7269452669495405
0.7259684361549498
0.725785280380964
0.7270063188742025
0.7255715986446473
0.7263652736652523
0.726578955401569
0.7268536890625477
0.7262431698159284
0.726548429439238
0.7268231631002168
0.7267926371378858
0.7262431698159284
0.7264263255899143
0.7263347477029213
0.7267010592508929
0.7268536890625477
0.7259989621172808
0.726548429439238
0.7262431698159284
0.7263347477029213
0.7263042217405904
0.7267621111755548
0.7262736957782594
0.7263652736652523
0.7261210659666046
0.7262431698159284
0.7268842150248787
0.7269757929118715
0.7265179034769071
0.7266400073262309
0.7270368448365335
0.7267621111755548
0.7271894746481883
0.7272810525351812
0.7263042217405904
0.7261210659666046
0.7271894746481883
0.725815806343295
0.7268842150248787
0.726548429439238
0.7254494947953234
0.7268231631002168
0.7271894746481883
0.7267315852132239
0.7265179034769071
0.7270673707988644
0.727433682346836
0.7263957996275833
0.7271589486858573
0.726578955401569
0.7263652736652523
0.7259989621172808
0.7259989621172808
0.7275252602338289
0.7265179034769071
0.7275863121584908
0.7271894746481883
0.7269757929118715
0.7266400073262309
0.7267315852132239
0.7270368448365335
0.726578955401569
0.7268231631002168
0.7268231631002168
0.7269452669495405
0.7261210659666046
0.7267010592508929
0.7272810525351812
0.7279220977441314
0.7277084160078147
0.726578955401569
0.7267926371378858
0.7263957996275833
0.7266094813639
0.7272810525351812
0.7259684361549498
0.7272505265728502
0.7271894746481883
0.7264263255899143
0.727342104459843
0.7269147409872097
0.7267621111755548
0.7266094813639
0.727372630422174
0.7272810525351812
0.7270673707988644
0.7271589486858573
0.7270978967611954
0.7274642083091669
0.7270673707988644
0.727403156384505
0.7273115784975122
0.7270978967611954
0.7267926371378858
0.7269452669495405
0.7276473640831527
0.7269452669495405
0.7271284227235264
0.7269757929118715
0.7275252602338289
0.7276473640831527
0.7275557861961598
0.7273115784975122
0.7270368448365335
0.7272505265728502
0.7276168381208218
0.7272505265728502
0.7267621111755548
0.7271589486858573
0.7268842150248787
0.7273115784975122
0.7271894746481883
0.7269757929118715
0.7266705332885619
0.727342104459843
0.7277084160078147
0.7270673707988644
0.7284715650660887
0.7274642083091669
0.7267621111755548
0.7276473640831527
0.7270978967611954
0.7272505265728502
0.7267621111755548
0.7274947342714979
0.7272505265728502
0.7274642083091669
0.7270978967611954
0.7271284227235264
0.7271894746481883
0.7277084160078147
0.7269757929118715
0.7281052535181172
0.7280136756311243
0.7270063188742025
0.7269452669495405
0.727403156384505
0.7270673707988644
0.727433682346836
0.7273115784975122
0.7277694679324765
0.7279526237064623
0.7272200006105193
0.7280136756311243
0.7270673707988644
0.7277389419701457
0.7276778900454837
0.7276778900454837
0.7278610458194694
0.7274642083091669
0.7276168381208218
0.7277084160078147
0.7279526237064623
0.7278305198571385
0.7276168381208218
0.7271589486858573
0.7282884092921029
0.7274642083091669
0.7275252602338289
0.7279831496687933
0.7277389419701457
0.7279220977441314
0.727403156384505
0.7271894746481883
0.7277999938948075
0.7283494612167648
0.72819683140511
0.7276778900454837
0.7285631429530816
0.7280136756311243
0.7284410391037578
0.7279526237064623
0.7284410391037578
0.7282884092921029
0.7278305198571385
0.7276473640831527
0.7285020910284197
0.7283494612167648
0.7279831496687933
0.7283494612167648
0.727433682346836
0.7278305198571385
0.727403156384505
0.7279220977441314
0.7280747275557862
0.7285936689154126
0.7279831496687933
0.7278305198571385
0.7279831496687933
0.7280442015934553
0.7282884092921029
0.7286852468024054
0.728227357367441
0.7281052535181172
0.7289599804633841
0.7284410391037578
0.7280136756311243
0.7282884092921029
0.7282578833297719
0.7284105131414268
0.7282578833297719
0.7287157727647364
0.7281357794804482
0.7281052535181172
0.7279526237064623
0.7279526237064623
0.7281052535181172
0.7279831496687933
0.7289905064257151
0.728227357367441
0.7288989285387222
0.7282884092921029
0.7283494612167648
0.7285936689154126
0.7286241948777435
0.72819683140511
0.72819683140511
0.7280442015934553
0.7284715650660887
0.728227357367441
0.7283799871790958
0.7285020910284197
0.7281357794804482
0.7295399737476724
0.7286547208400744
0.7283799871790958
0.729021032388046
0.7282884092921029
0.7289905064257151
0.7284410391037578
0.7285631429530816
0.7287768246893983
0.7288684025763912
0.7281052535181172
0.7283494612167648
0.7285020910284197
0.7288989285387222
0.7285326169907507
0.7288378766140603
0.7288989285387222
0.7292957660490247
0.7283494612167648
0.7283494612167648
0.7286547208400744
0.7288684025763912
0.7296010256723343
0.7293873439360176
0.7292041881620318
0.7288989285387222
0.7287462987270674
0.7296620775969962
0.7292347141243628
0.7289599804633841
0.7293568179736866
0.7290820843127079
0.7286547208400744
0.7293262920113557
0.7295399737476724
0.7288989285387222
0.729021032388046
0.7286852468024054
0.7286852468024054
0.7283799871790958
0.7290820843127079
0.7285936689154126
0.7295399737476724
0.7292957660490247
0.7293873439360176
0.7291431362373699
0.7292652400866937
0.7292041881620318
0.7288989285387222
0.7288073506517293
0.7288989285387222
0.7292347141243628
0.7288989285387222
0.7288989285387222
0.729021032388046
0.7288684025763912
0.7285020910284197
0.7290820843127079
0.7293262920113557
0.7292652400866937
0.7297231295216582
0.7295399737476724
0.7288073506517293
0.7285936689154126
0.7298147074086511
0.7291736621997008
0.7294789218230104
0.7292347141243628
0.7298147074086511
0.7295399737476724
0.7296620775969962
0.7293262920113557
0.7299368112579749
0.7291431362373699
0.7299062852956439
0.7292347141243628
0.7295704997100033
0.7294178698983486
0.7295094477853414
0.7296620775969962
0.7293873439360176
0.7296926035593272
0.7297536554839892
0.7290820843127079
0.7295399737476724
0.7295704997100033
0.7296620775969962
0.729051558350377
0.7296315516346653
0.7298452333709821
0.7296010256723343
0.7290820843127079
0.7296010256723343
0.7296926035593272
0.7292041881620318
0.7296315516346653
0.7294789218230104
0.7286241948777435
0.7295094477853414
0.7295399737476724
0.7294483958606796
0.7300589151072988
0.7294789218230104
0.7300589151072988
0.7291736621997008
0.7289599804633841
0.7292041881620318
0.7299062852956439
0.7298452333709821
0.7295399737476724
0.7297841814463201
0.7300283891449678
0.7297841814463201
0.7299062852956439
0.7296010256723343
0.7298147074086511
0.7297536554839892
0.7299062852956439
0.7297231295216582
0.730699960316249
0.7299368112579749
0.729875759333313
0.730761012240911
0.7293873439360176
0.7299673372203058
0.7298452333709821
0.7289599804633841
0.7297231295216582
0.7293568179736866
0.7304252266552703
0.7293568179736866
0.7293568179736866
0.7297231295216582
0.7294178698983486
0.730761012240911
0.7296926035593272
0.729875759333313
0.7304557526176013
0.7306083824292561
0.7294789218230104
0.7294789218230104
0.7305168045422632
0.7294178698983486
0.7298147074086511
0.7300894410696297
0.7302420708812846
0.7296620775969962
0.7303947006929393
0.7299062852956439
0.7303947006929393
0.7304862785799322
0.7299673372203058
0.7296620775969962
0.7297231295216582
0.7304252266552703
0.7299368112579749
0.7299673372203058
0.7306389083915871
0.7305473305045942
0.729875759333313
0.7302115449189536
0.7299368112579749
0.7297231295216582
0.7302115449189536
0.7302115449189536
0.7304557526176013
0.7297231295216582
0.7303336487682774
0.7303031228059464
0.7300589151072988
0.7300283891449678
0.7296010256723343
0.7299978631826368
0.729875759333313
0.7296926035593272
0.7305168045422632
0.7310052199395586
0.7303947006929393
0.7299978631826368
0.7309746939772276
0.7305473305045942
0.7305778564669251
0.7305168045422632
0.7308220641655728
0.7306083824292561
0.7303336487682774
0.7308220641655728
0.7303641747306083
0.7304252266552703
0.7300283891449678
0.7301810189566226
0.7298147074086511
0.7307915382032418
0.7300589151072988
0.7306083824292561
0.729875759333313
0.7305473305045942
0.7310662718642206
0.7305778564669251
0.7301810189566226
0.7309441680148967
0.7310662718642206
0.7307915382032418
0.7310052199395586
0.7310357459018896
0.73073048627858
0.7309746939772276
0.7310662718642206
0.730669434353918
0.7305473305045942
0.7304557526176013
0.7301810189566226
0.7303336487682774
0.7310967978265515
0.7301810189566226
0.7300589151072988
0.7301504929942917
0.7310052199395586
0.7302725968436155
0.7307915382032418
0.7302420708812846
0.7308831160902347
0.7300894410696297
0.7309441680148967
0.7304557526176013
0.7313410055251992
0.7306389083915871
0.7302725968436155
0.7304862785799322
0.7314020574498611
0.7309746939772276
0.7309136420525657
0.7309136420525657
0.7311883757135443
0.7308831160902347
0.7301504929942917
0.7303031228059464
0.7310052199395586
0.7310967978265515
0.7309746939772276
0.7314631093745231
0.7312189016758753
0.7314020574498611
0.7308525901279038
0.7313104795628682
0.7312494276382063
0.7302115449189536
0.7311883757135443
0.7306083824292561
0.730761012240911
0.7314020574498611
0.7310052199395586
0.7313715314875301
0.7310967978265515
0.7310357459018896
0.7313104795628682
0.7300589151072988
0.7316767911108397
0.7310052199395586
0.7313715314875301
0.7303031228059464
0.7312494276382063
0.7310662718642206
0.7310357459018896
0.7314631093745231
0.7315852132238468
0.7312799536005372
0.7317988949601636
0.7310052199395586
0.7310662718642206
0.7313715314875301
0.7309441680148967
0.7310662718642206
0.7310967978265515
0.7310357459018896
0.7310967978265515
0.7314631093745231
0.731493635336854
0.7313410055251992
0.7317378430355017
0.7310967978265515
0.7320125766964803
0.7308220641655728
0.7320125766964803
0.7313715314875301
0.731554687261516
0.7306083824292561
0.7314020574498611
0.73073048627858
0.7316462651485088
0.7310662718642206
0.7320736286211423
0.7313410055251992
0.7319820507341493
0.7318599468848256
0.7313715314875301
0.7316767911108397
0.731554687261516
0.7312189016758753
0.7306389083915871
0.7321346805458042
0.731524161299185
0.7316462651485088
0.7324094142067828
0.7313104795628682
0.7310052199395586
0.7313715314875301
0.7313104795628682
0.7314020574498611
0.7316157391861778
0.7319209988094875
0.7314631093745231
0.7310967978265515
0.7312799536005372
0.7314631093745231
0.7318294209224946
0.7326230959430996
0.7316767911108397
0.7315852132238468
0.7318904728471565
0.7316157391861778
0.7320736286211423
0.7318294209224946
0.7320736286211423
0.7318599468848256
0.7310967978265515
0.7321652065081352
0.7317988949601636
0.7325009920937757
0.7312494276382063
0.7319209988094875
0.7316767911108397
0.7316462651485088
0.7319820507341493
0.7322567843951281
0.7318599468848256
0.7321346805458042
0.7321957324704661
0.7318904728471565
0.7321041545834732
0.7319820507341493
0.7319515247718185
0.7314325834121921
0.7319515247718185
0.7308831160902347
0.7315852132238468
0.7329283555664092
0.7324094142067828
0.7324399401691138
0.7317988949601636
0.7322567843951281
0.7318294209224946
0.7325620440184377
0.7319515247718185
0.7319820507341493
0.7314631093745231
0.7326230959430996
0.7317073170731707
0.7325009920937757
0.7321957324704661
0.7319515247718185
0.7317988949601636
0.7320125766964803
0.731493635336854
0.7325315180561067
0.7326230959430996
0.7327757257547545
0.7318294209224946
0.7318599468848256
0.7309136420525657
0.7325925699807686
0.7320125766964803
0.7314020574498611
0.7318294209224946
0.7323788882444519
0.7325620440184377
0.7321346805458042
0.7316157391861778
0.7325925699807686
0.7318294209224946
0.7321041545834732
0.7319820507341493
0.7317988949601636
0.7320125766964803
0.7322262584327971
0.7321346805458042
0.7316157391861778
0.733111511340395
0.7321346805458042
0.7329894074910711