0.3562990323269941
0.4733966238285662
0.5216886962361489
0.5507799383375561
0.5706828657773436
0.5830764064837144
0.5912268384260814
0.5950731096797827
0.6007204127110107
0.6055435147593028
0.6069477090265271
0.6082603254067585
0.6088403186910467
0.611068713941207
0.6119539668488049
0.6133886870783601
0.6160444458011539
0.6151591928935559
0.615952867914161
0.6166549650477732
0.619188619921243
0.6211728074727556
0.6222412161543392
0.6234927806099088
0.6237064623462255
0.6246222412161544
0.6252327604627735
0.6270643182026313
0.6284990384321866
0.6287127201685033
0.6302084923227205
0.6311242711926494
0.63146005677829
0.6324063616105497
0.6333831924051406
0.6345737049360481
0.6349094905216887
0.6341768674257456
0.6358863213162795
0.6358557953539485
0.6359168472786104
0.6391525992856925
0.6371989376965109
0.6377178790561372
0.6383283983027565
0.6373210415458347
0.6407704752892335
0.6385115540767423
0.6399768002686285
0.6415030983851766
0.641197838761867
0.6413199426111909
0.6410146829878812
0.6435178118990201
0.641167312799536
0.6437925455599988
0.6442809609572941
0.6437314936353369
0.6433041301627034
0.6442199090326323
0.6446777984675967
0.6451356879025612
0.6457156811868494
0.6446167465429348
0.6462040965841448
0.6458072590738423
0.645257791751885
0.6446167465429348
0.6453493696388779
0.6461735706218138
0.6465398821697854
0.6445251686559419
0.6473640831527214
0.6453798956012088
0.646875667755426
0.6466314600567783
0.6471198754540737
0.6469672456424189
0.646784089868433
0.6472725052657285
0.6480661802863336
0.6488598553069386
0.649378796666565
0.6461430446594829
0.6482493360603193
0.6496230043652126
0.6491651149302482
0.6490430110809243
0.6497756341768675
0.6486156476082908
0.6489209072316005
0.6498672120638603
0.649348270704234
0.65017247168717
0.6494093226288958
0.6503251014988247
0.6507219390091272
0.65017247168717
0.6496230043652126
0.6514545621050704
0.6486766995329528
0.6518208736530419
0.6500198418755151
0.6496535303275436
0.6508440428584511
0.6515766659543942
0.6510577245947679
0.6513019322934156
0.6515766659543942
0.6518819255777039
0.6503861534234867
0.6524619188619921
0.65175982172838
0.6512103544064226
0.6522177111633444
0.6518819255777039
0.651790347690711
0.6521261332763515
0.6507829909337892
0.6507219390091272
0.652614548673647
0.6535913794682378
0.6515766659543942
0.6524619188619921
0.6513935101804085
0.6520040294270277
0.6528892823346256
0.650141945724839
0.6516682438413871
0.6537745352422235
0.6526450746359779
0.6523398150126682
0.6538355871668854
0.6531945419579352
0.6537440092798925
0.6521871852010135
0.6538661131292164
0.6524924448243231
0.6535608535059068
0.6544766323758356
0.6531640159956043
0.6530113861839495
0.6552397814341097
0.6549345218108001
0.6553008333587717
0.6531640159956043
0.6546597881498214
0.6546292621874905
0.6548429439238072
0.6556976708690742
0.6554839891327574
0.6545682102628285
0.6561860862663695
0.6556060929820813
0.6554229372080955
0.6554534631704264
0.6556976708690742
0.6543545285265118
0.6548124179614763
0.6558503006807289
0.6555755670197503
0.6551482035471168
0.6570713391739674
0.6553618852834335
0.6548429439238072
0.655789248756067
0.6584755334411917
0.6570408132116365
0.6559113526053909
0.655789248756067
0.6568576574376507
0.6583839555541988
0.6572239689856223
0.6561860862663695
0.6578650141945724
0.656613449739003
0.6583534295918679
0.6587502671021704
0.6571934430232913
0.6557281968314052
0.6573460728349462
0.6578955401569034
0.6567660795506578
0.6575597545712628
0.6575292286089319
0.6561555603040385
0.6585671113281846
0.6581092218932202
0.6582313257425441
0.6576513324582558
0.6577734363075796
0.6563997680026863
0.6586281632528466
0.6584755334411917
0.6580176440062273
0.657437650721939
0.6592997344241277
0.6578955401569034
0.6596660459720993
0.6589334228761562
0.6573460728349462
0.6578955401569034
0.6588418449891633
0.6577123843829177
0.6574987026466009
0.6585976372905156
0.6583839555541988
0.6590250007631491
0.6585060594035227
0.658261851704875
0.6593913123111206
0.6590555267254801
0.6593302603864587
0.6585671113281846
0.659116578650142
0.6609786623523306
0.6605207729173662
0.6588723709514942
0.6610091883146616
0.659086052687811
0.6588418449891633
0.6605512988796972
0.6591776305748038
0.6594828901981135
0.6594218382734516
0.6605207729173662
0.6608260325406758
0.6604902469550352
0.6612839219756402
0.6611923440886474
0.6612839219756402
0.6612228700509784
0.6610702402393236
0.6595439421227755
0.6610397142769926
0.6611923440886474
0.6600628834824018
0.6618639152599286
0.6612839219756402
0.6610702402393236
0.6608870844653377
0.6601849873317256
0.6612228700509784
0.6606734027290211
0.6609481363899997
0.6606734027290211
0.6612839219756402
0.6609176104276687
0.6609786623523306
0.6605207729173662
0.6594523642357826
0.6612839219756402
0.662321804694893
0.6620775969962454
0.6611618181263165
0.6618639152599286
0.6608260325406758
0.6603376171433805
0.6596965719344302
0.6619554931469215
0.6633902133764767
0.6612228700509784
0.6613144479379712
0.6625049604688787
0.6630239018285051
0.6620165450715834
0.6635428431881315
0.6636954729997864
0.663970206660765
0.6621081229585762
0.663115479715498
0.6626881162428646
0.6634512653011386
0.6634512653011386
0.6638786287737721
0.662382856619555
0.6626575902805336
0.6628407460545194
0.6634207393388076
0.6636649470374554
0.6630239018285051
0.6627186422051955
0.6644891480203914
0.6634512653011386
0.6648554595683629
0.6644586220580604
0.6651607191916725
0.665557556701975
0.6645196739827223
0.663970206660765
0.6643059922464055
0.6620470710339144
0.6641228364724198
0.6650386153423486
0.6653133490033273
0.6651912451540035
0.6646417778320461
0.6657101865136298
0.6650996672670106
0.6653133490033273
0.6659849201746085
0.6662901797979182
0.6657101865136298
0.6672975365548399
0.6664733355719039
0.665527030739644
0.6659849201746085
0.6674806923288257
0.6656186086266369
0.665557556701975
0.6661680759485943
0.6665038615342349
0.6667175432705515
0.6665954394212278
0.6679691077261211
0.6677554259898043
0.6657407124759608
0.6682743673494307
0.6678470038767972
0.6666259653835587
0.6680912115754449
0.6690680423700357
0.6690069904453738
0.6679080558014592
0.6679385817637901
0.667999633688452
0.6676638481028114
0.667144906743185
0.6690375164077047
0.6670838548185232
0.6702280289386123
0.6683659452364236
0.6669312250068683
0.6688848865960499
0.6689764644830428
0.669709087578986
0.6685796269727403
0.6674196404041638
0.6673585884795018
0.6694038279556763
0.6690069904453738
0.6694343539180073
0.6702280289386123
0.6692206721816906
0.6698922433529717
0.6695259318050002
0.6693122500686834
0.6703806587502671
0.6705943404865838
0.6696175096919931
0.6698311914283098
0.6676027961781495
0.6701669770139503
0.6710217039592173
0.6693733019933453
0.6693427760310143
0.6698617173906407
0.6714490674318508
0.671296437620196
0.6702585549009432
0.6708996001098935
0.6705943404865838
0.670533288561922
0.6705943404865838
0.6709911779968863
0.6723037943771177
0.6712353856955341
0.6715406453188437
0.6694648798803382
0.6720290607161391
0.672151164565463
0.6711743337708721
0.6719680087914771
0.671326963582527
0.6716322232058366
0.6727616838120821
0.672120638603132
0.6716627491681675
0.6728227357367441
0.67047223663726
0.6714795933941817
0.673738514606673
0.6709911779968863
0.6734943069080253
0.6727616838120821
0.6718764309044842
0.6726090540004274
0.672090112640801
0.6719374828291462
0.6712048597332031
0.6717543270551604
0.6705638145242528
0.6709911779968863
0.672944839586068
0.6731279953600537
0.672120638603132
0.6732500992093776
0.6734637809456944
0.6725480020757655
0.6736164107573491
0.6739216703806588
0.6723648463017796
0.6730974693977227
0.6733416770963705
0.6734943069080253
0.672120638603132
0.6730058915107299
0.6741658780793065
0.6734332549833634
0.6739827223053206
0.6734027290210324
0.6731279953600537
0.6716627491681675
0.673707988644342
0.6733111511340395
0.6725174761134345
0.6749900790622424
0.6736164107573491
0.6742574559662994
0.6744100857779541
0.674501663664947
0.6734332549833634
0.6738911444183278
0.6730974693977227
0.6749595530999115
0.6740437742299826
0.6735553588326872
0.6750816569492353
0.6746237675142709
0.6739521963429898
0.6753869165725449
0.6755395463841998
0.6738606184559969
0.6757837540828474
0.6746237675142709
0.6759669098568333
0.6740132482676516
0.6755090204218688
0.6748985011752495
0.674532189627278
0.6760584877438262
0.6738606184559969
0.6753869165725449
0.6749595530999115
0.6749900790622424
0.6773100521993956
0.6752342867608901
0.6748374492505876
0.6748985011752495
0.6767605848774383
0.6756311242711927
0.675325864647883
0.6775237339357123
0.6752648127232211
0.6754174425348759
0.674501663664947
0.6770963704630788
0.675295338685552
0.675356390610214
0.6755395463841998
0.6762721694801429
0.6756921761958545
0.6770658445007479
0.6766079550657834
0.6747458713635948
0.6755395463841998
0.6766384810281144
0.6770047925760859
0.6757837540828474
0.6767300589151073
0.6760279617814952
0.676089013706157
0.6762721694801429
0.6731890472847156
0.6760584877438262
0.676913214689093
0.6760584877438262
0.6763942733294667
0.6763942733294667
0.6765469031411215
0.6763637473671358
0.6771879483500718
0.676089013706157
0.6762416435178119
0.676974266613755
0.6766995329527763
0.6748679752129186
0.6756005983088617
0.6767300589151073
0.6771268964254098
0.6775237339357123
0.6759669098568333
0.6768216368021002
0.6766079550657834
0.6775542598980433
0.676150065630819
0.677737415672029
0.6743490338532923
0.6770658445007479
0.6786531945419579
0.6770658445007479
0.6780121493330077
0.6781647791446626
0.6778900454836839
0.6781953051069936
0.6779510974083458
0.6770353185384169
0.6772184743124027
0.6775847858603743
0.6776458377850362
0.6776153118227052
0.6778595195213529
0.676943740651424
0.67776794163436
0.6768521627644312
0.6781342531823316
0.6781647791446626
0.6784395128056412
0.6777068897096981
0.6789279282029366
0.6748374492505876
0.6789279282029366
0.6773405781617265
0.6762111175554809
0.6776763637473672
0.6775847858603743
0.6795384474495558
0.6782258310693244
0.6776458377850362
0.6792331878262462
0.6787447724289508
0.6791416099392533
0.6771268964254098
0.6774626820110504
0.6781037272200006
0.67776794163436
0.6773100521993956
0.6786226685796269
0.6789584541652676
0.679416343600232
0.6774932079733813
0.677737415672029
0.6789279282029366
0.6792942397509082
0.6792026618639153
0.6788363503159437
0.6791416099392533
0.6780732012576697
0.679477395524894
0.6786837205042889
0.6796910772612107
0.6792942397509082
0.6785616166549651
0.6773405781617265
0.6775542598980433
0.6801489666961751
0.679477395524894
0.6784089868433102
0.6800573888091822
0.6798742330351965
0.6782868829939864
0.680240544583168
0.6795689734118868
0.6797826551482036
0.677737415672029
0.6792026618639153
0.6800573888091822
0.6785005647303031
0.6792637137885772
0.6796910772612107
0.6792026618639153
0.6781953051069936
0.6789889801275986
0.6796300253365487
0.6785616166549651
0.6799963368845203
0.6792942397509082
0.6795079214872248
0.680240544583168
0.6773100521993956
0.6785616166549651
0.6791721359015843
0.6792026618639153
0.6793858176379011
0.6798742330351965
0.679477395524894
0.6803626484324918
0.6784700387679722
0.6799963368845203
0.6805152782441466
0.6804542263194847
0.6800573888091822
0.6802100186208371
0.6800268628468512
0.6795079214872248
0.6804542263194847
0.6805458042064776
0.6793552916755701
0.6809426417167801
0.6805763301688086
0.6795994993742178
0.6796910772612107
0.6791416099392533
0.6821026282853567
0.6791416099392533
0.6813700051894136
0.6808510638297872
0.6802100186208371
0.6800879147715132
0.6800879147715132
0.6805152782441466
0.6817363167373851
0.6805763301688086
0.6796910772612107
0.6789279282029366
0.6808205378674562
0.681919472511371
0.68030159650783
0.681064745566104
0.6812173753777588
0.6809426417167801
0.6805152782441466
0.6804237003571537
0.6803931743948228
0.6804237003571537
0.6809426417167801
0.6806373820934705
0.6816447388503922
0.6811257974907658
0.6809426417167801
0.6821026282853567
0.6817057907750542
0.6809731676791111
0.6806373820934705
0.679477395524894
0.6813089532647517
0.6808815897921182
0.6816752648127232
0.6813700051894136
0.6813089532647517
0.682652095607314
0.6810036936414421
0.6808205378674562
0.6812479013400897
0.6796910772612107
0.6821636802100186
0.6806679080558015
0.6820721023230257
0.682713147531976
0.681919472511371
0.6821026282853567
0.6812784273024207
0.6825910436826521
0.6831099850422785
0.6825910436826521
0.6829573552306236
0.6814615830764065
0.682713147531976
0.6824689398333282
0.6833236667785952
0.6824689398333282
0.6827741994566379
0.6821331542476876
0.6835678744772429
0.6823773619463354
0.6825910436826521
0.6821942061723496
0.6823773619463354
0.6830184071552856
0.6822552580970115
0.6819499984737019
0.6820110503983638
0.6819805244360329
0.6833236667785952
0.68347629659025
0.6827436734943069
0.6828963033059617
0.6817973686620471
0.683445770627919
0.6828963033059617
0.6824689398333282
0.6840257639122074
0.6823163100216735
0.6833847187032571
0.6828352513812997
0.68030159650783
0.6836899783265667
0.6835678744772429
0.6822247321346806
0.682652095607314
0.6831710369669404
0.681827894624378
0.6842394456485241
0.6839341860252145
0.6834152446655881
0.6839036600628835
0.6827436734943069
0.6828657773436307
0.683445770627919
0.6822552580970115
0.6821026282853567
0.6843920754601789
0.6831405110046094
0.6834152446655881
0.6835984004395739
0.6833847187032571
0.6844226014225099
0.6837205042888977
0.6830794590799475
0.6840562898745383
0.6837815562135596
0.6820721023230257
0.6841478677615311
0.6832626148539332
0.6827436734943069
0.6840257639122074
0.6835984004395739
0.6824689398333282
0.6841783937238621
0.6831405110046094
0.6828352513812997
0.68347629659025
0.6833541927409261
0.6855520620287554
0.6841173417992003
0.6833236667785952
0.6838426081382215
0.6845141793095028
0.6841783937238621
0.6840562898745383
0.6843615494978479
0.6836289264019049
0.6838120821758906
0.6850331206691291
0.6854604841417625
0.6843615494978479
0.6845752312341646
0.6840562898745383
0.6837510302512286
0.6838731341005525
0.6844836533471718
0.6840562898745383
0.6852162764431149
0.6827741994566379
0.684331023535517
0.6838426081382215
0.6851552245184529
0.6821331542476876
0.6853383802924388
0.6840257639122074
0.6855215360664245
0.6853689062547696
0.6831405110046094
0.6847889129704814
0.6850025947067981
0.684331023535517
0.6833847187032571
0.6851857504807839
0.6831405110046094
0.6850331206691291
0.684300497573186
0.6829573552306236
0.6854910101040935
0.68506364663146
0.6851857504807839
0.6838120821758906
0.6853078543301078
0.68506364663146
0.6847889129704814
0.6857352178027413
0.6858267956897341
0.6861015293507128
0.6856436399157484
0.6838120821758906
0.6847889129704814
0.6845752312341646
0.6863152110870295
0.6848804908574743
0.6847889129704814
0.6865594187856772
0.6854910101040935
0.6848194389328124
0.6854910101040935
0.6853994322171006
0.6867731005219939
0.685948899539058
0.6861625812753747
0.6855825879910864
0.6867731005219939
0.6861625812753747
0.6865288928233463
0.6847583870081504
0.6854604841417625
0.6866509966726702
0.6871699380322964
0.6868341524466559
0.687475197655606
0.6868341524466559
0.6862541591623675
0.6864373149363534
0.6871699380322964
0.6874446716932752
0.6869562562959798
0.6837815562135596
0.6868952043713178
0.6860404774260509
0.6882078207515492
0.6864067889740224
0.686742574559663
0.6870783601453035
0.687505723617937
0.6862236332000367
0.6855825879910864
0.6869562562959798
0.6879330870905705
0.6873836197686132
0.6877804572789157
0.6872004639946274
0.686742574559663
0.6865594187856772
0.6870173082206417
0.686681522635001
0.6860099514637199
0.6873225678439513
0.6864983668610153
0.6879941390152324
0.6854910101040935
0.6862236332000367
0.6856131139534174
0.6865594187856772
0.6874141457309442
0.6872309899569584
0.6889099178851613
0.685857321652065
0.6871699380322964
0.6878109832412467
0.6878109832412467
0.686712048597332
0.6880857169022253
0.6863762630116914
0.6865288928233463
0.6865288928233463
0.6864067889740224
0.6866204707103392
0.6863762630116914
0.6876583534295919
0.6879330870905705
0.6873530938062823
0.6880246649775634
0.6882383467138802
0.688360450563204
0.6866509966726702
0.6875667755425989
0.6870478341829727
0.686681522635001
0.6884825544125278
0.6875667755425989
0.6884215024878659
0.6876278274672609
0.6875973015049299
0.6879636130529015
0.6873836197686132
0.6880246649775634
0.6886657101865137
0.6870173082206417
0.6879636130529015
0.6876888793919228
0.6877194053542538
0.6875973015049299
0.6878720351659086
0.6873836197686132
0.6875667755425989
0.6877194053542538
0.6880551909398944
0.6882383467138802
0.686681522635001
0.6874446716932752
0.6882078207515492
0.688329924600873
0.6890930736591471
0.6873225678439513
0.6886962361488446
0.6879636130529015
0.6875973015049299
0.6866204707103392
0.687505723617937
0.6890014957721542
0.688329924600873
0.6878415092035777
0.688329924600873
0.6868646784089868
0.6881772947892182
0.6882688726762111
0.6892762294331328
0.6890320217344852
0.6901004304160688
0.6877499313165848
0.6887572880735066
0.6880551909398944
0.6891541255838091
0.6885436063371898
0.6890014957721542
0.6877804572789157
0.68918465154614
0.6885130803748588
0.6898562227174212
0.6892151775084709
0.6886962361488446
0.6887267621111756
0.6882993986385421
0.6882383467138802
0.6873530938062823
0.6884215024878659
0.6886962361488446
0.6897951707927592
0.6889709698098233
0.6877194053542538
0.6887267621111756
0.688329924600873
0.6896120150187734
0.6899783265667451
0.6886046582618517
0.6899783265667451
0.6880551909398944
0.688360450563204
0.6893372813577948
0.6891235996214781
0.6889404438474923
0.6896425409811044
0.6885741322995207
0.6901920083030617
0.6895814890564425
0.6892762294331328
0.6893372813577948
0.6898867486797521
0.6885741322995207
0.6898256967550902
0.6909551573613358
0.6884215024878659
0.6899478006044141
0.6905888458133642
0.690008852529076
0.6899783265667451
0.690039378491407
0.6893983332824567
0.6892151775084709
0.6903446381147166
0.6893983332824567
0.6902530602277237
0.6907720015873501
0.6904972679263713
0.6899783265667451
0.6899783265667451
0.6898867486797521
0.6894899111694496
0.6901004304160688
0.6897341188680973
0.6893067553954638
0.6907720015873501
0.6901614823407308
0.6906498977380262
0.6904972679263713
0.6898867486797521
0.6915656766079551
0.690069904453738
0.6893678073201258
0.6907720015873501
0.6894593852071187
0.6901614823407308
0.6894593852071187
0.6921151439299124
0.6912909429469764
0.6901309563783998
0.6918098843066027
0.6902530602277237
0.6913519948716383
0.6909246313990048
0.6899478006044141
0.6905583198510333
0.6912604169846455
0.6898562227174212
0.6906193717756952
0.6901614823407308
0.6911688390976526
0.6905277938887023
0.6910772612106597
0.6901614823407308
0.6921456698922434
0.6899783265667451
0.6906498977380262
0.691596202570286
0.6910772612106597
0.691596202570286
0.6915046246832931
0.6904056900393785
0.6914435727586312
0.687505723617937
0.6895509630941116
0.6903446381147166
0.6919625141182576
0.690069904453738
0.6909551573613358
0.6918709362312647
0.6911383131353216
0.6915351506456241
0.691596202570286
0.691596202570286
0.6910772612106597
0.6910772612106597
0.6907414756250191
0.6913214689093073
0.6889404438474923
0.6918404102689337
0.6918404102689337
0.6920235660429195
0.6918709362312647
0.6913825208339693
0.6909246313990048
0.6910162092859977
0.691657254494948
0.6922677737415672
0.6894288592447877
0.6926951372142007
0.6918404102689337
0.6914435727586312
0.6926035593272077
0.6907109496626881
0.691687780457279
0.6926035593272077
0.693244604536158
0.6922067218169052
0.6940077535944321
0.6923593516285601
0.6926646112518697
0.6931225006868341
0.6938551237827772
0.6934582862724747
0.6921456698922434
0.6935193381971366
0.692420403553222
0.6927867151011936
0.6930919747245032
0.6931835526114961
0.6931530266491651
0.6930309227998412
0.6925425074025459
0.6927561891388626
0.6926646112518697
0.694068805519094
0.6937635458957844
0.6927256631765316
0.6929698708751794
0.692450929515553
0.6920235660429195
0.6920540920052505
0.694099331481425
0.6926340852895387
0.6930919747245032
0.6945572209163894
0.6934277603101437
0.6928477670258555
0.6936719680087915
0.692481455477884
0.6926340852895387
0.6927867151011936
0.6931530266491651
0.6933972343478129
0.6938551237827772
0.6928172410635245
0.6934888122348057
0.6927867151011936
0.6934582862724747
0.6939772276321011
0.6941298574437559
0.694068805519094
0.6946487988033823
0.6944961689917275
0.6946182728410513
0.693244604536158
0.6944351170670655
0.6943740651424036
0.6931225006868341
0.6941909093684179
0.6928782929881865
0.6937940718581154
0.6944045911047346
0.6939772276321011
0.6941603834060869
0.6943435391800726
0.6939772276321011
0.6943130132177416
0.6934888122348057
0.6945572209163894
0.6944351170670655
0.6931530266491651
0.6941909093684179
0.6934582862724747
0.6947403766903751
0.6934888122348057
0.6955035257486493
0.6945266949540584
0.6945877468787204
0.6944961689917275
0.6943740651424036
0.6949235324643609
0.6951677401630086
0.6941298574437559
0.6951982661253396
0.6949845843890229
0.6953203699746634
0.6941298574437559
0.6943130132177416
0.6938856497451082
0.6946182728410513
0.6941909093684179
0.6954119478616564
0.6953508959369944
0.6953508959369944
0.6954729997863183
0.6946793247657133
0.6944351170670655
0.6945877468787204
0.6948014286150371
0.6952898440123325
0.6952593180500015
0.6947709026527061
0.6952593180500015
0.6940077535944321
0.6953508959369944
0.6960835190329375
0.6935803901217986
0.6946487988033823
0.6951372142006776
0.6955035257486493
0.6955951036356421
0.6951066882383468
0.694862480539699
0.694068805519094
0.6953203699746634
0.6954729997863183
0.6937635458957844
0.6952593180500015
0.695625629597973
0.6947403766903751
0.6955035257486493
0.6947098507280443
0.6958087853719589
0.6953508959369944
0.6951677401630086
0.694831954577368
0.695656155560304
0.6955340517109802
0.6949845843890229
0.695717207484966
0.6959919411459446
0.694831954577368
0.6958393113342898
0.695656155560304
0.6955035257486493
0.6958393113342898
0.6951372142006776
0.6961750969199304
0.6954119478616564
0.6953508959369944
0.6960835190329375
0.6962666748069233
0.6966329863548948
0.6960529930706065
0.6952593180500015
0.6958698372966208
0.6967550902042187
0.6963277267315852
0.6958393113342898
0.695625629597973
0.6953508959369944
0.6961750969199304
0.6950151103513538
0.6968466680912115
0.695625629597973
0.6955035257486493
0.6951982661253396
0.6972129796391832
0.6950151103513538
0.6970908757898593
0.694831954577368
0.6970298238651973
0.6961140449952685
0.6950761622760158
0.6960224671082755
0.6970908757898593
0.6958698372966208
0.6959308892212827
0.6966024603925639
0.6972129796391832
0.6962972007692543
0.6960835190329375
0.6967856161665497
0.6953508959369944
0.6961445709575994
0.6970603498275283
0.6958393113342898
0.6961140449952685
0.6974571873378308
0.6951677401630086
0.6963277267315852
0.6971214017521903
0.6941298574437559
0.6962972007692543
0.6953508959369944
0.6957477334472969
0.6971214017521903
0.6962972007692543
0.6963582526939162
0.696449830580909
0.69648035654324
0.6962972007692543
0.6978845508104643
0.6963887786562472
0.6954424738239873
0.6965719344302329
0.6976403431118166
0.6969077200158735
0.6973656094508379
0.6973350834885069
0.6974571873378308
0.6966329863548948
0.6967550902042187
0.695656155560304
0.696449830580909
0.6962972007692543
0.696510882505571
0.6978234988858024
0.6971824536768522
0.6969077200158735
0.6966024603925639
0.6969382459782044
0.6973656094508379
0.6966635123172258
0.6970908757898593
0.6955645776733111
0.6974266613754999
0.6966635123172258
0.6968771940535425
0.6979761286974572
0.6971824536768522
0.6977929729234714
0.6971214017521903
0.6959308892212827
0.6975487652248237
0.6961750969199304
0.6975487652248237
0.697243505601514
0.6970298238651973
0.6973961354131689
0.6971519277145212
0.6965719344302329
0.6976708690741475
0.6959614151836137
0.6982508623584358
0.6976403431118166
0.6968161421288807
0.698128758509112
0.6979150767727953
0.6961140449952685
0.6976403431118166
0.6964193046185781
0.698128758509112
0.6977929729234714
0.69648035654324
0.6973656094508379
0.6971519277145212
0.6967245642418878
0.6979150767727953
0.6977013950364785
0.6963887786562472
0.697274031563845
0.6975792911871547
0.698098232546781
0.6974266613754999
0.6972129796391832
0.697304557526176
0.6974571873378308
0.6973656094508379
0.6988308556427242
0.6988919075673861
0.6960529930706065
0.6969992979028664
0.6977624469611404
0.6979150767727953
0.6983729662077597
0.6975792911871547
0.697243505601514
0.6985866479440764
0.6970908757898593
0.6965414084679019
0.6974266613754999
0.698128758509112
0.6992582191153576
0.6977929729234714
0.6967856161665497
0.6979761286974572
0.6975487652248237
0.6982203363961049
0.6982508623584358
0.6982203363961049
0.6985255960194146
0.6961140449952685
0.6989224335297171
0.6981898104337739
0.6982813883207668
0.6983119142830978
0.6973350834885069
0.6985866479440764
0.6983424402454287
0.6976403431118166
0.6986171739064074
0.69806770658445
0.6975487652248237
0.6983119142830978
0.6976403431118166
0.6970908757898593
0.6993192710400196
0.69806770658445
0.6977929729234714
0.6986782258310693
0.6975182392624928
0.6985255960194146
0.6979761286974572
0.6976708690741475
0.6987698037180622
0.6978845508104643
0.6982813883207668
0.6984645440947526
0.6971824536768522
0.6983729662077597
0.6979456027351262
0.6973961354131689
0.6989529594920479
0.6987087517934003
0.6989224335297171
0.6988919075673861
0.6990750633413718
0.6986782258310693
0.6983729662077597
0.6988613816050551
0.6989224335297171
0.6986476998687383
0.6984340181324217
0.6985561219817454
0.6977929729234714
0.6986171739064074
0.696510882505571
0.6991361152660338
0.6981898104337739
0.6983729662077597
0.6992276931530267
0.6982813883207668
0.6996550566256601
0.6991361152660338
0.6974571873378308
0.69806770658445
0.6987698037180622
0.6986476998687383
0.6969382459782044
0.6988613816050551
0.6986782258310693
0.6993803229646814
0.6986782258310693
0.699777160474984
0.6982203363961049
0.6977013950364785
0.6972129796391832
0.6993803229646814
0.6985866479440764
0.6984950700570836
0.6996550566256601
0.6981592844714429
0.6994108489270124
0.6985255960194146
0.6990140114167099
0.6994413748893434
0.6989224335297171
0.6984340181324217
0.6996855825879911
0.6993803229646814
0.6987392777557313
0.6997466345126531
0.7000824200982936
0.6998992643243078
0.6986171739064074
0.6994413748893434
0.6995024268140053
0.6991361152660338
0.6978540248481333
0.7005403095332581
0.6978540248481333
0.699807686437315
0.6986782258310693
0.6983119142830978
0.6987698037180622
0.7001129460606246
0.6986476998687383
0.7000213681736317
0.6975792911871547
0.6999603162489697
0.6990445373790408
0.6993803229646814
0.7000213681736317
0.6999603162489697
0.6986171739064074
0.6990750633413718
0.6978234988858024
0.7001739979852865
0.6998382123996459
0.6994413748893434
0.7000213681736317
0.7000518941359626
0.6996855825879911
0.6998992643243078
0.6990140114167099
0.6990140114167099
0.7002350499099484
0.6998992643243078
0.6985561219817454
0.6996550566256601
0.6991971671906957
0.6989834854543789
0.6998687383619768
0.6995634787386672
0.6986171739064074
0.6998382123996459
0.6999297902866388
0.699777160474984
0.7000213681736317
0.7000518941359626
0.6989529594920479
0.7001434720229556
0.6986476998687383
0.7003266277969413
0.7007234653072438
0.7016392441771727
0.6996855825879911
0.6990140114167099
0.7001739979852865
0.7002961018346103
0.7000824200982936
0.70060136145792
0.698128758509112
0.7002045239476175
0.7002655758722793
0.6999297902866388
0.7005403095332581
0.6999297902866388
0.7003571537592722
0.7002655758722793
0.6998687383619768
0.7011813547422082
0.7009371470435606
0.6998382123996459
0.7001129460606246
0.6991055893037028
0.7003876797216032
0.7001739979852865
0.7002961018346103
0.7009066210812296
0.7008455691565677
0.7005403095332581
0.6989529594920479
0.7002045239476175
0.7004792576085961
0.7003571537592722
0.7004182056839342
0.6999297902866388
0.6998992643243078
0.7011203028175463
0.6998992643243078
0.70060136145792
0.7010897768552153
0.7002655758722793
0.700631887420251
0.7009371470435606
0.7006929393449128
0.6992582191153576
0.7005403095332581
0.7004182056839342
0.7004792576085961
0.700570835495589
0.7004792576085961
0.7011203028175463
0.7013034585915321
0.700631887420251
0.7003876797216032
0.7015171403278488
0.7008150431942367
0.7009371470435606
0.7001434720229556
0.7012729326292011
0.7003876797216032
0.7009066210812296
0.7008150431942367
0.7007539912695748
0.7008760951188986
0.7001434720229556
0.7005403095332581
0.7009066210812296
0.7015476662901798
0.6989529594920479
0.7003876797216032
0.7004487316462652
0.7017002961018346
0.7015171403278488
0.7012118807045392
0.7017002961018346
0.7011508287798773
0.7007234653072438
0.7013339845538631
0.7016087182148417
0.7018529259134895
0.7019750297628132
0.7003876797216032
0.700631887420251
0.7004487316462652
0.699807686437315
0.7004182056839342
0.7017002961018346
0.7009066210812296
0.7013034585915321
0.701395036478525
0.7010897768552153
0.6995024268140053
0.7001739979852865
0.7016697701395036
0.7019750297628132
0.701395036478525
0.7005403095332581
0.7018529259134895
0.7009066210812296
0.7017002961018346
0.7016697701395036
0.7010592508928843
0.701364510516194
0.70218871149913
0.701425562440856
0.7019445038004823
0.7015476662901798
0.7009371470435606
0.7016392441771727
0.7015781922525107
0.70060136145792
0.7020360816874752
0.7011203028175463
0.7005097835709271
0.701364510516194
0.7005097835709271
0.7027687047834184
0.70218871149913
0.7000213681736317
0.7017002961018346
0.7012424066668702
0.7010592508928843
0.7023718672731157
0.7025244970847706
0.7010287249305535
0.7009981989682225
0.7015171403278488
0.7012424066668702
0.7003266277969413
0.7015781922525107
0.7026771268964254
0.7009371470435606
0.70218871149913
0.7007234653072438
0.7017613480264966
0.7006624133825818
0.7016087182148417
0.7018834518758204
0.7011203028175463
0.7027076528587564
0.7019139778381513
0.7017613480264966
0.7008455691565677
0.70218871149913
0.7020055557251442
0.7016697701395036
0.7012729326292011
0.7009371470435606
0.7014866143655178
0.7012729326292011
0.7009066210812296
0.7035623798040234
0.70218871149913
0.70218871149913
0.701395036478525
0.7018223999511585
0.7003266277969413
0.7013034585915321
0.7031960682560517
0.7031960682560517
0.7023108153484539
0.7027381788210874
0.7024023932354467
0.702219237461461
0.7021276595744681
0.7021276595744681
0.703012912482066
0.7016087182148417
0.7029518605574041
0.7025244970847706
0.7015476662901798
0.7018223999511585
0.7027687047834184
0.7020666076498061
0.7036234317286852
0.7020971336121371
0.7015476662901798
0.7012424066668702
0.7030739644067279
0.7028297567080802
0.7032265942183827
0.7027076528587564
0.7031960682560517
0.7023718672731157
0.7017613480264966
0.7029213345950731
0.7026466009340945
0.7019750297628132
0.703012912482066
0.7026160749717635
0.7032571201807137
0.7019445038004823
0.70218871149913
0.7039592173143259
0.7035929057663542
0.7027687047834184
0.7026160749717635
0.7026160749717635
0.7015476662901798
0.7034402759546995
0.7028602826704112
0.7018223999511585
0.7031044903690589
0.7021581855367991
0.702982386519735
0.7034402759546995
0.7016087182148417
0.7029518605574041
0.7023413413107849
0.7027076528587564
0.703867639427333
0.7032265942183827
0.7029213345950731
0.7028908086327421
0.7029213345950731
0.703043438444397
0.7037455355780091
0.7031960682560517
0.7037760615403401
0.7035013278793614
0.7024634451601087
0.7025550230471016
0.7035623798040234
0.7027076528587564
0.7036539576910162
0.7024023932354467
0.7028602826704112
0.703043438444397
0.7031960682560517
0.702982386519735
0.7036539576910162
0.7027992307457492
0.7032265942183827
0.7035623798040234
0.7021581855367991
0.703837113465002
0.7027381788210874
0.7035929057663542
0.7020055557251442
0.7028602826704112
0.7034402759546995
0.7036844836533471
0.7033486980677066
0.7023108153484539
0.7033486980677066
0.7029518605574041
0.7047528923349309
0.7036539576910162
0.7036844836533471
0.7033792240300375
0.7039286913519949
0.7037150096156781
0.7036539576910162
0.7025550230471016
0.7024939711224396
0.7041118471259806
0.7033792240300375
0.7031655422937209
0.7034097499923685
0.7047223663725999
0.7024939711224396
0.7037760615403401
0.7023718672731157
0.703806587502671
0.7043255288622974
0.7032265942183827
0.7036234317286852
0.7038981653896639
0.7037760615403401
0.7013034585915321
0.703012912482066
0.7032571201807137
0.7030739644067279
0.7034708019170305
0.7029518605574041
0.7032571201807137
0.7040202692389878
0.7036539576910162
0.7036234317286852
0.7031960682560517
0.7034708019170305
0.7040813211636496
0.7045086846362831
0.7031350163313899
0.7029518605574041
0.7038981653896639
0.7043865807869593
0.7035623798040234
0.7031350163313899
0.7041423730883116
0.7037455355780091
0.7042034250129735
0.7049055221465856
0.7029213345950731
0.7032876461430446
0.7024939711224396
0.7028602826704112
0.703867639427333
0.7035929057663542
0.7034708019170305
0.7038981653896639
0.7040813211636496
0.7037760615403401
0.7041728990506426
0.7039286913519949
0.7028602826704112
0.7028602826704112
0.7042339509753045
0.7048139442595928
0.7040202692389878
0.7031350163313899
0.7035318538416924
0.7040507952013187
0.7031960682560517
0.7033486980677066
0.7043560548246284
0.7043865807869593
0.703043438444397
0.7047528923349309
0.703043438444397
0.7047528923349309
0.7033486980677066
0.704600262523276
0.7032265942183827
0.7040813211636496
0.7040202692389878
0.7040813211636496
0.7031044903690589
0.704600262523276
0.7049360481089166
0.7047223663725999
0.7038981653896639
0.7042950028999664
0.7042950028999664
0.7044781586739522
0.7044476327116213
0.7024939711224396
0.7047223663725999
0.7041423730883116
0.7034097499923685
0.7036844836533471
0.7035623798040234
0.7021276595744681
0.7042644769376355
0.7046918404102689
0.7029213345950731
0.7042950028999664
0.7044781586739522
0.7042339509753045
0.704630788485607
0.7039592173143259
0.7031655422937209
0.7046918404102689
0.704600262523276
0.7031960682560517
0.7047834182972619
0.7047528923349309
0.7047834182972619
0.7041728990506426
0.7043865807869593
0.7040507952013187
0.7032876461430446
0.7032265942183827
0.7041728990506426
0.703867639427333
0.7038981653896639
0.704630788485607
0.7040813211636496
0.7039286913519949
0.7034097499923685
0.7055770933178669
0.7042950028999664
0.7048444702219238
0.7029213345950731
0.7045697365609451
0.7043255288622974
0.7045392105986141
0.7039286913519949
0.7053328856192191
0.7047834182972619
0.7035318538416924
0.7052107817698953
0.7043865807869593
0.7053328856192191
0.704630788485607
0.703012912482066
0.7046918404102689
0.703837113465002
0.7044171067492903
0.7040202692389878
0.7042034250129735
0.7052107817698953
0.7045086846362831
0.7046918404102689
0.7044171067492903
0.7052107817698953
0.7043560548246284
0.7051802558075644
0.704630788485607
0.7041423730883116
0.7053328856192191
0.7044171067492903
0.7050276259959095
0.7042950028999664
0.7050581519582405
0.7052107817698953
0.7048444702219238
0.7049971000335785
0.705424463506212
0.7033486980677066
0.7050276259959095
0.704630788485607
0.7048444702219238
0.7048139442595928
0.7048444702219238
0.7056381452425288
0.7042339509753045
0.7059128789035074
0.705485515430874
0.7053328856192191
0.7060044567905003
0.7040507952013187
0.7050581519582405
0.7051802558075644
0.7048749961842548
0.7044781586739522
0.7056076192801978
0.7060960346774932
0.7048749961842548
0.7046918404102689
0.7047528923349309
0.7053634115815501
0.704661314447938
0.705454989468543
0.7042034250129735
0.7065539241124577
0.7049971000335785
0.7052718336945573
0.7052413077322263
0.7047528923349309
0.705393937543881
0.705424463506212
0.7049055221465856
0.7053023596568881
0.7050276259959095
0.7056381452425288
0.7051192038829024
0.7059739308281694
0.7060960346774932
0.7052718336945573
0.7048749961842548
0.7058823529411765
0.7060044567905003
0.7055465673555359
0.7048444702219238
0.7044781586739522
0.7059434048658384
0.7042644769376355
0.7046918404102689
0.705424463506212
0.7060349827528313
0.7056381452425288
0.7048749961842548
0.7049971000335785
0.7058823529411765
0.7057602490918526
0.7049665740712476
0.7053023596568881
0.7058823529411765
0.7055770933178669
0.7056991971671907
0.7052413077322263
0.7068897096980983
0.706218138526817
0.7044171067492903
0.7055160413932049
0.7055465673555359
0.705454989468543
0.7059128789035074
0.7052718336945573
0.7058518269788455
0.7044781586739522
0.7055770933178669
0.7059739308281694
0.7061570866021551
0.7057907750541835
0.7052413077322263
0.706248664489148
0.7060349827528313
0.7066149760371195
0.7041423730883116
0.7055465673555359
0.705485515430874
0.7056686712048598
0.7048749961842548
0.7065233981501267
0.7068286577734363
0.7058213010165145
0.7056076192801978
0.7057907750541835
0.704600262523276
0.7061265606398242
0.7066149760371195
0.705485515430874
0.7052107817698953
0.7064928721877958
0.7059434048658384
0.7066149760371195
0.7049055221465856
0.7056076192801978
0.7051192038829024
0.7057907750541835
0.7059739308281694
0.7059739308281694
0.7049055221465856
0.7065233981501267
0.7056686712048598
0.7055465673555359
0.7057602490918526
0.7059739308281694
0.7056686712048598
0.7059434048658384
0.7061265606398242
0.706248664489148
0.707011813547422
0.7064623462254648
0.7060044567905003
0.7068286577734363
0.7065539241124577
0.7063707683384719
0.706279190451479
0.7050581519582405
0.706218138526817
0.707072865472084
0.7066149760371195
0.7067370798864434
0.7069507616227602
0.705454989468543
0.7041423730883116
0.7071033914344149
0.7060044567905003
0.7067065539241124
0.7072865472084008
0.7060349827528313
0.707042339509753
0.7049055221465856
0.7071644433590769
0.7066149760371195
0.7067370798864434
0.7066455019994505
0.7074391770200555
0.7067370798864434
0.705485515430874
0.706218138526817
0.7061570866021551
0.7048749961842548
0.7071949693214079
0.7068897096980983
0.7066455019994505
0.7074086510577245
0.7061876125644861
0.7082328520406606