0.4365823132574254
0.5191855673250099
0.562257700173998
0.6042614243414024
0.640404163741262
0.6662596538355872
0.6792026618639153
0.68918465154614
0.6951982661253396
0.7007234653072438
0.7018223999511585
0.7071339173967459
0.7060655087151623
0.7101865136298422
0.7107970328764615
0.7138801550718886
0.7149485637534724
0.7161390762843799
0.72090112640801
0.7198632436887573
0.7206263927470313
0.7216948014286151
0.7230684697335084
0.7253273909459995
0.7256326505693091
0.727433682346836
0.7267926371378858
0.7298147074086511
0.7310967978265515
0.7328978296040782
0.7340578161726549
0.7344546536829574
0.7360114777618364
0.7359809517995055
0.7373546201043988
0.7374461979913917
0.737171464330413
0.7383925028236515
0.7406819499984737
0.742116670228029
0.7401324826765163
0.7409566836594523
0.742879819286303
0.7440398058548796
0.7430935010226197
0.7448640068378156
0.7458103116700754
0.7459018895570683
0.7472755578619616
0.746878720351659
0.7465124088036875
0.746970298238652
0.7484965963552
0.7490765896394884
0.748557648279862
0.748527122317531
0.7501449983210721
0.7502671021703959
0.7499618425470863
0.7514270887389725
0.7525870753075491
0.7531060166671755
0.7530144387801826
0.7522512897219085
0.7531365426295064
0.7533196984034922
0.7537165359137947
0.7542049513110901
0.7533196984034922
0.7562807167495955
0.7569828138832077
0.7553344119173357
0.7568912359962148
0.755883879239293
0.7578985927531365
0.7569828138832077
0.756708080222229
0.7578375408284747
0.7583870081504319
0.7576849110168198
0.7579901706401294
0.758295430263439
0.7592112091333679
0.7600048841539729
0.7593943649073537
0.7596080466436704
0.7597301504929943
0.759150157208706
0.7617448640068378
0.7612259226472115
0.7615006563081901
0.7610427668732257
0.760798559174578
0.7596690985683323
0.7626606428767667
0.76244696114045
0.7636374736713575
0.7637290515583504
0.7641258890686529
0.7619890717054855
0.7615617082328521
0.7626606428767667
0.7619890717054855
0.7647058823529411
0.7638511554076742
0.7645837785036174
0.7644922006166245
0.7644616746542935
0.7659269208461796
0.7636985255960194
0.7650721939009127
0.7662016545071584
0.7662932323941513
0.7670258554900943
0.765682713147532
0.7668426997161085
0.7654995573735462
0.768887939192283
0.7668426997161085
0.7669342776031014
0.7669037516407705
0.768124790134009
0.7685216276443115
0.7679416343600232
0.768033212247016
0.7673616410757349
0.7695289844012333
0.7691931988155927
0.7686742574559663
0.7693458286272474
0.7702310815348454
0.7705058151958241
0.7704447632711621
0.7703531853841692
0.7706279190451479
0.7719405354253793
0.7699258219115358
0.7702310815348454
0.769681614212888
0.7707194969321408
0.7720015873500412
0.7724289508226747
0.7726426325589915
0.7716658017644006
0.7725815806343295
0.7723678988980127
0.7721236911993651
0.7725205287096676
0.7736499893159132
0.7725205287096676
0.7736194633535822
0.7724900027473366
0.7735278854665893
0.7749626056961446
0.7733752556549345
0.774626820110504
0.7737110412405751
0.7749015537714826
0.7736805152782441
0.7752373393571232
0.7759089105284044
0.7756036509050948
0.7764889038126926
0.7750847095454684
0.7757562807167496
0.7774657346072835
0.7772825788332978
0.7775267865319454
0.7773741567202906
0.7771299490216429
0.7754815470557709
0.7769773192099881
0.7746878720351659
0.7777404682682622
0.7777404682682622
0.7767025855490094
0.7780762538539028
0.7779541500045789
0.7782288836655575
0.7763057480387069
0.7791751884978174
0.777068897096981
0.7792362404224793
0.7795415000457889
0.7776794163436003
0.7785036173265362
0.7788699288745078
0.7797246558197747
0.7793888702341342
0.7790530846484935
0.7785951952135292
0.780304649104063
0.7799078115937605
0.7808235904636893
0.7795415000457889
0.781128850086999
0.7802130712170701
0.7799383375560914
0.7809456943130132
0.7795720260081199
0.7790836106108245
0.7802741231417321
0.7798162337067676
0.7816172654842944
0.780304649104063
0.7803962269910559
0.7810067462376752
0.7812814798986538
0.7808846423883513
0.7818004212582802
0.7800299154430843
0.7828688299398638
0.7811899020116609
0.7818919991452731
0.7823804145425685
0.7821056808815898
0.7807930645013584
0.7812509539363228
0.781953051069935
0.7826246222412162
0.7818004212582802
0.7837540828474617
0.7830825116761806
0.7815867395219634
0.7848835434537074
0.783570927073476
0.7841203943954334
0.7823804145425685
0.7838151347721237
0.7835098751488141
0.783631978998138
0.7840288165084405
0.7840288165084405
0.783601453035807
0.7840593424707714
0.7846698617173906
0.7840898684331024
0.7846088097927287
0.7841203943954334
0.7840288165084405
0.7853719588510027
0.785158277114686
0.7857382703989744
0.7849445953783694
0.785951952135291
0.7846088097927287
0.7856466925119815
0.7852803809640099
0.786043530022284
0.7861656338716078
0.7855551146249885
0.7839067126591166
0.7853109069263409
0.7856772184743124
0.7854330107756647
0.7866845752312341
0.7870508867792058
0.7854635367379956
0.785188803077017
0.7872035165908605
0.7879971916114655
0.7865319454195794
0.7854330107756647
0.786043530022284
0.7864098415702555
0.7884856070087609
0.7872950944778534
0.78845508104643
0.7871424646661986
0.7873866723648463
0.7880582435361275
0.7876919319881559
0.7887908666320705
0.7874171983271773
0.7891571781800422
0.7882719252724442
0.7899203272383162
0.7887603406697397
0.7879666656491345
0.7901034830123019
0.788394029121768
0.7910497878445618
0.7891266522177112
0.7881498214231204
0.78845508104643
0.78845508104643
0.7896455935773375
0.7903476907109497
0.7902255868616258
0.7911108397692237
0.7919960926768216
0.7902866387862877
0.7899508532006472
0.7904087426356116
0.7905918984095973
0.7920876705638146
0.7906224243719283
0.7910803138068928
0.7912634695808786
0.7908361061082451
0.7908666320705761
0.7911108397692237
0.7909582099575689
0.7919045147898287
0.7922403003754693
0.7914466253548643
0.7908361061082451
0.7937360725296865
0.793308709057053
0.7936139686803626
0.7927897676974267
0.7919045147898287
0.7936750206050246
0.7935223907933697
0.792545559998779
0.7929729234714125
0.7945297475502915
0.7923013523001312
0.7944076437009677
0.7926371378857718
0.795720260081199
0.7943160658139747
0.7946213254372844
0.7951402667969107
0.7952318446839036
0.7955981562318752
0.794987636985256
0.7938887023413413
0.7963307793278183
0.7940413321529961
0.794957111022925
0.79575078604353
0.7953539485332275
0.7947129033242774
0.7952318446839036
0.79575078604353
0.795781312005861
0.7964528831771421
0.7959339418175158
0.7976739216703806
0.7969412985744375
0.797368662047071
0.7952928966085656
0.7963918312524803
0.7965139351018041
0.7969107726121066
0.7979791812936903
0.7983149668793309
0.7977349735950425
0.796574987026466
0.7962392014408254
0.7980097072560213
0.7971244543484234
0.7973076101224091
0.798956012088281
0.7983760188039928
0.7982844409169999
0.799780213071217
0.799810739033548
0.7985591745779785
0.7978265514820355
0.7982844409169999
0.7991696938245978
0.7978265514820355
0.7996886351842242
0.7996886351842242
0.7993528495985835
0.7994139015232455
0.7999633688452028
0.7988033822766263
0.8015507188864129
0.8000854726945267
0.8004823102048292
0.8013065111877652
0.8005128361671602
0.8008486217528008
0.8013675631124271
0.7989254861259502
0.8021917640953631
0.8024054458316798
0.8008486217528008
0.8001770505815196
0.8021001862083702
0.8018865044720535
0.8015201929240819
0.8030464910406301
0.8036264843249183
0.803138068927623
0.8022528160200251
0.8026801794926585
0.8026801794926585
0.8037791141365731
0.8033517506639397
0.8043285814585305
0.8034738545132636
0.8034128025886016
0.8036264843249183
0.8053359382154522
0.8042675295338686
0.8041759516468757
0.8034128025886016
0.8031991208522848
0.8050001526298116
0.8042370035715376
0.8045727891571782
0.8043896333831924
0.8025275496810037
0.8051833084037975
0.8051833084037975
0.8042064776092066
0.8041148997222137
0.8042370035715376
0.8046643670441711
0.8058548795750786
0.8052748862907904
0.8050612045544736
0.8048780487804879
0.805488568027107
0.8073811776916268
0.8067401324826765
0.8057327757257547
0.8067096065203455
0.8062822430477121
0.8056411978387619
0.807136969992979
0.8058243536127476
0.8060380353490644
0.8078085411642602
0.8074727555786196
0.8078085411642602
0.8083885344485485
0.8074117036539576
0.80716749595531
0.8082053786745628
0.8086632681095272
0.8070148661436551
0.8086632681095272
0.806312769010043
0.8080527488629079
0.8078695930889221
0.8078390671265911
0.8084190604108794
0.8088769498458439
0.80875484599652
0.8098232546781037
0.8097011508287799
0.8083580084862175
0.8077474892395983
0.8091822094691535
0.810372722000061
0.8094874690924632
0.8088769498458439
0.8086632681095272
0.80875484599652
0.8098843066027657
0.807991696938246
0.8102506181507372
0.8104642998870539
0.8088158979211819
0.8094569431301322
0.8105864037363778
0.80875484599652
0.8109527152843493
0.8092127354314845
0.8089380017705058
0.8109527152843493
0.8112885008699899
0.8113190268323209
0.8104948258493849
0.8128147989865381
0.812082175890595
0.8101895662260753
0.8106474556610397
0.8111969229829971
0.8114716566439757
0.8115632345309686
0.8106779816233707
0.8116853383802924
0.8118990201166092
0.8121432278152568
0.8126926951372142
0.8117158643426234
0.812082175890595
0.8123569095515736
0.8116242864556306
0.8116853383802924
0.8115937604932996
0.812906376873531
0.8117769162672853
0.8129674287981928
0.8124179614762356
0.8148295125003816
0.8129979547605238
0.812936902835862
0.8122348057022498
0.8130895326475167
0.8132726884215025
0.8136084740071431
0.8135474220824811
0.8133032143838335
0.8128758509112
0.8134863701578192
0.8125400653255593
0.8133337403461645
0.8133642663084953
0.8138221557434598
0.8131200586098477
0.815287401935346
0.8136084740071431
0.8133947922708263
0.8143105711407552
0.8142495192160933
0.8143105711407552
0.8154705577093317
0.8139442595927837
0.8154095057846699
0.81446320095241
0.8144326749900791
0.8140358374797766
0.8150737201990292
0.8155010836716627
0.8132116364968406
0.8133032143838335
0.8151347721236912
0.8158063432949724
0.8156842394456485
0.8161726548429439
0.8151652980860221
0.8152263500106841
0.8130895326475167
0.8160200250312891
0.8162642327299368
0.8159589731066272
0.816111602918282
0.8158979211819652
0.8146768826887267
0.8173631673738515
0.8164473885039226
0.8158673952196343
0.8152263500106841
0.8172410635245276
0.8150126682743674
0.8175768491101681
0.818492627980097
0.8175768491101681
0.8168442260142251
0.8176379010348301
0.8172715894868585
0.8167221221649013
0.8167526481272323
0.8171494856375348
0.8181568423944565
0.8169968558258799
0.8188894654903995
0.8169968558258799
0.8188894654903995
0.816111602918282
0.8180652645074636
0.8172715894868585
0.8184010500931042
0.8182789462437803
0.819286303000702
0.8171189596752038
0.8177905308464849
0.8192557770383712
0.818492627980097
0.8176073750724991
0.818553679904759
0.8185842058670899
0.8205989193809334
0.8194389328123569
0.8190420953020544
0.8165694923532464
0.819316828963033
0.8200799780213072
0.8191336731890473
0.8184010500931042
0.819377880887695
0.8191336731890473
0.8194389328123569
0.8191641991513783
0.8194389328123569
0.8199884001343143
0.8196831405110047
0.8208431270795812
0.8196526145486737
0.8205378674562716
0.8207820751549193
0.8206904972679264
0.8212704905522147
0.8216673280625172
0.8218810097988339
0.8217589059495101
0.8198662962849904
0.8202936597576238
0.8215146982508623
0.8211178607405598
0.8204462895692787
0.8212704905522147
0.821819957874172
0.8209347049665741
0.8216978540248482
0.820141029945969
0.822613632894777
0.8221862694221436
0.8212704905522147
0.8211178607405598
0.8222778473091364
0.8233767819530511
0.8210262828535669
0.8215757501755243
0.8224610030831222
0.8208431270795812
0.8211789126652218
0.8221862694221436
0.82270521078177
0.8223083732714673
0.8235294117647058
0.8231936261790653
0.8223083732714673
0.8224610030831222
0.8214841722885314
0.8228273146310937
0.8231936261790653
0.8235904636893678
0.824262034860649
0.8236209896516987
0.8235599377270368
0.8217894319118411
0.82429256082298
0.8248420281449372
0.8244146646723038
0.8233157300283891
0.8247504502579444
0.8223999511584603
0.8235294117647058
0.8241399310113251
0.8245062425592967
0.823437833877713
0.8245672944839586
0.8234073079153821
0.8238346713880155
0.825086235843585
0.8243536127476419
0.8238041454256846
0.8228578405934247
0.8245672944839586
0.8246893983332825
0.8263378002991544
0.8255135993162185
0.8255441252785494
0.8260325406758448
0.8253914954668946
0.8252083396929089
0.8243230867853109
0.8252693916175707
0.8246893983332825
0.8248725541072682
0.8261851704874996
0.8260020147135139
0.8256967550902042
0.8256967550902042
0.8266125339601331
0.825910436826521
0.8263683262614854
0.8263378002991544
0.8269483195457736
0.8271925272444214
0.8271925272444214
0.8259409627888519
0.8260630666381757
0.8268567416587808
0.8271925272444214
0.8272535791690833
0.8257272810525352
0.8270093714704356
0.8273451570560761
0.8260935926005067
0.8273756830184071
0.8275893647547239
0.8254830733538875
0.8279251503403645
0.827528312830062
0.827528312830062
0.8265209560731402
0.826704111847126
0.8268262156964499
0.8268262156964499
0.8273756830184071
0.829085136908941
0.8279862022650264
0.8278946243780335
0.829115662871272
0.8280777801520193
0.8292682926829268
0.826704111847126
0.8281693580390121
0.8288409292102934
0.8284440916999909
0.827528312830062
0.8287798772856314
0.8275893647547239
0.8288409292102934
0.8281998840013431
0.8297567080802223
0.8287493513233005
0.8287798772856314
0.8297261821178913
0.8287798772856314
0.8290240849842792
0.8308251167618059
0.8289630330596172
0.8285661955493147
0.8286882993986385
0.8295125003815745
0.8306419609878202
0.828321987850667
0.829878811929546
0.830764064837144
0.8305503831008273
0.8300619677035318
0.8300619677035318
0.8296956561555603
0.8301840715528557
0.8293903965322507
0.8295125003815745
0.8305809090631582
0.8312219542721084
0.8313745840837632
0.8304893311761653
0.8304893311761653
0.8308556427241369
0.8300009157788699
0.8317714215940658
0.8313440581214323
0.8297261821178913
0.8318324735187277
0.8317714215940658
0.832412466803016
0.8307945907994749
0.8312219542721084
0.8317103696694038
0.8312524802344394
0.8322293110290302
0.8319545773680516
0.832442992765347
0.8318629994810587
0.8329924600873042
0.8341524466558808
0.8321987850666992
0.8320461552550444
0.8312830061967703
0.8315577398577491
0.8316798437070728
0.8313745840837632
0.8325650966146708
0.8318019475563967
0.8311609023474466
0.8335419274092616
0.8333587716352758
0.8322598369913612
0.8336029793339235
0.8321072071797063
0.8329924600873042
0.8323208889160231
0.8339082389572331
0.8317103696694038
0.8329924600873042
0.8317408956317348
0.8333282456729448
0.8337556091455783
0.8325040446900088
0.8319240514057206
0.8333587716352758
0.8336640312585855
0.8343966543545285
0.8334808754845997
0.8339082389572331
0.8331145639366281
0.8326566745016637
0.8344577062791905
0.8355871668854361
0.8344577062791905
0.8347934918648311
0.8329924600873042
0.8342134985805427
0.8349461216764859
0.834060868768888
0.8346103360908452
0.8330229860496352
0.8349155957141549
0.8343661283921976
0.8357092707347599
0.8345798101285143
0.8361976861320554
0.8349461216764859
0.8341219206935498
0.8360755822827315
0.8345798101285143
0.8368997832656675
0.8349461216764859
0.8338166610702402
0.8352819072621265
0.8342134985805427
0.8354345370737812
0.8361671601697244
0.8363197899813791
0.8352208553374645
0.8347019139778381
0.8359840043957386
0.834885069751824
0.8353124332244574
0.8358008486217527
0.8338166610702402
0.8353734851491194
0.8344882322415215
0.8360450563204005
0.8359229524710766
0.8354955889984432
0.8383345034952226
0.8370218871149913
0.8360450563204005
0.8354650630361122
0.8372050428889771
0.8370829390396533
0.8376629323239415
0.8370524130773223
0.8354650630361122
0.8377850361732654
0.838029243871913
0.8360755822827315
0.8374797765499558
0.8386397631185323
0.8370218871149913
0.8368082053786745
0.8366250496046888
0.838059769834244
0.8376934582862725
0.8383039775328918
0.8383345034952226
0.836502945755365
0.8378155621355963
0.8391587044781587
0.8368082053786745
0.8376324063616105
0.8366555755670197
0.8383650294575536
0.8382734515705608
0.8393418602521444
0.8383650294575536
0.838914496779511
0.8374492505876248
0.8376324063616105
0.8390976525534968
0.8374187246252938
0.8385176592692085
0.839647119875454
0.838029243871913
0.8387618669678562
0.8396165939131232
0.8377850361732654
0.8373576727006319
0.8383650294575536
0.8384871333068775
0.8398302756494398
0.8381818736835679
0.8394334381391373
0.8395860679507922
0.8397692237247779
0.8387618669678562
0.8402576391220733
0.8390976525534968
0.8399218535364328
0.8403492170090662
0.8395555419884612
0.8405934247077139
0.8393723862144754
0.8409902622180164
0.8387313410055252
0.8400744833480875
0.8404102689337282
0.8392197564028206
0.8408071064440307
0.8399829054610947
0.8397386977624469
0.8398913275741018
0.8400439573857565
0.8403492170090662
0.839677645837785
0.8397386977624469
0.8391587044781587
0.8394334381391373
0.8412649958789951
0.8417534112762904
0.840532372783052
0.8395555419884612
0.8413565737659879
0.8408986843310235
0.8393723862144754
0.8407460545193687
0.8402576391220733
0.8387313410055252
0.8409597362556854
0.8414176256906499
0.840501846820721
0.8402576391220733
0.8404102689337282
0.8418449891632833
0.8424249824475717
0.8411734179920022
0.8409597362556854
0.8420281449372692
0.8427912939955432
0.8423334045605788
0.8418755151256143
0.8418144632009524
0.8413565737659879
0.8398302756494398
0.8416618333892976
0.8424249824475717
0.8409902622180164
0.8418755151256143
0.8419670930126072
0.8425470862968956
0.8422723526359168
0.8409902622180164
0.8416618333892976
0.8435849690161482
0.8428218199578742
0.843768124790134
0.842974449769529
0.8429439238071981
0.8430965536188528
0.8421197228242621
0.843035501694191
0.8432797093928386
0.8435849690161482
0.8414481516529808
0.8431270795811838
0.843035501694191
0.8434933911291553
0.8436154949784792
0.8425776122592264
0.8434323392044935
0.8432491834305077
0.8415702555023047
0.8435239170914863
0.8443481180744223
0.843768124790134
0.840440794896059
0.8449891632833725
0.8440428584511127
0.8431270795811838
0.8444091699990842
0.8440123324887817
0.8445312738484081
0.8427607680332122
0.8436460209408102
0.8441344363381056
0.8449281113587106
0.8436460209408102
0.8451417930950273
0.8448975853963796
0.8433407613175006
0.8437375988278031
0.8450502152080345
0.8437375988278031
0.8437375988278031
0.8449586373210416
0.8420586708996001
0.8453554748313441
0.8440428584511127
0.8454775786806679
0.845447052718337
0.8452028450196892
0.844622851735401
0.843798650752465
0.8449586373210416
0.8446839036600629
0.8443481180744223
0.8447754815470557
0.8453554748313441
0.8460270460026252
0.8446839036600629
0.845416526756006
0.8451723190573582
0.8463628315882659
0.8445617998107391
0.8457828383039775
0.8452028450196892
0.8449281113587106
0.846240727738942
0.8456607344546537
0.8460270460026252
0.8461491498519491
0.8463628315882659
0.8473701883451876
0.8480112335541378
0.8459659940779634
0.8461491498519491
0.8473396623828566
0.8466680912115755
0.8466070392869135
0.8466375652492445
0.8473701883451876
0.847003876797216
0.8456302084923227
0.8467291431362374
0.8461491498519491
0.8458438902286395
0.8463628315882659
0.8465459873622516
0.8476143960438353
0.847064928721878
0.8476754479684973
0.8479807075918069
0.846210201776611
0.8471565066088709
0.8484080710644403
0.8465459873622516
0.8479501816294759
0.8480722854787998
0.8481028114411306
0.8463323056259349
0.8468817729478921
0.8475533441191734
0.8471870325712018
0.8475838700815043
0.847064928721878
0.8467291431362374
0.8472175585335328
0.8476143960438353
0.8489880643487286
0.8478891297048139
0.8481028114411306
0.8480417595164688
0.8471870325712018
0.8489575383863976
0.8476449220061663
0.8476754479684973
0.8484385970267713
0.8482554412527855
0.8484691229891023
0.8497206874446717
0.8481333374034616
0.8490491162733905
0.8495680576330169
0.8487743826124119
0.8495070057083549
0.8499343691809884
0.848591226838426
0.8477364998931591
0.8498427912939955
0.8479807075918069
0.8487743826124119
0.848652278763088
0.8487438566500809
0.849445953783693
0.8484691229891023
0.8488659604994048
0.8496596355200098
0.8488964864617357
0.8493543758967002
0.8491406941603834
0.8484080710644403
0.8499954211056504
0.8492017460850453
0.8499038432186574
0.8506364663146005
0.8503617326536219
0.8481943893281235
0.8496291095576788
0.850209102841967
0.8505754143899387
0.8496291095576788
0.8512164595988888
0.8507280442015934
0.8498733172563265
0.8499648951433194
0.8516438230715223
0.851033303824903
0.8511859336365579
0.850209102841967
0.8512164595988888
0.851094355749565
0.8500259470679813
0.8504533105406148
0.8515217192221984
0.8517964528831772
0.8496291095576788
0.850270154766629
0.8514911932598676
0.8515217192221984
0.8526817057907751
0.8511554076742269
0.8517354009585152
0.8529564394517537
0.8519796086571629
0.852742757715437
0.8506669922769315
0.8509722519002412
0.850209102841967
0.8511554076742269
0.8529564394517537
0.8523153942428036
0.852773283677768
0.8519490826948319
0.8522543423181416
0.8530480173387466
0.8504533105406148
0.8519796086571629
0.8528038096400989
0.8506669922769315
0.8519490826948319
0.8532311731127323
0.851094355749565
0.8523153942428036
0.8524069721297964
0.8520406605818248
0.8536585365853658
0.8523459202051344
0.8548795750786043
0.8520711865441558
0.8516438230715223
0.8525290759791202
0.853566958698373
0.8526817057907751
0.8515522451845294
0.8546658933422876
0.8549711529655972
0.8533838029243872
0.8532311731127323
0.8530785433010776
0.8531701211880705
0.8520406605818248
0.8544827375683018
0.8537501144723587
0.853536432736042
0.8548490491162734
0.8541469519826612
0.8554595683628926
0.8557037760615404
0.8529259134894227
0.8542995817943161
0.8554290424005617
0.8538111663970207
0.8553679904758997
0.8539332702463445
0.8546353673799566
0.8550016789279282
0.8564058731951525
0.8550322048902592
0.8550322048902592
0.8538722183216826
0.8550322048902592
0.8559174577978571
0.8554900943252236
0.8554900943252236
0.8547269452669496
0.8538111663970207
0.855215360664245
0.8544522116059708
0.8539332702463445
0.8568942885924479
0.8553069385512378
0.8548490491162734
0.8551237827772521
0.855215360664245
0.8557343020238714
0.8541469519826612
0.8533532769620562
0.8558258799108642
0.8565890289691382
0.8550932568149211
0.8562837693458286
0.8554290424005617
0.8553679904758997
0.8569248145547789
0.8567416587807931
0.8553069385512378
0.8553069385512378
0.8558564058731951
0.8555511462498855
0.8561006135718429
0.8577490155377149
0.855978509722519
0.8562837693458286
0.8550932568149211
0.8566195549314692
0.8557953539485332
0.8568942885924479
0.8580542751610245
0.8574742818767361
0.8574742818767361
0.8569858664794407
0.8562227174211667
0.8569553405171098
0.856772184743124
0.8564058731951525
0.8576879636130529
0.8579626972740315
0.858390060746665
0.8579016453493696
0.8579932232363625
0.8569553405171098
0.8580848011233554
0.8559174577978571
0.8571995482157575
0.8569248145547789
0.857565859763729
0.8570774443664336
0.8592753136542629
0.8577795415000458
0.8588174242192985
0.8582679568973411
0.857626911688391
0.8580848011233554
0.8582679568973411
0.8598553069385513
0.8575048078390671
0.8567111328184621
0.859214261729601
0.8578711193870386
0.8581458530480174
0.8571995482157575
0.8592753136542629
0.8593058396165939
0.8588174242192985
0.8597637290515584
0.8575048078390671
0.8568637626301169
0.8570774443664336
0.8572606001404194
0.8604658261851705
0.8578711193870386
0.8587563722946366
0.8586953203699746
0.8593668915412558
0.8585426905583199
0.8588174242192985
0.8602521444488538
0.8588784761439604
0.8590616319179463
0.85918373576727
0.8600995146371989
0.8616258127537471
0.8607100338838182
0.8594584694282488
0.8599468848255442
0.8594584694282488
0.8604047742605085
0.8596416252022345
0.8605574040721634
0.8580237491986935
0.8601605665618609
0.8587258463323056
0.8604047742605085
0.8601300405995299
0.8607100338838182
0.8605268781098324
0.8593363655789249
0.8608931896578039
0.8609542415824659
0.8615037089044232
0.8603131963735157
0.860862663695473
0.8597026771268964
0.8615647608290852
0.8616258127537471
0.8611068713941207
0.8617784425654019
0.860832137733142
0.8606489819591563
0.8607405598461492
0.8602826704111847
0.8618394944900638
0.8602826704111847
0.8622363320003663
0.860862663695473
0.8617784425654019
0.8620226502640496
0.8622058060380353
0.8607710858084802
0.8631215849079642
0.8615342348667542
0.8622058060380353
0.8623584358496902
0.8619005464147257
0.8614426569797613
0.8614121310174303
0.8627247473976617
0.8618700204523948
0.8614426569797613
0.8622058060380353
0.8622668579626973
0.8619615983393877
0.8625415916236759
0.8613510790927684
0.8624805396990141
0.8631826368326262
0.8623584358496902
0.8627857993223237
0.8628163252846546
0.8623584358496902
0.8639763118532312
0.8625721175860069
0.8617784425654019
0.8632131627949571
0.8647699868738362
0.8611068713941207
0.8620837021887116
0.8631521108702952
0.8635794743429287
0.8630910589456333
0.8632131627949571
0.864159467627217
0.8628468512469856
0.8628163252846546
0.8637321041545835
0.8639457858909002
0.8629384291339784
0.864159467627217
0.8640678897402241
0.8612289752434446
0.8631215849079642
0.8630605329833023
0.8637931560792454
0.8640068378155621
0.8639457858909002
0.8629079031716475
0.8638847339662383
0.864189993589548
0.8643731493635337
0.8647394609115052
0.8637321041545835
0.8640984157025551
0.864983668610153
0.8644647272505266
0.8640068378155621
0.8647699868738362
0.8638236820415763
0.8648005128361672
0.8645563051375195
0.8637015781922525
0.864922616685491
0.8642510455142098
0.864189993589548
0.8658994474800819
0.8651362984218077
0.8644342012881956
0.8647699868738362
0.8651668243841387
0.8648920907231601
0.8650447205348148
0.8647394609115052
0.8653499801581245
0.8660826032540676
0.864953142647822
0.8654415580451174
0.8671510119356513
0.864922616685491
0.8663268109527152
0.8654415580451174
0.8654720840074484
0.8656247138191031
0.8659299734424127
0.8660520772917366
0.8655636618944412
0.865777343630758
0.8662047071033915
0.8646173570621813
0.8655026099697793
0.8671510119356513
0.865746817668427
0.8644036753258646
0.8655636618944412
0.8670594340486584
0.864953142647822
0.8654415580451174
0.8664489148020391
0.8661741811410605
0.8662047071033915
0.8668762782746726
0.866571018651363
0.8683720504288898
0.8656857657437651
0.8672731157849751
0.8669373301993345
0.8661741811410605
0.8659604994047437
0.8672120638603132
0.8679752129185873
0.8675478494459538
0.8668762782746726
0.8653194541957935
0.8668457523123416
0.8669678561616655
0.8666625965383559
0.8666931225006869
0.8682804725418969
0.867364693671968
0.8674867975212919
0.8688299398638543
0.8684331023535516
0.868188894654904
0.8676394273329466
0.8680667908055801
0.8680057388809183
0.8679141609939254
0.8688604658261851
0.8662352330657224
0.868219420617235
0.8680667908055801
0.8685552062028755
0.8667541744253487
0.8687688879391923
0.8678836350315944
0.8678836350315944
0.8692267773741568
0.868952043713178
0.8695930889221283
0.8677004792576086
0.8695625629597973
0.868952043713178
0.8684941542782136
0.8698983485454379
0.8688604658261851
0.8701120302817547
0.8684025763912208
0.8694404591104734
0.870569919716719
0.869745718733783
0.8701425562440855
0.8696236148844593
0.8685857321652065
0.8695320369974664
0.8696541408467902
0.8705088677920572
0.8687994139015233
0.8686162581275375
0.8703257120180714
0.8686467840898684
0.8699288745077689
0.8695015110351354
0.8711804389633383
0.8687994139015233
0.8718825360969504
0.8694404591104734
0.8704783418297262
0.8709057053023597
0.8711499130010073
0.8687078360145304
0.8694404591104734
0.8700204523947618
0.8702646600934094
0.8699899264324308
0.8699899264324308
0.8707836014530358
0.8703257120180714
0.8718520101346195
0.86901309563784
0.8707530754907048
0.8708446533776978
0.8701120302817547
0.8719130620592814
0.8709362312646907
0.8691962514118258
0.8728898928538722
0.8710888610763454
0.8717299062852957
0.8701120302817547
0.8712720168503312
0.8691962514118258
0.8720962178332672
0.8720046399462743
0.8714551726243169
0.8718825360969504
0.8708751793400287
0.8707225495283739
0.8709362312646907
0.8709362312646907
0.8709972831893525
0.8710888610763454
0.8717909582099576
0.8711193870386764
0.8722183216825911
0.8709362312646907
0.8726762111175554
0.8713025428126622
0.8716688543606337
0.8727677890045483
0.8711193870386764
0.871424646661986
0.8714551726243169
0.8731341005525199
0.8711499130010073
0.8715772764736408
0.8703867639427333
0.8722793736072529
0.8721877957202601
0.8728898928538722
0.8728288409292103
0.8721267437955982
0.8720962178332672
0.8731341005525199
0.8724014774565768
0.8734088342134986
0.8728288409292103
0.873073048627858
0.8729509447785342
0.8753014438780182
0.8708751793400287
0.8735004121004915
0.8733172563265057
0.8729814707408651
0.8728898928538722
0.8737446197991392
0.8726151591928936
0.873897249610794
0.8736835678744772
0.8718520101346195
0.8724320034189078
0.8740193534601178
0.8740193534601178
0.8719741139839433
0.8717299062852957
0.8730119967031961
0.8753624958026802
0.8742940871210965
0.8719741139839433
0.8753319698403492
0.8760645929362924
0.8730119967031961
0.8730119967031961
0.8742025092341036
0.8724930553435697
0.8753319698403492
0.8729814707408651
0.8740193534601178
0.8740498794224488
0.8749961842547086
0.8739888274977868
0.8745077688574132
0.8735919899874843
0.8741414573094417
0.8743551390457585
0.8757898592753136
0.8738361976861321
0.8737446197991392
0.8740498794224488
0.8753319698403492
0.8745077688574132
0.8731646265148508
0.8744467169327513
0.8744467169327513
0.875576177538997
0.8757898592753136
0.876339326597271
0.8749656582923777
0.875515125614335
0.8748435544430538
0.8761256448609542
0.8748130284807228
0.8750877621417015
0.8761561708232852
0.8764003785219329
0.8748435544430538
0.874690924631399
0.8756067035013279
0.875545651576666
0.8768582679568974
0.8743246130834275
0.8774382612411856
0.8759730150492995
0.8770108977685521
0.8768887939192282
0.8754235477273421
0.8772551054671999
0.8774382612411856
0.8753014438780182
0.875484599652004
0.8748740804053848
0.8764309044842639
0.875576177538997
0.8758814371623065
0.8761561708232852
0.876339326597271
0.8759424890869685
0.8767972160322354
0.8764614304465949
0.8759424890869685
0.8752098659910253
0.8769498458438902
0.8770719496932141
0.8758509111999756
0.8781098324124668
0.8774687872035166
0.8773161573918618
0.876369852559602
0.8757288073506517
0.8776214170151714
0.875545651576666
0.8768582679568974
0.876369852559602
0.8768277419945664
0.8774687872035166
0.8769498458438902
0.8775908910528405
0.8771940535425379
0.8778350987514881
0.8780487804878049
0.8775603650905095
0.878750877621417
0.8772551054671999
0.874751976556061
0.8776214170151714
0.8770108977685521
0.8788424555084099
0.8772551054671999
0.8789950853200648
0.8774687872035166
0.8786898256967551
0.8778045727891571
0.8776824689398334
0.8782624622241216
0.8791477151317195
0.8777129949021643
0.8775603650905095
0.8781403583747978
0.8774993131658475
0.8772245795048689
0.879544552642022
0.8793613968680363
0.8780487804878049
0.8789340333954028
0.8774687872035166
0.8782929881864526
0.8798803382276627
0.8776519429775024
0.8782929881864526
0.878781403583748
0.8797277084160078
0.8792087670563814
0.8793003449433744
0.8796666564913459
0.878781403583748
0.8793919228303673
0.8791477151317195
0.8800634940016484
0.8796361305290149
0.8786287737720931
0.8790256112823956
0.8796666564913459
0.8793003449433744
0.8791782410940505
0.8796361305290149
0.8804908574742819
0.8790561372447266
0.8806129613236058
0.8807350651729295
0.8809487469092463
0.878781403583748
0.8799108641899935
0.8788729814707409
0.879605604566684
0.8805213834366128
0.8798192863030007
0.8816813700051894
0.8794835007173601
0.8798498122653317
0.8797887603406698
0.8800329680393174
0.8800940199639794
0.8809182209469153
0.8793003449433744
0.879575078604353
0.880368753624958
0.8817424219298513
0.8802771757379652
0.8800024420769865
0.8800329680393174
0.881162428645563
0.8802466497756342
0.8798192863030007
0.8808876949845844
0.8811013767209012
0.8808571690222534
0.8813150584572179
0.8798498122653317
0.8823529411764706
0.8812540065325559
0.8808571690222534
0.8808876949845844
0.8818645257791752
0.8806740132482677
0.8807655911352605
0.8822003113648158
0.8821087334778229
0.8813150584572179
0.8811013767209012
0.8813761103818798
0.881131902683232
0.8804603315119509
0.8815897921181965
0.8800940199639794
0.8815897921181965
0.8819255777038371
0.8818339998168442
0.8808876949845844
0.8831466161970756
0.8832687200463994
0.8813150584572179
0.8808571690222534
0.881131902683232
0.8796361305290149
0.8818950517415062
0.8814982142312037
0.8814066363442108
0.8825971488751183
0.8829024084984279
0.883726609481364
0.8833602979333923
0.8831160902347447
0.8813150584572179
0.8835434537073781
0.8838487133306877
0.8828718825360969
0.8825666229127873
0.8817729478921823
0.8818950517415062
0.8833602979333923
0.8807350651729295
0.8835129277450472
0.8826276748374493
0.8819561036661681
0.8838487133306877
0.8827497786867731
0.8827803046491041
0.8835739796697091
0.8846729143136237
0.8834824017827162
0.8838181873683568
0.883726609481364
0.8819561036661681
0.8847034402759547
0.8846729143136237
0.8830855642724137
0.8832687200463994
0.8835129277450472
0.885283433560243
0.8828718825360969
0.8821392594401538
0.8843981806526451
0.8826887267621112
0.8843066027656522
0.8850086998992643
0.8838181873683568
0.8849781739369333
0.8842150248786593
0.8842760768033212
0.8833297719710614
0.8839402912176806
0.8839097652553497
0.8847644922006166
0.8828108306114351
0.8827497786867731
0.8840929210293355
0.8838487133306877
0.8839402912176806
0.8848255441252786
0.8842760768033212
0.8857413229952075
0.8833602979333923
0.8851613297109191
0.8847339662382857
0.8847034402759547
0.8827192527244422
0.8839097652553497
0.8845508104642998
0.885313959522574
0.8834213498580543
0.884489758539638
0.8859855306938551
0.8859855306938551
0.8848560700876095
0.8854055374095668
0.8843981806526451
0.8851918556732501
0.886931835526115
0.8847034402759547
0.8843676546903141
0.8855886931835526
0.8858634268445312
0.8860160566561861
0.8851918556732501
0.8858023749198694
0.8867486797521292
0.8859244787691932
0.8843371287279832
0.8861992124301719
0.885283433560243
0.8850086998992643
0.8865960499404744
0.8863518422418267
0.8867486797521292
0.8855581672212216
0.886077108580848
0.8858023749198694
0.887694984584389
0.8866265759028054
0.8858939528068622
0.8870844653377697
0.8863518422418267
0.8874507768857414
0.8867486797521292
0.8883970817180011
0.885344485484905
0.8866571018651362
0.8856497451082145
0.8875118288104032
0.8859550047315241
0.8867486797521292
0.8864434201288196
0.8871455172624317
0.8871455172624317
0.8873591989987485
0.8872981470740865
0.8879086663207058
0.886870783601453
0.8881833999816844
0.8864739460911505
0.88772551054672
0.8874813028480723
0.8871760432247626
0.8870539393754389
0.887756036509051
0.8887328673036418
0.8875423547727342
0.8874202509234104
0.8874507768857414
0.8890686528892824
0.887756036509051
0.888519185567325
0.8898623279098874
0.8891297048139443
0.888549711529656
0.8857107970328765
0.8881528740193535
0.889343386550261
0.8897707500228945
0.8898928538722183
0.8888244451906346
0.886870783601453
0.8883360297933393
0.8901981134955279
0.8878476143960439
0.8882749778686773
0.8871455172624317
0.8889465490399585
0.8873897249610794
0.8896181202112396
0.8894960163619158
0.889373912512592
0.8881223480570225
0.8873286730364175
0.8891907567386061
0.8887023413413108
0.8878170884337129
0.8889770750022894
0.8896486461735706
0.8890381269269514
0.8882444519063464
0.8890991788516133
0.8900454836838732
0.8880612961323606
0.8904423211941757
0.8898928538722183
0.8889465490399585
0.8908391587044782
0.8897402240605635
0.8894960163619158
0.8895265423242468
0.889373912512592
0.8901981134955279
0.8899539057968803
0.8897402240605635
0.8894044384749229
0.8921823010470405
0.8911138923654568
0.8888549711529656
0.8895875942489087
0.8903202173448518
0.8919075673860618
0.8880918220946915
0.8911749442901188
0.891785463536738
0.8902896913825208
0.8905338990811685
0.8918465154613999
0.8905644250434995
0.890930736591471
0.889373912512592
0.8912359962147807
0.89090021062914
0.8908086327421472
0.8913581000641045
0.8912054702524497
0.8902896913825208
0.8912054702524497
0.8905033731188375
0.8916023077627522
0.890961262553802
0.8898318019475564
0.8898318019475564
0.8897402240605635
0.891785463536738
0.8919380933483928
0.8910833664031259
0.8929149241429836
0.8895570682865778
0.8921823010470405
0.8921212491223786
0.8927317683689978
0.8924570347080192
0.8909917885161329
0.890930736591471
0.8923044048963643
0.8927012424066668
0.8919991452730547
0.8913275741017735
0.8931286058793003
0.8904423211941757
0.891785463536738
0.8919991452730547
0.8934033395402791
0.8904117952318447
0.8928538722183217
0.8915412558380903
0.8909917885161329
0.8928843981806527
0.8905033731188375
0.8930065020299764
0.8923959827833573
0.8928233462559907
0.8924570347080192
0.8932812356909552
0.8926401904820049
0.8927012424066668
0.8938001770505816
0.8918770414237309
0.8928538722183217
0.8936780732012577
0.8933117616532861
0.8930065020299764
0.8936780732012577
0.8936170212765957
0.8921212491223786
0.8926707164443359
0.8930980799169694
0.8912665221771117
0.8948075338075033
0.8938307030129125
0.8939222808999053
0.8938001770505816
0.8928538722183217
0.8941054366738912
0.8954791049787845
0.8946549039958485
0.8939528068622363
0.8934033395402791
0.8929759760676456
0.8938307030129125
0.8939833328245673
0.8935559693519338
0.8944412222595317
0.894227540523215
0.8946549039958485
0.895082267468482
0.8928233462559907
0.8939528068622363
0.8944717482218627
0.8944717482218627
0.8938307030129125
0.8944412222595317
0.8943191184102078
0.8941359626362221
0.8945633261088556
0.8944412222595317
0.8936780732012577
0.894288592447877
0.8957843646020941
0.8938307030129125
0.8955096309411155
0.8946243780335175
0.895082267468482
0.8960896242254037
0.8927928202936598
0.8935254433896028
0.8957538386397631
0.8961812021123966