0.272566317653164
0.3202173448517964
0.32317836319789983
0.3233615189718856
0.3304130162703379
0.3305961720443237
0.3262004334686651
0.3272383161879178
0.3299551268353735
0.3379224030037547
0.347415977288684
0.3565432400256418
0.3652431392899661
0.3731493635336854
0.3796819194725114
0.38603131963735154
0.3903965322506792
0.39515858237430934
0.4001037882719253
0.403583747977655
0.4068805519093989
0.4101468298788119
0.41298574437559143
0.4139015232455203
0.41658780793064504
0.41826673585884794
0.4193046185781007
0.4208614426569798
0.4251045514209835
0.4235172013797735
0.4273634726334748
0.4291950303733325
0.4305381727158949
0.4302634390549162
0.4338349766476388
0.4343233920449342
0.43615494978479197
0.436948624805397
0.43813913733630455
0.438566500808938
0.4422906682133154
0.4408254220214292
0.4427790836106108
0.4437253884428707
0.4471137702616075
0.4443969596141518
0.44806007509386736
0.44827375683018406
0.4476632375835648
0.4504411001556824
0.4522116059708782
0.4497084770597393
0.4538905338990812
0.4541652675600598
0.4542873714093837
0.454836838731341
0.45581366952593183
0.45767575322812054
0.45764522726578954
0.4592936292316615
0.4583473243994017
0.4609420311975335
0.46030098598858327
0.4603620379132452
0.4603620379132452
0.462193595653103
0.4617051802558076
0.46307884856070086
0.46350621203333436
0.4638725235813059
0.464605146677249
0.4658261851704875
0.4659177630574804
0.4667419640404164
0.4664061784547758
0.467871424646662
0.4679324765713239
0.4681156323453097
0.46887878140358374
0.46994719008516744
0.46863457370493605
0.4707103391434415
0.4700082420098294
0.47061876125644864
0.47089349491742727
0.47156506608870846
0.47177874782502516
0.47122928050306784
0.47254189688329923
0.4736103055648829
0.4722366372599896
0.4752587075307549
0.47483134405812144
0.47443450654781893
0.47522818156842395
0.4755639671540645
0.4760829085136909
0.4752587075307549
0.4763576421746696
0.47571659696571933
0.4758081748527122
0.4770292133459507
0.4769071094966269
0.47629659025000765
0.4773039470069294
0.4769681614212888
0.47760920663023904
0.47782288836655573
0.4780365701028725
0.47855551146249886
0.47788394029121767
0.4785860374248298
0.4784944595378369
0.4788607710858085
0.47907445282212524
0.47904392685979424
0.47971549803107544
0.4794102384077658
0.4791355047467871
0.48035654324002564
0.4798070759180683
0.4802954913153637
0.4797460239934064
0.4797765499557374
0.4808144326749901
0.4812723221099545
0.4813944259592784
0.4814554778839403
0.4826765163771788
0.4824323086785311
0.4821881009798834
0.48279862022650266
0.4838059769834244
0.4831038798498123
0.4829817760004884
0.48328703562379804
0.4840196587197411
0.48395860679507924
0.48472175585335325
0.4855764827986202
0.4853322750999725
0.48487438566500807
0.4846912298910223
0.48563753472328214
0.4861564760829085
0.48539332702463445
0.48606489819591564
0.4861564760829085
0.4869806770658445
0.4868280472541897
0.4869806770658445
0.48685857321652065
0.4873164626514851
0.4874690924631399
0.4874690924631399
0.48832381940840686
0.48725541072682316
0.4882627674837449
0.48856802710705455
0.48856802710705455
0.4887511828810403
0.4896974877133002
0.4894227540523215
0.4897280136756311
0.49027748099758844
0.49067431850789095
0.4912848377545102
0.4913764156415031
0.49271955798406547
0.4935742849293324
0.493116395494368
0.4942153301382826
0.4941848041759516
0.49491742727189475
0.49531426478219726
0.49558899844317594
0.49598583595347845
0.4960468878781404
0.49726792637137884
0.4973289782960408
0.4981531792789768
0.49858054275161023
0.49937421777221525
0.4994657956592082
0.4999847370188345
0.5008394639641015
0.5002594706798131
0.5008699899264324
0.5018162947586923
0.5025489178546354
0.5024268140053115
0.502854177477945
0.5033731188375714
0.5040141640465216
0.5055709881254007
0.5051130986904362
0.5050825727281053
0.5054488842760768
0.5068225525809701
0.5064562410329986
0.5076467535639061
0.5087762141701517
0.5090509478311304
0.5096919930400806
0.5111267132696359
0.5105467199853475
0.5123477517628743
0.5122866998382124
0.5134772123691199
0.5131414267834794
0.5162856009035685
0.5159498153179279
0.516682438413871
0.5182697884550811
0.5188192557770384
0.5201929240819316
0.5194297750236576
0.5210781769895296
0.5211392289141915
0.5228181568423944
0.5235507799383375
0.5229707866540493
0.5256570713391739
0.5253823376781953
0.5267560059830886
0.5275191550413627
0.5273970511920388
0.5289538752709179
0.5294728166305442
0.5311212185964163
0.5303275435758112
0.5319454195793523
0.5327390945999573
0.5329833022986049
0.532922250373943
0.5347232821514698
0.534540126377484
0.5346317042644769
0.5356390610213987
0.5357916908330536
0.5378064043468971
0.5380506120455447
0.5391800726517904
0.5409811044293171
0.5405842669190146
0.541927409261577
0.5423242467718795
0.5426295063951891
0.5432705516041393
0.5436673891144418
0.5443694862480539
0.5452547391556519
0.546842089196862
0.5471168228578406
0.5472084007448335
0.5478189199914527
0.5482768094264172
0.5496504777313105
0.5490704844470222
0.5504441527519155
0.5511462498855276
0.5514820354711683
0.5519399249061326
0.5527641258890686
0.5546567355535883
0.5540767422693
0.5540156903446382
0.5556640923105101
0.554870417289905
0.5563967154064532
0.5553893586495314
0.556579871180439
0.5570988125400653
0.5571903904270582
0.5580756433346561
0.5585640587319515
0.5586251106566135
0.5583198510333038
0.5597545712628591
0.5600903568484996
0.5616777068897097
0.5623492780609909
0.5626545376843005
0.5635703165542294
0.5632040050062578
0.5635703165542294
0.5647608290851369
0.5648218810097988
0.5649439848591227
0.5663176531640159
0.5668976464483043
0.5674165878079307
0.5678134253182332
0.5668365945236423
0.567935529167557
0.5699197167190696
0.5703165542293721
0.5693397234347812
0.5707133917396746
0.5701639244177172
0.5715986446472725
0.5723007417808846
0.5721481119692299
0.5729112610275039
0.5739186177844257
0.5745291370310449
0.5749565005036784
0.5746207149180378
0.5756585976372905
0.5757501755242834
0.5764522726578956
0.5768185842058671
0.5756280716749596
0.5780090967367746
0.5781922525107605
0.5781312005860985
0.5791690833053512
0.5802680179492659
0.5800238102506181
0.5807259073842302
0.5804206477609206
0.5818858939528069
0.5827100949357429
0.5814585304801734
0.5831374584083763
0.5832900882200311
0.5828016728227358
0.584144815165298
0.5839006074666504
0.5851521719222198
0.5844806007509387
0.5864647883024512
0.5861595286791416
0.5865563661894441
0.5878995085320065
0.5876858267956897
0.5881437162306542
0.5892121249122378
0.5892731768368998
0.5894563326108856
0.5901279037821667
0.5897310662718642
0.5914099942000671
0.5915931499740529
0.5920815653713484
0.5920815653713484
0.5932415519399249
0.5929057663542843
0.5948289019811349
0.5944015385085015
0.5949815317927898
0.5945236423578253
0.5954394212277542
0.595561525077078
0.5959888885497115
0.5977288684025764
0.5973625568546048
0.5970267712689643
0.5983393876491956
0.5984920174608505
0.598919380933484
0.5985835953478433
0.6001709453890534
0.5998351598034128
0.6007509386733417
0.6006593607863487
0.6015446136939467
0.6010256723343204
0.60291828199884
0.6013614579199609
0.6035288012454593
0.6024298666015446
0.6043224762660643
0.6034677493207974
0.6040477426050856
0.6056045666839647
0.605360358985317
0.6056045666839647
0.606154034005922
0.6055129887969718
0.6071919167251748
0.6064898195915627
0.6073140205744986
0.6074971763484844
0.6093287340883421
0.6074055984614914
0.6089318965780396
0.6100003052596233
0.6095729417869898
0.6104887206569187
0.6113739735645166
0.6103666168075949
0.6112213437528619
0.6121371226227906
0.6121065966604597
0.6125950120577551
0.6125950120577551
0.613541316890015
0.6139686803626484
0.6134192130406911
0.6139992063249794
0.6149149851949083
0.6141213101743033
0.6150370890442322
0.6141823620989652
0.615128666931225
0.6155255044415275
0.6157086602155133
0.6162581275374707
0.6166854910101041
0.6170518025580757
0.6174791660307091
0.6168075948594279
0.6184865227876308
0.6182423150889832
0.6188833602979333
0.6182728410513142
0.6184865227876308
0.6202875545651577
0.6184865227876308
0.6190665160719192
0.6199822949418481
0.6202265026404957
0.6201043987911719
0.6223022680790012
0.6210201776611007
0.6214170151714032
0.622454897890656
0.6226991055893037
0.6229127873256204
0.6227601575139656
0.6237369883085564
0.6228517354009585
0.6226380536646418
0.624896974877133
0.6247748710278092
0.6253548643120974
0.624896974877133
0.6254464421990903
0.6251717085381117
0.625629597973076
0.6262095912573644
0.6263927470313502
0.6266980066546598
0.6261485393327024
0.6268506364663146
0.6277358893739126
0.626453798956012
0.6274306297506029
0.6278885191855673
0.6272169480142862
0.6280716749595531
0.628163252846546
0.6282853566958698
0.629017979791813
0.6294453432644465
0.6280716749595531
0.6294148173021155
0.629017979791813
0.6299337586617418
0.6297200769254251
0.6293232394151226
0.6299032326994108
0.6305442779083611
0.6302390182850515
0.6303916480967062
0.6295674471137702
0.6309105894563326
0.6302084923227205
0.6317042644769376
0.6306969077200159
0.6309105894563326
0.630635855795354
0.630635855795354
0.6317958423639305
0.632192679874233
0.6324063616105497
0.6317653164015996
0.6324674135352117
0.6320095241002472
0.6324063616105497
0.6333831924051406
0.6324368875728807
0.6328947770078451
0.6324368875728807
0.633016880857169
0.632986354894838
0.6341158155010836
0.6334747702921335
0.6342989712750694
0.6347263347477029
0.6346958087853719
0.6350621203333435
0.6351231722580054
0.6347568607100339
0.6345126530113862
0.6353368539943222
0.6353673799566532
0.6353063280319912
0.6358863213162795
0.6355810616929699
0.6355810616929699
0.6365578924875607
0.6361000030525963
0.6363136847889129
0.6357642174669557
0.6361610549772582
0.6357947434292867
0.6369242040355322
0.6369242040355322
0.6371378857718489
0.6373820934704967
0.6376568271314753
0.6379620867547849
0.6375347232821514
0.6378705088677921
0.6380536646417778
0.6376263011691443
0.6385726060014042
0.6378399829054611
0.6389083915870448
0.6379010348301231
0.6389083915870448
0.6386031319637352
0.6392136512103544
0.6382978723404256
0.6390304954363686
0.6393662810220092
0.6391220733233616
0.6393357550596782
0.6407704752892335
0.6402820598919381
0.6399462743062975
0.6398852223816356
0.6401904820049452
0.6400989041179523
0.6405262675905858
0.640404163741262
0.6408620531762264
0.641167312799536
0.6407399493269025
0.6411062608748741
0.6413809945358527
0.6425409811044294
0.6422662474434506
0.6420525657071339
0.6416862541591624
0.6423272993681126
0.6431515003510486
0.6421136176317959
0.6426936109160841
0.6426936109160841
0.6434567599743581
0.6432125522757105
0.6440978051833084
0.6430599224640556
0.6439757013339845
0.6444946426936109
0.6442199090326323
0.6442504349949633
0.6439146494093226
0.6442504349949633
0.6451051619402302
0.6450135840532373
0.6454104215635398
0.6456851552245184
0.645196739827223
0.6461735706218138
0.6461735706218138
0.6463872523581305
0.6463262004334687
0.6465704081321164
0.6458377850361733
0.6472725052657285
0.6467230379437712
0.6466925119814402
0.6463262004334687
0.6470282975670808
0.6479440764370097
0.6473946091150523
0.6477609206630239
0.6472725052657285
0.6471809273787356
0.6477914466253548
0.6480051283616716
0.6488598553069386
0.6480967062486644
0.6483714399096432
0.6487072254952837
0.6490735370432553
0.6486156476082908
0.6489514331939314
0.6491345889679172
0.6494093226288958
0.6483714399096432
0.6488293293446076
0.6492566928172411
0.6497451082145365
0.6496535303275436
0.6490430110809243
0.650141945724839
0.6502029976495008
0.6500503678378461
0.6495619524405507
0.6496535303275436
0.6496535303275436
0.6502945755364938
0.6507219390091272
0.6506914130467963
0.6506608870844653
0.6502335236118318
0.65175982172838
0.6511187765194297
0.6518208736530419
0.6512103544064226
0.6510271986324369
0.6513935101804085
0.6518208736530419
0.6516682438413871
0.6513629842180775
0.6510882505570988
0.6526756005983089
0.6519124515400349
0.6516071919167252
0.6523398150126682
0.6524313928996611
0.652584022711316
0.6537134833175616
0.6532555938825971
0.6531029640709424
0.6539576910162093
0.6537440092798925
0.653408223694252
0.6539271650538784
0.6537745352422235
0.6545376843004975
0.6540187429408713
0.6542934766018499
0.6538661131292164
0.6544155804511738
0.6544766323758356
0.6554229372080955
0.6548734698861381
0.6546597881498214
0.6550566256601239
0.654995573735462
0.6554229372080955
0.6553924112457645
0.6551787295094478
0.655758722793736
0.6555145150950884
0.6555450410574193
0.6558503006807289
0.6559724045300528
0.6563387160780244
0.6563692420403553
0.6559113526053909
0.6561250343417077
0.6567660795506578
0.6569797612869746
0.656582923776672
0.6574681766842699
0.6565218718520102
0.6572239689856223
0.6568576574376507
0.6577429103452487
0.6578955401569034
0.6574681766842699
0.6581092218932202
0.6572850209102842
0.6581397478555512
0.6580786959308892
0.6584755334411917
0.6586586892151776
0.6582007997802131
0.6590250007631491
0.6584144815165298
0.6586281632528466
0.6584450074788608
0.6589639488384871
0.6584450074788608
0.6588418449891633
0.6589944748008181
0.6592081565371348
0.6591776305748038
0.6600018315577398
0.6592692084617967
0.659879727708416
0.6600323575200708
0.6602460392563876
0.6598492017460851
0.6600628834824018
0.6600934094447327
0.6605818248420281
0.6605818248420281
0.6606123508043591
0.6603376171433805
0.6617112854482737
0.6604902469550352
0.6611618181263165
0.660734454653683
0.6614365517872951
0.6616807594859428
0.6613144479379712
0.661558655636619
0.6613144479379712
0.6624744345065479
0.662291278732562
0.6619554931469215
0.6622302268079001
0.6627186422051955
0.6628407460545194
0.6625049604688787
0.663146005677829
0.6624744345065479
0.662352330657224
0.6626881162428646
0.6629933758661741
0.6632070576024909
0.6632986354894838
0.6636038951127934
0.6642449403217436
0.6630544277908361
0.6630239018285051
0.6638175768491101
0.6636649470374554
0.6637870508867793
0.663909154736103
0.6640312585854269
0.663939680698434
0.6636344210751244
0.6645501999450533
0.6648554595683629
0.6644891480203914
0.6651912451540035
0.6650996672670106
0.6657712384382918
0.6652217711163344
0.6665954394212278
0.6658017644006228
0.6658628163252847
0.6660764980616014
0.6664428096095729
0.6672364846301779
0.6659849201746085
0.6674196404041638
0.6669617509691993
0.6675722702158186
0.6680912115754449
0.6679385817637901
0.6680606856131139
0.6697701395036478
0.6676638481028114
0.6690375164077047
0.6692817241063524
0.6692817241063524
0.6685796269727403
0.6700753991269575
0.6702890808632742
0.6694343539180073
0.6695869837296621
0.6694343539180073
0.6708080222229006
0.6708996001098935
0.6708690741475625
0.670533288561922
0.6706248664489148
0.6711132818462102
0.6710522299215482
0.6718459049421533
0.6708080222229006
0.6721816905277939
0.6717543270551604
0.6720290607161391
0.6723648463017796
0.672151164565463
0.6724258982264416
0.6723953722641106
0.6726701059250892
0.6731585213223847
0.6724564241887726
0.6726701059250892
0.6720290607161391
0.6730364174730609
0.6724869501511035
0.6731890472847156
0.6746848194389328
0.6732500992093776
0.6735858847950181
0.6738911444183278
0.6733416770963705
0.673738514606673
0.6739216703806588
0.6739216703806588
0.6743185078909613
0.674562715589609
0.6748069232882566
0.6741658780793065
0.6750206050245734
0.6745932415519399
0.6751121829115663
0.6750206050245734
0.6752648127232211
0.675325864647883
0.6751732348362283
0.6757227021581855
0.6758448060075094
0.676150065630819
0.6752342867608901
0.6766384810281144
0.6762721694801429
0.6767300589151073
0.6762721694801429
0.6771879483500718
0.6763942733294667
0.6771574223877408
0.6764553252541287
0.6771574223877408
0.6770353185384169
0.6779205714460148
0.6779816233706768
0.6776458377850362
0.677737415672029
0.6778900454836839
0.6776763637473672
0.6780121493330077
0.6780121493330077
0.6778289935590219
0.6774016300863884
0.6778900454836839
0.6786531945419579
0.6786531945419579
0.6782563570316554
0.6785005647303031
0.6781342531823316
0.6785616166549651
0.6789584541652676
0.6793858176379011
0.677737415672029
0.6785616166549651
0.6784089868433102
0.6785310906926341
0.6790500320522604
0.6790195060899294
0.6792942397509082
0.6781342531823316
0.6787447724289508
0.6796605512988797
0.6795384474495558
0.6793247657132391
0.6796300253365487
0.6799963368845203
0.6801794926585061
0.6801489666961751
0.6799658109221893
0.6811868494154278
0.6805152782441466
0.6813394792270826
0.681858420586709
0.6817057907750542
0.6814615830764065
0.6820721023230257
0.6811563234530968
0.6807900119051253
0.6816447388503922
0.6823773619463354
0.6817363167373851
0.6822857840593425
0.6825605177203211
0.6828047254189689
0.6827741994566379
0.6832931408162642
0.6825910436826521
0.6833236667785952
0.6840868158368693
0.68347629659025
0.6838120821758906
0.6836594523642358
0.6832320888916024
0.6835678744772429
0.684269971610855
0.6845141793095028
0.6839952379498764
0.6839036600628835
0.6840868158368693
0.6847889129704814
0.6836899783265667
0.6841173417992003
0.6833541927409261
0.6848499648951433
0.6849720687444671
0.6848804908574743
0.684300497573186
0.6857962697274032
0.6846973350834885
0.6843920754601789
0.6850331206691291
0.6856436399157484
0.6853689062547696
0.6866509966726702
0.6857962697274032
0.6855215360664245
0.685948899539058
0.6857962697274032
0.6864373149363534
0.6855520620287554
0.685887847614396
0.685948899539058
0.6863152110870295
0.686681522635001
0.6867731005219939
0.6874141457309442
0.6873225678439513
0.6872309899569584
0.6870783601453035
0.6874446716932752
0.6876583534295919
0.6881467688268873
0.6881162428645563
0.6874141457309442
0.6877194053542538
0.6884825544125278
0.6892457034708019
0.6886962361488446
0.6881772947892182
0.6883909765255349
0.6887572880735066
0.6890014957721542
0.6882993986385421
0.6889404438474923
0.6890320217344852
0.6884825544125278
0.6894288592447877
0.6899172746420831
0.6893678073201258
0.6906193717756952
0.6902530602277237
0.6899172746420831
0.6908941054366738
0.6893983332824567
0.6906193717756952
0.6899783265667451
0.6904972679263713
0.6911077871729906
0.6905277938887023
0.6911077871729906
0.6909246313990048
0.6913214689093073
0.6909551573613358
0.6902225342653927
0.6914740987209622
0.6921456698922434
0.6919319881559266
0.6923898775908911
0.6920846179675815
0.6922982997038981
0.6919014621935956
0.6923288256662291
0.6923593516285601
0.6930614487621722
0.6923898775908911
0.6926340852895387
0.6939772276321011
0.6931225006868341
0.6938245978204463
0.6929698708751794
0.693244604536158
0.6929698708751794
0.6937635458957844
0.6935498641594676
0.6935193381971366
0.6937330199334534
0.6941909093684179
0.6936719680087915
0.6944351170670655
0.6933056564608199
0.6939772276321011
0.6944961689917275
0.6942519612930798
0.6949235324643609
0.6949540584266919
0.6946182728410513
0.6948014286150371
0.6944656430293965
0.6955340517109802
0.694831954577368
0.6955035257486493
0.6946487988033823
0.6952898440123325
0.6953508959369944
0.6955340517109802
0.6951677401630086
0.6945572209163894
0.6953814218993254
0.6958087853719589
0.6959308892212827
0.6955951036356421
0.6951982661253396
0.6960529930706065
0.6952287920876705
0.6970603498275283
0.6957477334472969
0.6963582526939162
0.6961445709575994
0.695717207484966
0.6959919411459446
0.6969382459782044
0.6966329863548948
0.6966635123172258
0.6966635123172258
0.6971214017521903
0.6962361488445923
0.6965414084679019
0.6969687719405354
0.6969992979028664
0.697274031563845
0.6969992979028664
0.6969077200158735
0.6969077200158735
0.6971824536768522
0.6984645440947526
0.6968466680912115
0.6983729662077597
0.6973350834885069
0.6980371806221191
0.6976708690741475
0.698128758509112
0.6978234988858024
0.6981592844714429
0.6973350834885069
0.6981592844714429
0.6974266613754999
0.6984034921700907
0.6981592844714429
0.6982508623584358
0.6981898104337739
0.6985561219817454
0.698098232546781
0.6984950700570836
0.6988003296803932
0.6980371806221191
0.6986782258310693
0.6984645440947526
0.6987392777557313
0.6981592844714429
0.6985255960194146
0.6996855825879911
0.6989834854543789
0.6990445373790408
0.6988919075673861
0.6988613816050551
0.6990445373790408
0.6992887450776886
0.6988613816050551
0.6990750633413718
0.6987698037180622
0.6988003296803932
0.7002961018346103
0.7003571537592722
0.699777160474984
0.6998992643243078
0.7003571537592722
0.7001739979852865
0.6999908422113007
0.6996855825879911
0.6994413748893434
0.7004182056839342
0.6995634787386672
0.7001739979852865
0.7005097835709271
0.6996550566256601
0.7004792576085961
0.7001739979852865
0.7004182056839342
0.7003571537592722
0.7012118807045392
0.7003266277969413
0.7006929393449128
0.7002961018346103
0.700570835495589
0.7009676730058915
0.7006624133825818
0.7016087182148417
0.7010287249305535
0.7006624133825818
0.7014866143655178
0.7010592508928843
0.7015476662901798
0.7015476662901798
0.7006929393449128
0.7012118807045392
0.7011508287798773
0.7013339845538631
0.7020055557251442
0.7019139778381513
0.7020360816874752
0.7013034585915321
0.7019750297628132
0.7012118807045392
0.7015171403278488
0.7018529259134895
0.7017002961018346
0.7016697701395036
0.7024023932354467
0.7020971336121371
0.7023108153484539
0.7018223999511585
0.7014866143655178
0.702219237461461
0.7024634451601087
0.7021581855367991
0.702219237461461
0.7026160749717635
0.7026771268964254
0.7031044903690589
0.702219237461461
0.7023108153484539
0.7032265942183827
0.7023108153484539
0.7031960682560517
0.7025855490094325
0.7018529259134895
0.7031960682560517
0.7029213345950731
0.7018834518758204
0.7036844836533471
0.703043438444397
0.7037455355780091
0.7025550230471016
0.703043438444397
0.7026771268964254
0.7035623798040234
0.7031350163313899
0.7031655422937209
0.7031960682560517
0.7032265942183827
0.7034402759546995
0.7028908086327421
0.7029213345950731
0.7035929057663542
0.7032265942183827
0.7032876461430446
0.7026160749717635
0.704661314447938
0.7032571201807137
0.703806587502671
0.7037760615403401
0.703837113465002
0.7037150096156781
0.7040813211636496
0.7041118471259806
0.704630788485607
0.7041423730883116
0.7047528923349309
0.7041423730883116
0.7034097499923685
0.7042034250129735
0.7040202692389878
0.7040507952013187
0.7040507952013187
0.7047223663725999
0.7048139442595928
0.7052107817698953
0.7047528923349309
0.7045697365609451
0.7041118471259806
0.7041728990506426
0.7042034250129735
0.7051802558075644
0.7044781586739522
0.7047834182972619
0.7042034250129735
0.705424463506212
0.7049055221465856
0.7059128789035074
0.7046918404102689
0.7045697365609451
0.7053328856192191
0.7050581519582405
0.7053023596568881
0.7053023596568881
0.7048749961842548
0.7052718336945573
0.7048444702219238
0.7055160413932049
0.704661314447938
0.705424463506212
0.704630788485607
0.7049055221465856
0.705485515430874
0.7061570866021551
0.7053634115815501
0.7056381452425288
0.705424463506212
0.704630788485607
0.7053023596568881
0.7051497298452334
0.705454989468543
0.7057602490918526
0.706248664489148
0.7056076192801978
0.7058518269788455
0.705485515430874
0.7058213010165145
0.7057602490918526
0.7055465673555359
0.7055770933178669
0.7056991971671907
0.7051802558075644
0.7058823529411765
0.7064012943008028
0.7061265606398242
0.7060960346774932
0.7059739308281694
0.7067676058487744
0.7058823529411765
0.705485515430874
0.706218138526817
0.706248664489148
0.7060349827528313
0.7060960346774932
0.7060655087151623
0.7064012943008028
0.7060960346774932
0.705454989468543
0.7065233981501267
0.7065844500747887
0.7064012943008028
0.7064318202631338
0.706218138526817
0.7058518269788455
0.7056991971671907
0.7060960346774932
0.7065233981501267
0.707042339509753
0.7067676058487744
0.7061570866021551
0.706248664489148
0.7064623462254648
0.7067676058487744
0.7075612808693794
0.7065233981501267
0.7066455019994505
0.7072560212460698
0.7066760279617815
0.7068591837357673
0.7064623462254648
0.7068897096980983
0.7074086510577245
0.7067065539241124
0.7065844500747887
0.7067676058487744
0.7067370798864434
0.7067676058487744
0.707042339509753
0.7067065539241124
0.7063402423761409
0.7066455019994505
0.7073781250953937
0.7065844500747887
0.7069202356604292
0.7075307549070484
0.707011813547422
0.7075612808693794
0.7063707683384719
0.7075307549070484
0.7066455019994505
0.7071033914344149
0.7075612808693794
0.707042339509753
0.7073781250953937
0.7071949693214079
0.7075002289447175
0.7075918068317104
0.7077444366433652
0.7082633780029916
0.7073170731707317
0.7075612808693794
0.7077749626056962
0.7072254952837388
0.7077139106810342
0.707836014530358
0.7075918068317104
0.7074391770200555
0.7072865472084008
0.7074697029823865
0.7077444366433652
0.7079886443420129
0.7073170731707317
0.7077749626056962
0.707836014530358
0.7079581183796819
0.7074086510577245
0.7076528587563723
0.7081107481913367
0.7080191703043438
0.7084160078146463
0.7073475991330627
0.7082023260783297
0.7076528587563723
0.7075307549070484
0.70789706645502
0.7076223327940413
0.7077444366433652
0.7069202356604292
0.7076528587563723
0.7081107481913367
0.7085991635886322
0.7079581183796819
0.7091791568729204
0.7080496962666748
0.7080191703043438
0.7083244299276534
0.7087212674379559
0.7084465337769773
0.707042339509753
0.7082633780029916
0.7080802222290058
0.7085075857016393
0.7081412741536677
0.7075612808693794
0.7079275924173509
0.7085686376263012
0.7088738972496108
0.7083244299276534
0.7083549558899844
0.7074391770200555
0.7083549558899844
0.7077139106810342
0.7085991635886322
0.7084160078146463
0.7083244299276534
0.7092707347599133
0.7082633780029916
0.7079581183796819
0.7080496962666748
0.707836014530358
0.7083244299276534
0.7081718001159987
0.7083244299276534
0.708690741475625
0.7085381116639702
0.7094233645715681
0.7091181049482584
0.7084160078146463
0.7083854818523154
0.7086602155132941
0.7088738972496108
0.7088433712872798
0.7090570530235966
0.7088738972496108
0.7082023260783297
0.7089654751366037
0.7085381116639702
0.7092402087975823
0.7082939039653225
0.7087212674379559
0.7088738972496108
0.7088738972496108
0.7094233645715681
0.7091181049482584
0.7081718001159987
0.7088128453249488
0.7089654751366037
0.7090875789859276
0.7097896761195397
0.7083244299276534
0.7081718001159987
0.7090265270612656
0.7085991635886322
0.7099117799688636
0.708690741475625
0.7094844164962301
0.7089960010989347
0.7086296895509631
0.7097591501572087
0.7093317866845752
0.7093012607222443
0.7091486309105894
0.7095149424585611
0.7091486309105894
0.7091486309105894
0.7094538905338991
0.7085686376263012
0.7093623126469062
0.7092096828352514
0.7084160078146463
0.7095759943832229
0.7095759943832229
0.7090265270612656
0.7092402087975823
0.709545468420892
0.7091791568729204
0.7092096828352514
0.7093317866845752
0.7099728318935254
0.7096065203455539
0.7094233645715681
0.7092096828352514
0.7096675722702158
0.7091181049482584
0.7091181049482584
0.7099117799688636
0.7098202020818706
0.7096675722702158
0.7093623126469062
0.7092096828352514
0.7098202020818706
0.7104917732531518
0.7092707347599133
0.7096980982325468
0.7090570530235966
0.7100949357428493
0.7095759943832229
0.7101865136298422
0.7097896761195397
0.7098507280442016
0.7099728318935254
0.7094233645715681
0.7094538905338991
0.7100338838181873
0.7100338838181873
0.7097286241948777
0.7099728318935254
0.7097286241948777
0.7096065203455539
0.7095759943832229
0.7102475655545041
0.7099728318935254
0.7098507280442016
0.7093623126469062
0.7099117799688636
0.7100644097805183
0.7095759943832229
0.7100338838181873
0.7097591501572087
0.7100338838181873
0.7105222992154828
0.7101559876675112
0.711163344424433
0.7100338838181873
0.7106138771024757
0.7107665069141305
0.7104612472908208
0.7106444030648066
0.7101865136298422
0.7101559876675112
0.7103086174791661
0.7102780915168351
0.7106138771024757
0.710369669403828
0.7107359809517995
0.7099728318935254
0.7101254617051802
0.7109191367257853
0.7100338838181873
0.7108580848011233
0.710400195366159
0.7109801886504472
0.7101559876675112
0.7108886107634543
0.7100644097805183
0.7101254617051802
0.7106749290271376
0.7103086174791661
0.7110717665374401
0.7105833511401447
0.7105222992154828
0.7107970328764615
0.7099423059311945
0.7110717665374401
0.7109496626881162
0.7108580848011233
0.7110412405751091
0.7107665069141305
0.7105833511401447
0.7107970328764615
0.7114380780854116
0.7111022924997711
0.7113770261607497
0.7104612472908208
0.7105222992154828
0.7114380780854116
0.710369669403828
0.7109801886504472
0.711163344424433
0.711132818462102
0.710400195366159
0.7107665069141305
0.7107054549894686
0.7115601819347355
0.7102780915168351
0.7106444030648066
0.7109496626881162
0.7115907078970665
0.7107359809517995
0.7111022924997711
0.7107054549894686
0.7102780915168351
0.7104612472908208
0.7109496626881162
0.7110717665374401
0.7105833511401447
0.711132818462102
0.7104307213284898
0.7114686040477426
0.7111022924997711
0.7109191367257853
0.711163344424433
0.7113159742360878
0.7115907078970665
0.7106138771024757
0.7118959675203761
0.7114686040477426
0.711132818462102
0.7105222992154828
0.7109496626881162
0.7116822857840593
0.7112854482737568
0.711132818462102
0.7104917732531518
0.7107970328764615
0.7117433377087212
0.7113159742360878
0.711163344424433
0.7113159742360878
0.710369669403828
0.711132818462102
0.7110107146127782
0.7112854482737568
0.7110107146127782
0.7113465001984187
0.7107665069141305
0.7113465001984187
0.7105833511401447
0.7108886107634543
0.7105528251778137
0.7112854482737568
0.711132818462102
0.7109191367257853
0.7114991300100736
0.7115601819347355
0.7118654415580451
0.7110107146127782
0.7108275588387923
0.7114686040477426
0.7114380780854116
0.710339143441497
0.7113159742360878
0.7111022924997711
0.7114686040477426
0.7113770261607497
0.7115907078970665
0.7115601819347355
0.7114380780854116
0.7107054549894686
0.711957019445038
0.7114686040477426
0.7118654415580451
0.7110412405751091
0.7111022924997711
0.7114686040477426
0.7114075521230807
0.7118349155957141
0.7110717665374401
0.7115907078970665
0.711224396349095
0.7120791232943618
0.7109191367257853
0.711987545407369
0.7118654415580451
0.7111022924997711
0.7116212338593975
0.7124759608046644
0.7113159742360878
0.7116212338593975
0.7118043896333832
0.7110107146127782
0.7114991300100736
0.7118654415580451
0.7116517598217283
0.7121096492566928
0.7114380780854116
0.7117128117463903
0.7120791232943618
0.7113465001984187
0.7114686040477426
0.7114075521230807
0.7113159742360878
0.7116212338593975
0.7121707011813547
0.7122317531060167
0.7118043896333832
0.7122012271436857
0.7118043896333832
0.7114380780854116
0.7120485973320309
0.7113159742360878
0.7121401752190237
0.7118349155957141
0.7116517598217283
0.7124454348423334
0.7116822857840593
0.7122317531060167
0.7126896425409811
0.7120791232943618
0.711957019445038
0.711957019445038
0.7125370127293263
0.7128422723526359
0.7121401752190237
0.7118654415580451
0.7122317531060167
0.7116822857840593
0.7125980646539882
0.7113770261607497
0.7124759608046644
0.7121707011813547
0.7124759608046644
0.7126285906163192
0.7125370127293263
0.7117433377087212
0.7123233309930096
0.7125980646539882
0.7121401752190237
0.7123538569553405
0.7127201685033121
0.7125370127293263
0.7121401752190237
0.7129033242772979
0.7126591165786501
0.712750694465643
0.7125064867669954
0.7121096492566928
0.7122622790683476
0.7122012271436857
0.7124759608046644
0.7119264934827071
0.7124759608046644
0.7121401752190237
0.7126285906163192
0.7126896425409811
0.7125064867669954
0.7120485973320309
0.7132085839006075
0.7123843829176715
0.7133001617876004
0.7129949021642907
0.7125675386916572
0.7125980646539882
0.7124759608046644
0.7122928050306786
0.7122317531060167
0.7125675386916572
0.7125370127293263
0.7128727983149669
0.7131780579382765
0.7125370127293263
0.7118043896333832
0.712750694465643
0.7130559540889526
0.7123843829176715
0.7133306877499314
0.7126896425409811
0.7131780579382765
0.7123233309930096
0.7126285906163192
0.7130254281266217
0.7126285906163192
0.713635947373241
0.7126285906163192
0.7129643762019597
0.7129643762019597
0.7123538569553405
0.7135138435239171
0.713574895448579
0.7132696358252694
0.7131780579382765
0.7134222656369242
0.7132696358252694
0.7131475319759455
0.7129033242772979
0.7131170060136146
0.7136969992979029
0.7133917396745932
0.7132696358252694
0.7134527915992551
0.7136664733355719
0.7138801550718886
0.7122012271436857
0.7127201685033121
0.7138496291095576
0.7133306877499314
0.7132696358252694
0.7129949021642907
0.7143075185445221
0.713635947373241
0.7139106810342196
0.7138801550718886
0.7129949021642907
0.7133306877499314
0.7139106810342196
0.7132391098629385
0.7133917396745932
0.7130559540889526
0.7133001617876004
0.7136969992979029
0.7129643762019597
0.7140633108458744
0.7133306877499314
0.7130864800512836
0.7132085839006075
0.712750694465643
0.7137275252602339
0.7135443694862481
0.7138496291095576
0.714368570469184
0.7131780579382765
0.7137580512225647
0.7141854146951983
0.7136664733355719
0.7131170060136146
0.7136969992979029
0.7131780579382765
0.71360542141091
0.713574895448579
0.7134222656369242
0.7129033242772979
0.7134527915992551
0.7139106810342196
0.7139412069965506
0.713635947373241
0.7144906743185079
0.7142464666198602
0.7144601483561769
0.7143380445068531
0.712750694465643
0.7134222656369242
0.7136969992979029
0.7140327848835435
0.7141243627705364
0.7141854146951983
0.7141854146951983
0.7141548887328673
0.7131780579382765
0.713635947373241
0.7139106810342196
0.7144906743185079
0.7148264599041485
0.7154369791507678
0.7143075185445221
0.7142464666198602
0.7144906743185079
0.7140327848835435
0.7140633108458744
0.7141548887328673
0.7142159406575292
0.7141854146951983
0.7142464666198602
0.7142464666198602
0.7142159406575292
0.7140327848835435
0.7146738300924936
0.7141243627705364
0.7146433041301627
0.7137275252602339
0.7149485637534724
0.7145517262431699
0.7151317195274581
0.7140327848835435
0.714429622393846
0.7147348820171556
0.7141243627705364
0.714429622393846
0.714399096431515
0.714429622393846
0.7147348820171556
0.7141243627705364
0.7150096156781343
0.7141548887328673
0.7147654079794865
0.715223297414451
0.714399096431515
0.7155896089624225
0.7141548887328673
0.7143075185445221
0.7151317195274581
0.7150706676027961
0.7146433041301627
0.7148569858664794
0.7149790897158033
0.7148264599041485
0.7150401416404653
0.7147959339418175
0.7154064531884368
0.7142464666198602
0.7149485637534724
0.7148875118288104
0.714399096431515
0.7152843493391129
0.7149790897158033
0.7158032906987393
0.7156506608870845
0.7156201349247535
0.7148569858664794
0.7150096156781343
0.7149790897158033
0.7150706676027961
0.7150401416404653
0.7142464666198602
0.7149180377911414
0.7153454012637749
0.7153759272261058
0.715223297414451
0.7150401416404653
0.7155590830000915
0.7150706676027961
0.7153148753014439
0.71519277145212
0.7148875118288104
0.7154064531884368
0.7154064531884368
0.7157117128117464
0.7161696022467108
0.71519277145212
0.7155896089624225
0.7147959339418175
0.7158032906987393
0.7156506608870845
0.7154064531884368
0.715253823376782
0.7155285570377606
0.7146738300924936
0.7148875118288104
0.7146433041301627
0.7150706676027961
0.7158338166610703
0.716810647455661
0.7158032906987393
0.7154369791507678
0.7155896089624225
0.7164138099453585
0.715253823376782
0.7161390762843799
0.7159559205103941
0.7149485637534724
0.7154675051130986
0.7158338166610703
0.71519277145212
0.7159253945480631
0.7156201349247535
0.716016972435056
0.7167495955309992
0.7166580176440063
0.7161390762843799
0.7158338166610703
0.7157117128117464
0.7164443359076895
0.7161696022467108
0.7162611801337038
0.7156506608870845
0.7158948685857321
0.7158338166610703
0.7155285570377606
0.7163527580206966
0.7165359137946824
0.7161085503220489
0.7163527580206966
0.716016972435056
0.7163527580206966
0.7162611801337038
0.7162306541713728
0.7156506608870845
0.7170853811166397
0.716810647455661
0.7158948685857321
0.7167495955309992
0.7156506608870845
0.7166274916816753
0.7162611801337038
0.7154369791507678
0.7165969657193443
0.7166274916816753
0.7166274916816753
0.7161696022467108
0.7165664397570133
0.7167190695686682
0.7169938032296468
0.7165664397570133
0.7169327513049849
0.7165359137946824
0.7172380109282945
0.7161085503220489
0.716841173417992
0.7165664397570133
0.71678012149333
0.7161085503220489
0.7170853811166397
0.7167190695686682
0.7169938032296468
0.7170853811166397
0.7167190695686682
0.7163222320583656
0.7171159070789707
0.716841173417992
0.7169022253426539
0.7154369791507678
0.7169022253426539
0.71678012149333
0.7168716993803229
0.7164443359076895
0.7163222320583656
0.7166580176440063
0.716841173417992
0.7173906407399493
0.7165053878323514
0.7169327513049849
0.7172074849659635
0.716841173417992
0.7169632772673159
0.7169632772673159
0.7171464330413017
0.7170243291919778
0.7171159070789707
0.7170243291919778
0.7171464330413017
0.7171464330413017
0.7166580176440063
0.7166580176440063
0.7173295888152874
0.7169022253426539
0.7175127445892732
0.71678012149333
0.7172990628529564
0.7169632772673159
0.7172380109282945
0.7174516926646113
0.717604322476266
0.7171464330413017
0.7169632772673159
0.7175432705516042
0.7179706340242377
0.7170243291919778
0.7178180042125828
0.7180927378735614
0.7173295888152874
0.7170243291919778
0.7174822186269422
0.7185201013461949
0.7169022253426539
0.7174516926646113
0.717665374400928
0.7180622119112305
0.7179095820995757
0.716810647455661
0.717634848438597
0.7170853811166397
0.7174211667022803
0.7178180042125828
0.7182758936475473
0.7170853811166397
0.7173601147776184
0.7174516926646113
0.717573796513935
0.7179401080619067
0.7180011599865685
0.717573796513935
0.7177874782502518
0.7175432705516042
0.7181843157605543
0.7172685368906255
0.7177569522879209
0.7177569522879209
0.7181537897982234
0.7175127445892732
0.7179095820995757
0.7182453676852163
0.7175432705516042
0.7179095820995757
0.7178790561372447
0.7178180042125828
0.7174516926646113
0.7172380109282945
0.7181537897982234
0.7180622119112305
0.7179095820995757
0.718397997496871
0.7180622119112305
0.7179095820995757
0.7174822186269422
0.7183064196098782
0.7166580176440063
0.7181843157605543
0.7188253609695046
0.7181843157605543
0.717604322476266
0.7186422051955188
0.7180011599865685
0.7189169388564974
0.7176959003632589