0.3033059617204432
0.3835892426508746
0.4107268231631002
0.4261729601025672
0.4376507219390091
0.4486400683781556
0.45227265789554016
0.45895784364602094
0.4610336090845264
0.4664061784547758
0.47299978631826367
0.4755639671540645
0.4812112701852926
0.484141762569065
0.48801855978509723
0.49217009066210815
0.4952226868952044
0.49873317256326505
0.5009310418510944
0.5035562746115572
0.5065478189199915
0.5083488506975182
0.5108825055709881
0.5122256479135505
0.5142708873897249
0.5155835037699563
0.5170182239995116
0.5197045086846362
0.5209560731402058
0.5229707866540493
0.5258707530754907
0.5283433560242987
0.529747550291523
0.5302664916511493
0.5331359321102598
0.5358832687200464
0.5367379956653133
0.537836930309228
0.541103208278641
0.5399737476723954
0.5431179217924845
0.5430263439054916
0.5457736805152782
0.5480326017277695
0.5478799719161147
0.5497725815806344
0.5523978143410971
0.5539851643823072
0.5561219817454746
0.5560914557831436
0.5585945846942825
0.560670350132788
0.5604871943588021
0.5626545376843005
0.5643639915748344
0.565432400256418
0.5685460484141762
0.5693702493971122
0.5697976128697457
0.5712628590616319
0.571964956195244
0.5753228120516499
0.5762080649592478
0.5750480783906713
0.5773069996031625
0.5783448823224152
0.5799932842882872
0.5807564333465612
0.580176440062273
0.5820690497267926
0.5846637565249244
0.5856711132818462
0.5864647883024512
0.5880216123813303
0.5875942489086968
0.5889068652889282
0.5935773375255655
0.5936994413748894
0.5938520711865442
0.5958362587380567
0.5979120241765622
0.5976372905155835
0.5996214780670961
0.601300405995299
0.6033761714338044
0.6015140877316157
0.6039561647180928
0.6044751060777191
0.6063371897799078
0.6064898195915627
0.6084434811807442
0.6097866235233066
0.6097866235233066
0.6118013370371501
0.6120760706981287
0.6140907842119723
0.6143960438352819
0.6152202448182179
0.6157391861778443
0.6183644189383071
0.6184865227876308
0.6196465093562075
0.6204707103391435
0.6212338593974175
0.6219054305686986
0.624042247931866
0.6231569950242681
0.6261790652950334
0.6263927470313502
0.6255074941237523
0.6286211422815104
0.6275527335999267
0.6296895509630941
0.6296590250007631
0.6315211087029519
0.6329253029701761
0.6322842577612259
0.6355200097683079
0.6359473732409414
0.6364663146005678
0.6376568271314753
0.6386641838883971
0.6379620867547849
0.6393968069843402
0.6394578589090021
0.6409231051008883
0.6414725724228456
0.6433651820873653
0.6437620195976678
0.6454104215635398
0.6437925455599988
0.6455325254128637
0.646784089868433
0.6487988033822766
0.6494703745535578
0.6496840562898746
0.6500198418755151
0.6508440428584511
0.6519735034646967
0.6535913794682378
0.6536829573552306
0.6545987362251595
0.6539271650538784
0.6551176775847859
0.6577734363075796
0.6568576574376507
0.6570102872493055
0.6579260661192344
0.6597576238590922
0.6590555267254801
0.6605818248420281
0.6604291950303733
0.6616807594859428
0.6612533960133093
0.6636954729997864
0.6637870508867793
0.6649775634176868
0.6651301932293415
0.6666564913458897
0.6672975365548399
0.6658933422876157
0.6686406788974022
0.669648035654324
0.6694038279556763
0.6699227693153027
0.6717848530174914
0.6724869501511035
0.6724869501511035
0.6726090540004274
0.6747763973259256
0.6749290271375805
0.6742574559662994
0.6749290271375805
0.676089013706157
0.6771574223877408
0.6768216368021002
0.6776153118227052
0.6778595195213529
0.6781953051069936
0.6779205714460148
0.6796605512988797
0.6795994993742178
0.6804237003571537
0.6814005311517446
0.6827741994566379
0.681919472511371
0.6828352513812997
0.6815836869257303
0.6821942061723496
0.6833847187032571
0.6839036600628835
0.6840257639122074
0.6826215696449831
0.6850331206691291
0.6844226014225099
0.6845447052718336
0.6862236332000367
0.6864983668610153
0.6860404774260509
0.6864067889740224
0.6880551909398944
0.6885436063371898
0.6877804572789157
0.6898256967550902
0.6893372813577948
0.6889709698098233
0.6886351842241827
0.6897951707927592
0.6901004304160688
0.6892762294331328
0.6906193717756952
0.6909856833236668
0.6918404102689337
0.6911993650599835
0.6939161757074391
0.6921151439299124
0.6936109160841295
0.6925119814402149
0.6929088189505174
0.6936109160841295
0.6938856497451082
0.6941298574437559
0.6946793247657133
0.6955951036356421
0.6943130132177416
0.6947709026527061
0.6949235324643609
0.6952898440123325
0.695686681522635
0.6968161421288807
0.6963582526939162
0.697304557526176
0.6958087853719589
0.6963582526939162
0.6979456027351262
0.697304557526176
0.6978845508104643
0.6976098171494857
0.6989834854543789
0.6992582191153576
0.6981592844714429
0.6984034921700907
0.6999908422113007
0.6999908422113007
0.6999908422113007
0.7000518941359626
0.6996245306633292
0.699807686437315
0.6985255960194146
0.7011813547422082
0.7003876797216032
0.7008455691565677
0.7006929393449128
0.7010287249305535
0.7018223999511585
0.70218871149913
0.7021276595744681
0.7012424066668702
0.7011813547422082
0.7028602826704112
0.7022802893861229
0.703043438444397
0.7033181721053756
0.7021276595744681
0.7038981653896639
0.7037455355780091
0.7031044903690589
0.7036539576910162
0.7033792240300375
0.7026771268964254
0.7049055221465856
0.7047223663725999
0.7043560548246284
0.7041118471259806
0.7042644769376355
0.7055770933178669
0.7050581519582405
0.7049055221465856
0.7051802558075644
0.7056381452425288
0.7055160413932049
0.705454989468543
0.7067065539241124
0.7071339173967459
0.7049665740712476
0.7061876125644861
0.7069812875850912
0.7067981318111053
0.707072865472084
0.7072560212460698
0.7071949693214079
0.7068591837357673
0.7066760279617815
0.7066455019994505
0.707072865472084
0.7074391770200555
0.7075918068317104
0.7084770597393083
0.7069202356604292
0.7088433712872798
0.7081718001159987
0.7085991635886322
0.7075002289447175
0.7085381116639702
0.707805488568027
0.7087823193626179
0.7082633780029916
0.7095759943832229
0.7080496962666748
0.7096675722702158
0.7090875789859276
0.7085075857016393
0.7099117799688636
0.7107665069141305
0.7092402087975823
0.7093928386092372
0.7098507280442016
0.7084465337769773
0.7097591501572087
0.7093928386092372
0.7091486309105894
0.7094538905338991
0.7118959675203761
0.7107359809517995
0.7107970328764615
0.7108580848011233
0.7114686040477426
0.7118349155957141
0.7104612472908208
0.7109801886504472
0.710400195366159
0.7120485973320309
0.7106749290271376
0.7118043896333832
0.7107054549894686
0.7118349155957141
0.711193870386764
0.7117128117463903
0.7119264934827071
0.7116822857840593
0.7125675386916572
0.7122622790683476
0.7105833511401447
0.7122928050306786
0.7121707011813547
0.7113770261607497
0.7125980646539882
0.7116822857840593
0.7114380780854116
0.7131475319759455
0.712781220427974
0.7129643762019597
0.7128422723526359
0.7126285906163192
0.7132696358252694
0.7125370127293263
0.7138496291095576
0.7121096492566928
0.7131780579382765
0.7134527915992551
0.7131170060136146
0.7132085839006075
0.7137885771848957
0.7129338502396289
0.7135443694862481
0.713574895448579
0.712750694465643
0.7134527915992551
0.7137580512225647
0.7129033242772979
0.7147348820171556
0.7143075185445221
0.7133917396745932
0.7141854146951983
0.7144601483561769
0.7141243627705364
0.7153454012637749
0.7156811868494154
0.715162245489789
0.712811746390305
0.7138801550718886
0.7158948685857321
0.7139106810342196
0.7154064531884368
0.7142159406575292
0.7159559205103941
0.7152843493391129
0.7143075185445221
0.7140022589212125
0.7150706676027961
0.7149180377911414
0.7148875118288104
0.7141243627705364
0.7150401416404653
0.7151317195274581
0.7151317195274581
0.7153454012637749
0.7163222320583656
0.7149790897158033
0.7162001282090418
0.7150401416404653
0.7138191031472267
0.7144906743185079
0.7156201349247535
0.7152843493391129
0.7162306541713728
0.7162611801337038
0.7155590830000915
0.71519277145212
0.7155285570377606
0.7162611801337038
0.715162245489789
0.7154675051130986
0.7154064531884368
0.7158643426234012
0.7162001282090418
0.7157727647364083
0.7164748618700204
0.7157422387740774
0.716016972435056
0.7159559205103941
0.7169022253426539
0.7165359137946824
0.7166885436063372
0.7160780243597179
0.7165969657193443
0.7153454012637749
0.7164748618700204
0.7164138099453585
0.7172990628529564
0.7174822186269422
0.7169327513049849
0.7162001282090418
0.7179095820995757
0.7163527580206966
0.7158948685857321
0.7170243291919778
0.7169022253426539
0.7172990628529564
0.7174516926646113
0.7157422387740774
0.7182758936475473
0.7172990628529564
0.7170853811166397
0.717634848438597
0.7174516926646113
0.7172685368906255
0.7187948350071736
0.7170853811166397
0.7172380109282945
0.7166885436063372
0.7182758936475473
0.7173906407399493
0.7170548551543088
0.7169022253426539
0.7173295888152874
0.7174211667022803
0.717634848438597
0.718428523459202
0.7180011599865685
0.7179706340242377
0.7175127445892732
0.7192527244421381
0.7172685368906255
0.7195579840654477
0.7185506273085259
0.7182148417228853
0.7182758936475473
0.7181537897982234
0.7191306205928142
0.7194664061784548
0.7198021917640953
0.7197411398394334
0.7195579840654477
0.7185506273085259
0.7198327177264263
0.7191611465551452
0.7194969321407857
0.718397997496871
0.7187948350071736
0.7196800879147716
0.7190390427058213
0.7181537897982234
0.7189474648188284
0.7198632436887573
0.7199242956134192
0.7190390427058213
0.7206263927470313
0.7197716658017644
0.7204432369730456
0.7213590158429745
0.7194358802161238
0.7204127110107146
0.7192221984798071
0.72090112640801
0.7202906071613908
0.7203211331237217
0.7205348148600385
0.7203211331237217
0.721755853353277
0.7201990292743978
0.7206263927470313
0.7220000610519247
0.7208400744833481
0.7197411398394334
0.720107451387405
0.7212674379559816
0.7212369119936506
0.7210842821819958
0.7206263927470313
0.72090112640801
0.7205653408223694
0.7203516590860527
0.7222747947129033
0.721786379315608
0.7204432369730456
0.7201990292743978
0.7228853139595226
0.7220916389389176
0.720931652370341
0.7212063860313196
0.7202600811990598
0.720962178332672
0.7212369119936506
0.7216642754662841
0.7205348148600385
0.7215726975792912
0.7211758600689887
0.7208706004456791
0.7218474312402698
0.7220000610519247
0.7218169052779388
0.721725327390946
0.7221221649012485
0.7219084831649317
0.7213590158429745
0.7227632101101987
0.7219390091272627
0.7222442687505723
0.7226105802985439
0.7226105802985439
0.7220611129765866
0.7228853139595226
0.7232821514698251
0.7230379437711774
0.7228853139595226
0.7220916389389176
0.7216337495039531
0.7216948014286151
0.7232516255074941
0.7226716322232059
0.7226716322232059
0.7224884764492201
0.7239231966787752
0.7234347812814799
0.7224884764492201
0.7222137427882414
0.7228853139595226
0.7226716322232059
0.7232821514698251
0.7237400409047895
0.7226411062608749
0.7234653072438109
0.7219084831649317
0.7238621447541134
0.7242895082267469
0.7227021581855368
0.7232516255074941
0.7230989956958394
0.7237705668671205
0.7239842486034372
0.7244116120760707
0.7234653072438109
0.724961079398028
0.723404255319149
0.7238010928294515
0.7244726640007326
0.7237400409047895
0.724930553435697
0.724197930339754
0.7236179370554656
0.7246252938123874
0.7227937360725297
0.7246252938123874
0.724136878415092
0.723404255319149
0.7248084495863732
0.7247779236240423
0.7234958332061419
0.7238621447541134
0.724197930339754
0.7234347812814799
0.7239537226411062
0.7244421380384016
0.7245642418877255
0.7239537226411062
0.723404255319149
0.7255105467199854
0.7239537226411062
0.7247779236240423
0.7240758264904301
0.724167404377423
0.7236789889801276
0.7246252938123874
0.7247168716993804
0.7250831832473519
0.7236789889801276
0.7256326505693091
0.7255715986446473
0.7250526572850209
0.7246252938123874
0.7259684361549498
0.7253579169083305
0.7247168716993804
0.7256631765316401
0.7246252938123874
0.7257242284563021
0.7244421380384016
0.7246863457370494
0.725815806343295
0.72502213132269
0.7256631765316401
0.7268536890625477
0.7251747611343448
0.7263957996275833
0.7246252938123874
0.7239842486034372
0.7252663390213376
0.7255105467199854
0.7255715986446473
0.7260905400042736
0.7248389755487041
0.726548429439238
0.7250831832473519
0.7247779236240423
0.7262126438535975
0.7246558197747184
0.7248389755487041
0.7253579169083305
0.7253579169083305
0.7252358130590066
0.7262126438535975
0.7262736957782594
0.7272505265728502
0.726548429439238
0.726548429439238
0.7254189688329925
0.7258463323056259
0.7272200006105193
0.7262736957782594
0.7268536890625477
0.7263957996275833
0.7260600140419426
0.7268231631002168
0.7267010592508929
0.7253884428706615
0.7275863121584908
0.7266705332885619
0.7255715986446473
0.7263042217405904
0.7267621111755548
0.7262736957782594
0.7266705332885619
0.7264263255899143
0.7275557861961598
0.7271589486858573
0.7276473640831527
0.7268842150248787
0.7269147409872097
0.726578955401569
0.7273115784975122
0.7262736957782594
0.72819683140511
0.7297231295216582
0.7268231631002168
0.7277084160078147
0.726578955401569
0.7278305198571385
0.7284410391037578
0.7274642083091669
0.727372630422174
0.727342104459843
0.727372630422174
0.7285326169907507
0.7279831496687933
0.729051558350377
0.7284105131414268
0.7281052535181172
0.7269757929118715
0.7277389419701457
0.7278610458194694
0.7287462987270674
0.7272505265728502
0.7285936689154126
0.7286241948777435
0.7280747275557862
0.7293873439360176
0.7284105131414268
0.7275557861961598
0.7279526237064623
0.7284105131414268
0.7292041881620318
0.7281052535181172
0.7289294545010532
0.7279831496687933
0.7288989285387222
0.7276473640831527
0.7294483958606796
0.7290820843127079
0.7287462987270674
0.7293873439360176
0.7288073506517293
0.7296926035593272
0.7305473305045942
0.7295094477853414
0.7303641747306083
0.7292347141243628
0.7276473640831527
0.7294789218230104
0.7291736621997008
0.7286547208400744
0.7291126102750389
0.7295704997100033
0.7296926035593272
0.7294789218230104
0.7292347141243628
0.7287157727647364
0.7292347141243628
0.7298452333709821
0.7296926035593272
0.7310357459018896
0.7295094477853414
0.7282578833297719
0.7296926035593272
0.730669434353918
0.7287768246893983
0.7290820843127079
0.7303947006929393
0.7293568179736866
0.7306083824292561
0.7289905064257151
0.7300283891449678
0.729021032388046
0.7301810189566226
0.7302420708812846
0.7299978631826368
0.7302115449189536
0.730699960316249
0.7314325834121921
0.7303031228059464
0.73073048627858
0.7299978631826368
0.7304862785799322
0.7301199670319607
0.730761012240911
0.729051558350377
0.730699960316249
0.7305473305045942
0.7296315516346653
0.7297536554839892
0.7302725968436155
0.730669434353918
0.7296620775969962
0.7308831160902347
0.731493635336854
0.73073048627858
0.7303336487682774
0.7297841814463201
0.7314020574498611
0.729875759333313
0.7312494276382063
0.7325009920937757
0.7312189016758753
0.7308220641655728
0.7309136420525657
0.7304862785799322
0.7317988949601636
0.7310357459018896
0.730699960316249
0.7303336487682774
0.7313410055251992
0.7316157391861778
0.7321957324704661
0.7329588815287402
0.7311578497512135
0.7317378430355017
0.7311578497512135
0.7310967978265515
0.7320125766964803
0.7319209988094875
0.7317378430355017
0.7326230959430996
0.7319209988094875
0.7311883757135443
0.7304252266552703
0.7310967978265515
0.7321957324704661
0.7314325834121921
0.7311578497512135
0.7318599468848256
0.7315852132238468
0.7317988949601636
0.7322567843951281
0.73073048627858
0.7324094142067828
0.7320125766964803
0.7326536219054306
0.7321346805458042
0.7324399401691138
0.7317073170731707
0.7316462651485088
0.7326230959430996
0.7317683689978327
0.7324704661314448
0.7327451997924235
0.7328367776794164
0.731554687261516
0.7322262584327971
0.7326841478677615
0.7322262584327971
0.7316462651485088
0.7316767911108397
0.7327146738300925
0.7326536219054306
0.7329588815287402
0.7327146738300925
0.7330199334534021
0.734759913306267
0.7343325498336335
0.7328673036417473
0.7321957324704661
0.7328673036417473
0.7335694007753595
0.7327757257547545
0.7332946671143807
0.73231783631979
0.7332641411520499
0.7310662718642206
0.7336304527000214
0.7320125766964803
0.7332336151897189
0.7324399401691138
0.7330199334534021
0.7330199334534021
0.7324399401691138
0.7330809853780641
0.7346378094569431
0.7327146738300925
0.7326841478677615
0.731554687261516
0.7338746603986691
0.734729387343936
0.7338136084740071
0.7334778228883666
0.7319820507341493
0.7345157056076193
0.7318599468848256
0.7337220305870142
0.7351872767789005
0.7328673036417473
0.7341188680973167
0.733172563265057
0.7344241277206264
0.7340883421349859
0.7337830825116762
0.7327146738300925
0.7330504594157331
0.7341799200219787
0.7338746603986691
0.7333862450013736
0.733111511340395
0.7341799200219787
0.7338136084740071
0.734698861381605
0.7342104459843096
0.7342104459843096
0.734790439268598
0.7342714979089716
0.7336915046246832
0.7346072834946121
0.7341799200219787
0.7342714979089716
0.7350346469672456
0.7338441344363381
0.7344241277206264
0.7338136084740071
0.7340883421349859
0.7335388748130285
0.7360114777618364
0.7356451662138649
0.7335999267376904
0.7336915046246832
0.7344851796452884
0.7342714979089716
0.7352178027412314
0.7346378094569431
0.7341799200219787
0.7349125431179218
0.7342714979089716
0.7351872767789005
0.7333557190390427
0.7345462315699502
0.7345767575322812
0.734790439268598
0.734790439268598
0.7344241277206264
0.7350651729295766
0.7345462315699502
0.734729387343936
0.7352178027412314
0.7345462315699502
0.7359809517995055
0.7350041210049146
0.7349430690802528
0.7361030556488293
0.7356756921761959
0.7340578161726549
0.7353704325528863
0.735553588326872
0.7343325498336335
0.7354314844775481
0.7361946335358223
0.7354314844775481
0.7351567508165695
0.7357062181385268
0.7354620104398791
0.7360114777618364
0.7342409719466406
0.734698861381605
0.7356451662138649
0.7353704325528863
0.735584114289203
0.7366830489331176
0.7353399065905553
0.7354314844775481
0.7362251594981531
0.7364693671968009
0.735584114289203
0.7354925364022101
0.7354314844775481
0.7365914710461248
0.7346072834946121
0.7358893739125126
0.7353704325528863
0.7357977960255198
0.7351567508165695
0.7365914710461248
0.7361946335358223
0.737140938368082
0.7352483287035624
0.7372630422174059
0.736316737385146
0.7354314844775481
0.7357672700631888
0.7362251594981531
0.7362862114228151
0.737110412405751
0.7364388412344699
0.7373851460667298
0.7356451662138649
0.7357672700631888
0.7364388412344699
0.7353399065905553
0.7358588479501816
0.736316737385146
0.7382398730119967
0.7366219970084557
0.7354009585152171
0.7369272566317653
0.7368051527824415
0.7377514576147013
0.7359504258371745
0.7374767239537227
0.7365609450837938
0.7358588479501816
0.7369577825940963
0.7376904056900394
0.7374461979913917
0.7354009585152171
0.7369272566317653
0.7373851460667298
0.7361030556488293
0.7372325162550749
0.7367746268201105
0.7353399065905553
0.7370493604810892
0.7375377758783845
0.7366525229707866
0.7382703989743277
0.7380261912756799
0.7367135748954485
0.737171464330413
0.7382703989743277
0.7357672700631888
0.7368356787447724
0.7373546201043988
0.7378430355016942
0.7358893739125126
0.7372630422174059
0.7376598797277084
0.7377514576147013
0.7372630422174059
0.7373851460667298
0.7377819835770323
0.7379040874263562
0.7386977624469612
0.737934613388687
0.7370798864434202
0.7375988278030465
0.7382093470496658
0.7384230287859824
0.7385146066729754
0.7369883085564273
0.7374461979913917
0.7384230287859824
0.7375072499160537
0.7398577490155377
0.7380872432003419
0.7384840807106444
0.7386061845599683
0.7382398730119967
0.737201990292744
0.7373240941420678
0.7397051192038829
0.7382398730119967
0.7377819835770323
0.7378735614640252
0.7386061845599683
0.7385146066729754
0.7391556518819256
0.7382093470496658
0.7375072499160537
0.7381788210873348
0.7388503922586159
0.7383009249366587
0.7386061845599683
0.7389114441832779
0.7384230287859824
0.7400103788271926
0.7390030220702708
0.7389419701456088
0.7392777557312494
0.7392167038065875
0.7390945999572637
0.7388809182209469
0.7399493269025306
0.7382093470496658
0.7399188009401997
0.7394914374675662
0.7406514240361427
0.7392167038065875
0.7392777557312494
0.7392777557312494
0.7384535547483134
0.7384840807106444
0.740437742299826
0.7392777557312494
0.7391251259195946
0.7390945999572637
0.7390640739949327
0.7399798528648616
0.7393998595805733
0.7410787875087762
0.7398882749778687
0.7398577490155377
0.7394303855429042
0.7401935346011783
0.7394303855429042
0.7393082816935804
0.7390640739949327
0.7397356451662138
0.7399798528648616
0.7389724961079398
0.7392167038065875
0.7410177355841143
0.7393082816935804
0.7409872096217833
0.7395219634298972
0.7392472297689184
0.7403461644128331
0.7397966970908758
0.7396440672792209
0.7401019567141854
0.7410482615464452
0.7398882749778687
0.7407735278854666
0.7402545865258402
0.7392167038065875
0.7393998595805733
0.7419029884917122
0.7412314173204311
0.7408345798101286
0.7401630086388473
0.7400714307518544
0.7399798528648616
0.7398882749778687
0.7405903721114808
0.7410177355841143
0.7403156384505022
0.741261943282762
0.7405903721114808
0.7404072163374951
0.7404987942244879
0.7388503922586159
0.7411703653957691
0.7405598461491498
0.7409872096217833
0.7403156384505022
0.7391861778442566
0.7413840471320858
0.7400409047895234
0.7408040538477976
0.7414450990567477
0.7416587807930645
0.7418724625293812
0.7402240605635093
0.7417503586800573
0.7410787875087762
0.7412314173204311
0.7412314173204311
0.741261943282762
0.7400714307518544
0.7400714307518544
0.7409872096217833
0.7415672029060716
0.7409872096217833
0.7409566836594523
0.7400714307518544
0.7404987942244879
0.7404987942244879
0.742055618303367
0.7422693000396837
0.7402851124881712
0.741292469245093
0.7415672029060716
0.7414145730944168
0.7416587807930645
0.7413535211697548
0.7410177355841143
0.7414756250190787
0.7408040538477976
0.7422387740773528
0.7412008913581001
0.742055618303367
0.7416282548307336
0.7425745596629933
0.7422082481150218
0.7408956317347904
0.741322995207424
0.741261943282762
0.7415977288684026
0.7417503586800573
0.7419640404163741
0.7421777221526908
0.7419335144540432
0.7408956317347904
0.7418724625293812
0.7421777221526908
0.742055618303367
0.741261943282762
0.7432461308342746
0.7423608779266766
0.7418724625293812
0.7422998260020147
0.7415366769437407
0.7423303519643457
0.7397661711285448
0.7418724625293812
0.7423303519643457
0.7434598125705912
0.7426356115876553
0.7417808846423883
0.7426356115876553
0.7416282548307336
0.7429713971732959
0.7431240269849507
0.7422082481150218
0.742086144265698
0.7433071827589365
0.7424219298513386
0.7424829817760005
0.7430935010226197
0.7427271894746482
0.7433987606459294
0.7426050856253243
0.742940871210965
0.7425135077383315
0.7415366769437407
0.742940871210965
0.743673494306908
0.7410482615464452
0.7432461308342746
0.7436124423822461
0.7418724625293812
0.7425745596629933
0.742086144265698
0.7427271894746482
0.7423914038890076
0.742910345248634
0.7438871760432247
0.7422998260020147
0.7428492933239721
0.7432766567966055
0.7451082145364633
0.7427577154369791
0.7425440337006625
0.7426356115876553
0.7433377087212675
0.7441924356665344
0.7435513904575842
0.7425440337006625
0.7426050856253243
0.7436429683445771
0.7430324490979578
0.742055618303367
0.7435819164199151
0.7419945663787051
0.7433071827589365
0.7426966635123172
0.7434292866082604
0.7432461308342746
0.7425745596629933
0.7439177020055557
0.7447113770261607
0.7436429683445771
0.7446197991391679
0.7441313837418725
0.7425440337006625
0.7437955981562319
0.7449555847248085
0.7424829817760005
0.7441313837418725
0.7455966299337586
0.7436429683445771
0.7444366433651821
0.7441008577795415
0.7446197991391679
0.7440398058548796
0.7428187673616411
0.7443145395158582
0.74373454623157
0.742910345248634
0.7444061174028511
0.7439482279678867
0.7448334808754846
0.7441619097042034
0.7449250587624775
0.7431545529472816
0.743704020269239
0.7440398058548796
0.7439787539302176
0.7449555847248085
0.744558747214506
0.745291370310449
0.7441313837418725
0.7439787539302176
0.7443450654781892
0.7431240269849507
0.7451082145364633
0.7449555847248085
0.7433682346835984
0.7452303183857871
0.7454440001221039
0.7440703318172105
0.744528221252175
0.7451387404987942
0.7450471626118014
0.7445892731768369
0.7462376751427089
0.7440398058548796
0.7452608443481181
0.744558747214506
0.7459324155193993
0.743673494306908
0.7457797857077444
0.7439177020055557
0.7443755914405201
0.7448945328001465
0.746146097255716
0.7440398058548796
0.7444061174028511
0.7451387404987942
0.7461766232180469
0.7465124088036875
0.7455355780090968
0.7454134741597729
0.7430324490979578
0.745291370310449
0.7457797857077444
0.7453829481974419
0.7460545193687231
0.7447724289508226
0.744467169327513
0.7449555847248085
0.7454134741597729
0.7454440001221039
0.7451692664611251
0.744528221252175
0.7458408376324064
0.7449555847248085
0.7456271558960896
0.744497695289844
0.7457187337830825
0.745352422235111
0.746146097255716
0.7460239934063921
0.7459018895570683
0.7456271558960896
0.7468481943893281
0.7462987270673708
0.7453829481974419
0.746146097255716
0.7457492597454135
0.745291370310449
0.7454134741597729
0.7457492597454135
0.7462071491803779
0.7453829481974419
0.7466345126530114
0.7457797857077444
0.7471229280503068
0.7463597789920328
0.7463903049543636
0.746146097255716
0.7459934674440611
0.746115571293385
0.7466345126530114
0.7467260905400043
0.7462071491803779
0.7451997924234561
0.747763973259257
0.7463292530297018
0.7458103116700754
0.7450776885741323
0.7463292530297018
0.7451692664611251
0.7465124088036875
0.746878720351659
0.7471534540126378
0.7462376751427089
0.746939772276321
0.7462376751427089
0.7470008242009829
0.7466650386153424
0.7455661039714278
0.746115571293385
0.7463597789920328
0.7471839799749687
0.7451387404987942
0.7463597789920328
0.746085045331054
0.746970298238652
0.7460545193687231
0.7466039866906804
0.7478555511462499
0.746970298238652
0.7470618761256449
0.7470008242009829
0.7472755578619616
0.7472755578619616
0.7466955645776733
0.7470313501633139
0.7470618761256449
0.7472755578619616
0.746878720351659
0.7464513568790256
0.7471229280503068
0.7474587136359474
0.7465734607283495
0.7476113434476022
0.7493207973381361
0.7467566165023353
0.74690924631399
0.747702921334595
0.746970298238652
0.7464513568790256
0.7471229280503068
0.7466345126530114
0.7481913367318904
0.7474281876736164
0.7484050184682072
0.7489850117524955
0.7475502915229403
0.7472145059372997
0.7471534540126378
0.7476418694099332
0.748557648279862
0.7480387069202357
0.7480692328825667
0.74690924631399
0.7467260905400043
0.748527122317531
0.7468176684269971
0.7481608107695595
0.7482218626942214
0.7481302848072285
0.7476418694099332
0.7471839799749687
0.7483744925058763
0.7488934338655026
0.7473366097866235
0.7477944992215879
0.7479166030709118
0.7494123752251289
0.747702921334595
0.7488323819408407
0.7478555511462499
0.7491071156018193
0.7472755578619616
0.7491681675264813
0.7486187002045239
0.7491681675264813
0.7479471290332428
0.746939772276321
0.7484660703928692
0.7495955309991148
0.7483134405812143
0.7487713300161788
0.7487713300161788
0.7473976617112854
0.7478250251839189
0.7496260569614457
0.7488323819408407
0.7480997588448975
0.7488629079031717
0.7487713300161788
0.7509386733416771
0.7497786867731006
0.7492292194511432
0.7486492261668549
0.7493207973381361
0.7492597454134742
0.7495344790744528
0.7492292194511432
0.7487713300161788
0.7498397386977624
0.7494123752251289
0.7490155377148264
0.7496871088861077
0.7488934338655026
0.7494734271497909
0.7503586800573888
0.7498092127354314
0.7484355444305382
0.7488934338655026
0.7498397386977624
0.7494734271497909
0.7495650050367838
0.7498092127354314
0.7487713300161788
0.7494123752251289
0.7499313165847553
0.7500534204340792
0.7496565829237767
0.7494734271497909
0.7508470954546842
0.7501449983210721
0.7504502579443817
0.7500228944717482
0.7497481608107696
0.7491681675264813
0.7499313165847553
0.7503892060197198
0.7501449983210721
0.7499313165847553
0.7492292194511432
0.7497176348484386
0.7494123752251289
0.7505723617937056
0.7499923685094173
0.7499618425470863
0.7489850117524955
0.749381849262798
0.7496260569614457
0.7498702646600934
0.7502976281327269
0.7508470954546842
0.7505113098690436
0.7504197319820507
0.7504197319820507
0.7498092127354314
0.7513355108519796
0.7489239598278336
0.7501144723587411
0.749381849262798
0.7489544857901645
0.7517018223999512
0.7511828810403248
0.7506028877560366
0.7506639396806984
0.7508776214170152
0.7499313165847553
0.7524039195335633
0.7495955309991148
0.7513049848896487
0.7507249916053603
0.7506334137183674
0.7494429011874599
0.7496565829237767
0.750206050245734
0.7502365762080649
0.7519155041362678
0.75103025122867
0.751823926249275
0.7516712964376202
0.7513049848896487
0.7514270887389725
0.7494123752251289
0.7507860435300223
0.7504502579443817
0.7511523550779938
0.751854452211606
0.7511218291156628
0.75103025122867
0.7505418358313746
0.7516712964376202
0.7503892060197198
0.7496260569614457
0.7524039195335633
0.7502976281327269
0.7519460300985988
0.7500534204340792
0.7509386733416771
0.7514576147013035
0.7513355108519796
0.7508470954546842
0.7519765560609298
0.7511828810403248
0.7519155041362678
0.751823926249275
0.7523428676089013
0.7528312830061967
0.7507555175676913
0.7516712964376202
0.7509386733416771
0.7513965627766416
0.7507860435300223
0.7529839128178516
0.7509691993040081
0.7517628743246131
0.7503892060197198
0.7520070820232608
0.7511523550779938
0.7509691993040081
0.7517323483622821
0.7522512897219085
0.7509386733416771
0.7519155041362678
0.7523428676089013
0.7523123416465705
0.7521597118349156
0.75103025122867
0.7521291858725846
0.7517628743246131
0.7509691993040081
0.7507555175676913
0.751060777191001
0.75103025122867
0.7523733935712323
0.7516712964376202
0.7517934002869441
0.7524039195335633
0.7516407704752892
0.7514270887389725
0.7523123416465705
0.7527397051192039
0.7524039195335633
0.7514881406636345
0.7519765560609298
0.7523123416465705
0.752648127232211
0.7525870753075491
0.7523733935712323
0.7520376079855917
0.7522207637595775
0.7512134070026557
0.7524344454958942
0.753502854177478
0.7508165694923532
0.7528312830061967
0.752709179156873
0.7516407704752892
0.7522818156842395
0.7514881406636345
0.7523428676089013
0.7530449647425135
0.7522512897219085
0.7524039195335633
0.7515797185506273
0.751854452211606
0.7523123416465705
0.7507555175676913
0.7520681339479227
0.7537470618761256
0.7530144387801826
0.7528007570438658
0.7532281205164992
0.7512439329649867
0.7517323483622821
0.7535333801398089
0.7533502243658231
0.7521291858725846
0.7530754907048445
0.7521291858725846
0.7528007570438658
0.7535333801398089
0.7523733935712323
0.7532586464788302
0.751854452211606
0.7528923349308587
0.7517323483622821
0.7517934002869441
0.7522818156842395
0.7541133734240972
0.7521597118349156
0.7509386733416771
0.7519765560609298
0.7546323147837236
0.7531670685918374
0.7527702310815348
0.7546323147837236
0.7529228608931896
0.7528312830061967
0.7531060166671755
0.7531975945541683
0.7525870753075491
0.7524954974205562
0.7531975945541683
0.7541744253487591
0.7522207637595775
0.7536860099514637
0.7531670685918374
0.7533196984034922
0.7537165359137947
0.7531975945541683
0.7530754907048445
0.7539607436124424
0.7537165359137947
0.7540828474617662
0.7546017888213926
0.754235477273421
0.7537165359137947
0.7544796849720687
0.7537165359137947
0.7533807503281541
0.7519765560609298
0.7538386397631185
0.7536860099514637
0.7536860099514637
0.7538691657254495
0.754266003235752
0.7541438993864281
0.7532891724411612
0.754296529198083
0.7535333801398089
0.7533502243658231
0.7532891724411612
0.7532891724411612
0.7529533868555206
0.753472328215147
0.7546323147837236
0.7545712628590616
0.7532586464788302
0.7539912695747734
0.7521902377972466
0.7532586464788302
0.7544491590097377
0.752678653194542
0.7540217955371044
0.7522818156842395
0.7547238926707165
0.7546323147837236
0.7548459965200403
0.7545407368967306
0.7546017888213926
0.752648127232211
0.7536554839891327
0.752709179156873
0.753502854177478
0.7528618089685277
0.7538386397631185
0.7537165359137947
0.7539607436124424
0.7540523214994352
0.7549986263316951
0.7551817821056809
0.753441802252816
0.7532586464788302
0.7542049513110901
0.7535639061021399
0.754327055160414
0.7546323147837236
0.7536249580268018
0.7531060166671755
0.754296529198083
0.7544491590097377
0.7550291522940261
0.7540828474617662
0.7551512561433499
0.7548765224823712
0.7538081138007876
0.7535944320644709
0.7539302176501114
0.7538691657254495
0.7542049513110901
0.753441802252816
0.754296529198083
0.7549070484447022
0.7531060166671755
0.7540523214994352
0.7538996916877805
0.7530754907048445
0.7546323147837236
0.7548765224823712
0.7539912695747734
0.7555175676913215
0.7553649378796666
0.7552733599926738
0.7548154705577094
0.7551512561433499
0.7534112762904851
0.7541438993864281
0.7536249580268018
0.7543881070850759
0.7546017888213926
0.7544796849720687
0.7535944320644709
0.7556701975029763
0.755853353276962
0.7546628407460545
0.7555175676913215
0.7556396715406453
0.7549375744070331
0.7555480936536524
0.754327055160414
0.7544186330474069
0.7545407368967306
0.7552733599926738
0.7553954638419976
0.7548154705577094
0.754296529198083
0.7544491590097377
0.7549986263316951
0.7531060166671755
0.7538996916877805
0.7545102109343997
0.7553344119173357
0.7554259898043286
0.7549986263316951
0.7558228273146311
0.7552123080680119
0.7535944320644709
0.756677554259898
0.7543575811227449
0.755059678256357
0.7555175676913215
0.7557617753899691
0.7552733599926738
0.7546628407460545
0.7562501907872645
0.7549681003693641
0.7560975609756098
0.7554870417289905
0.7547544186330474
0.7555480936536524
0.7563112427119265
0.755059678256357
0.7554259898043286
0.754327055160414
0.7554870417289905
0.7538691657254495
0.7545407368967306
0.7561280869379408
0.7560059830886169
0.7559449311639549
0.7563722946365884
0.7555786196159834
0.7552733599926738
0.7554259898043286
0.7559449311639549
0.7543575811227449
0.7554870417289905
0.7549375744070331
0.7563112427119265
0.7563112427119265
0.7555480936536524
0.7553649378796666
0.7556091455783144
0.7576849110168198
0.7567691321468909
0.7552733599926738
0.7557923013523001
0.7563112427119265
0.7546323147837236
0.7554259898043286
0.7562196648249336
0.7564333465612504
0.7565249244482433
0.7546323147837236
0.7568912359962148
0.755883879239293
0.7553954638419976
0.755059678256357
0.7557617753899691
0.7563722946365884
0.7556091455783144
0.7551817821056809
0.7553649378796666
0.7572880735065173
0.7553954638419976
0.7573185994688483
0.7549070484447022
0.7567691321468909
0.7568607100338838
0.7554565157666595
0.7563112427119265
0.7554259898043286
0.7561280869379408
0.7557312494276383
0.7560059830886169
0.7560670350132788
0.7566165023352361
0.7558228273146311
0.7561891388626026
0.7561280869379408
0.755120730181019
0.7553344119173357
0.7561891388626026
0.7566165023352361
0.7558228273146311
0.7553344119173357
0.7555175676913215
0.7556091455783144
0.7562501907872645
0.7576543850544888
0.756708080222229
0.7560059830886169
0.7563112427119265
0.7552428340303428
0.7567996581092219
0.7565859763729051
0.7557617753899691
0.7562807167495955
0.7569217619585458
0.7561891388626026
0.7553038859550048
0.7564943984859123
0.7562807167495955
0.755059678256357
0.756708080222229
0.7563722946365884
0.7569217619585458
0.7571659696571934
0.756708080222229
0.7571049177325315
0.7573185994688483
0.7570438658078696
0.7571049177325315
0.756677554259898
0.7572270215818554
0.7566165023352361
0.7565554504105741
0.7569828138832077
0.7580206966024604
0.7563112427119265
0.755059678256357
0.7571049177325315
0.7560365090509479
0.7557617753899691
0.7570133398455386
0.7559754571262859
0.7553344119173357
0.7577154369791508
0.7564638725235813
0.7564943984859123
0.7574101773558412
0.7561891388626026
0.7564333465612504
0.7553954638419976
0.7555175676913215
0.758356482188101
0.7554870417289905
0.7569522879208767
0.7563112427119265
0.7565554504105741
0.7573185994688483
0.7571049177325315
0.7575628071674959
0.7582038523764462
0.758295430263439
0.7564638725235813
0.7576238590921579
0.7578375408284747
0.7572270215818554
0.7577459629414818
0.757532281205165
0.7570743917702005
0.7564638725235813
0.7561586129002716
0.7573796513935102
0.7568301840715529
0.7584785860374248
0.7559754571262859
0.7566165023352361
0.7581428004517843
0.7571354436948625
0.7564028205989194
0.757501755242834
0.7568301840715529
0.7570743917702005
0.7576238590921579
0.7577764889038127
0.756708080222229
0.7577154369791508
0.75832595622577
0.7569217619585458
0.7563722946365884
0.7568912359962148
0.7572575475441863
0.7569217619585458
0.7572270215818554
0.7582038523764462
0.7581733264141152
0.7579901706401294
0.7578375408284747
0.7582038523764462
0.7577154369791508
0.7570438658078696
0.7575933331298269
0.7562196648249336
0.7570133398455386
0.7578985927531365
0.7579291187154675
0.7579291187154675
0.7561280869379408
0.7567691321468909
0.7562196648249336
0.7577459629414818
0.7579596446777984
0.7585091119997558
0.7576543850544888
0.7580206966024604
0.7585091119997558
0.7563112427119265
0.7564333465612504
0.7576238590921579
0.7582038523764462
0.7586617418114106
0.7564333465612504
0.7579291187154675
0.7574407033181721
0.7573185994688483
0.7595469947190086
0.7568607100338838
0.7586312158490797
0.7560059830886169
0.7567691321468909
0.7573796513935102
0.7576849110168198
0.7578680667908055
0.7586617418114106
0.7573491254311793
0.7579901706401294
0.7579901706401294
0.7577459629414818
0.7578680667908055
0.7587533196984035
0.7583870081504319
0.7580206966024604
0.7579901706401294
0.7576543850544888
0.7589670014347202
0.7596996245306633
0.7581733264141152
0.7579901706401294
0.7581733264141152
0.757471229280503
0.7580206966024604
0.7573796513935102
0.7578070148661437
0.7578680667908055
0.757501755242834
0.7580512225647914
0.7570438658078696
0.7579596446777984
0.7575628071674959
0.7574101773558412
0.7586006898867487
0.7586006898867487
0.7578985927531365
0.7577764889038127
0.7584785860374248
0.7569828138832077
0.7579596446777984
0.7578070148661437
0.7589059495100583
0.7578680667908055
0.7573491254311793
0.7590280533593822
0.759119631246375