[1.]
[1.]
[0.9999989]
[0.9991443]
[1.]
[0.99999595]
[1.]
[1.]
[0.9999863]
[0.9999926]
[0.9999974]
[1.]
[1.]
[0.99997735]
[1.]
[1.]
[1.]
[0.9999994]
[1.]
[1.]
[0.9992157]
[0.9983847]
[0.9999894]
[0.99999917]
[0.9999999]
[0.9999995]
[0.9994535]
[1.]
[0.99987674]
[0.99216276]
[0.99997616]
[1.]
[1.]
[0.999345]
[1.]
[1.]
[0.99999654]
[1.]
[0.9924143]
[1.]
[6.5546737e-06]
[0.99991024]
[1.]
[0.9944571]
[1.]
[0.9114454]
[1.]
[1.]
[0.9991443]
[0.9812027]
[1.]
[0.99928856]
[0.9999999]
[0.99999964]
[0.9955291]
[0.99944144]
[1.]
[0.99994254]
[0.99998486]
[0.9999435]
[1.]
[1.]
[0.9997818]
[0.99998355]
[0.9999964]
[1.]
[1.]
[1.]
[0.9999951]
[0.99999976]
[1.]
[0.99992824]
[0.99999976]
[1.]
[1.]
[1.]
[0.95226175]
[1.]
[1.]
[1.]
[1.]
[0.99999464]
[1.]
[1.]
[0.99999666]
[0.9999999]
[0.9976006]
[0.9999676]
[1.]
[0.99830234]
[1.]
[1.]
[0.98101175]
[1.]
[1.]
[1.]
[0.9999999]
[0.99992824]
[1.]
[1.]
[1.]
[0.99998987]
[0.9999981]
[0.99999917]
[1.]
[1.]
[0.99998903]
[0.99963224]
[0.998139]
[0.99999905]
[0.9999479]
[1.]
[1.]
[0.99549484]
[0.99999964]
[1.]
[0.9999993]
[0.9995894]
[1.]
[1.]
[0.999882]
[0.9999988]
[0.9717358]
[0.99998057]
[0.9999559]
[0.99985003]
[0.9999994]
[1.]
[0.9547025]
[1.]
[0.9999995]
[0.99942064]
[1.]
[1.]
[0.99991333]
[0.99921346]
[1.]
[0.99988365]
[0.9999989]
[0.99950254]
[1.]
[0.95708764]
[0.99999845]
[1.]
[1.]
[0.9999999]
[0.9970306]
[1.]
[1.]
[1.]
[1.]
[1.]
[0.9999926]
[0.9999976]
[0.999954]
[0.9999912]
[0.9967963]
[0.99704677]
[0.9999999]
[0.9992879]
[1.]
[0.9999646]
[1.]
[1.]
[0.9792324]
[0.9996747]
[1.]
[1.]
[0.9988961]
[1.]
[0.9999883]
[0.9999999]
[1.]
[0.9999951]
[1.]
[1.]
[1.]
[1.]
[1.]
[1.]
[0.99994314]
[1.]
[1.]
[0.99980944]
[0.99999356]
[0.9997203]
[0.97549963]
[0.99990296]
[1.]
[0.99999535]
[1.]
[0.99999976]
[0.99961346]
[0.9999999]
[0.9903308]
[0.9999869]
[0.99937963]
[1.]
[1.]
[0.999374]
[0.99999607]
[0.99994254]
[0.999998]
[1.]
[1.]
[0.9999883]
[0.999892]
[0.98088247]
[1.]
[1.]
[1.]
[1.]
[1.]
[0.9995894]
[0.9999999]
[1.]
[0.99998283]
[0.9999987]
[0.99959415]
[0.99999845]
[1.]
[1.]
[1.]
[1.]
[0.9999989]
[0.9999995]
[0.9991436]
[1.]
[1.]
[0.9999958]
[7.180828e-05]
[1.]
[0.98827875]
[1.]
[0.9999995]
[0.9999999]
[0.99995935]
[0.99995136]
[1.]
[0.9999094]
[0.9981865]
[0.9998281]
[1.]
[0.99999905]
[0.99991226]
[0.9999939]
[0.9429457]
[0.9999999]
[0.9999932]
[0.999985]
[0.99999964]
[1.]
[0.9999999]
[1.]
[0.9999981]
[0.00029308]
[1.]
[0.99995506]
[1.]
[0.99998415]
[0.99988353]
[0.99997735]
[0.9999746]
[0.99998736]
[0.99999976]
[1.]
[1.]
[1.]
[1.]
[0.9997861]
[1.]
[0.9999981]
[1.]
[0.9999999]
[1.]
[0.99994874]
[1.]
[1.]
[1.]
[1.]
[0.99999154]
[0.9788441]
[1.]
[0.8172197]
[0.99994993]
[0.99999964]
[0.9999391]
[0.9999999]
[1.]
[0.9996673]
[1.]
[0.9999809]
[0.99998343]
[0.99972695]
[1.]
[1.]
[0.9999914]
[0.999998]
[1.]
[6.5546737e-06]
[0.9999956]
[1.]
[0.9999999]
[0.9994795]
[1.]
[0.9999572]
[1.]
[0.9978871]
[1.]
[0.9999746]
[1.]
[1.]
[0.9997632]
[0.99999905]
[1.]
[0.9921617]
[0.9999999]
[0.9999981]
[0.99921346]
[0.9997223]
[0.99999905]
[0.9999999]
[1.]
[0.99999976]
[0.9999999]
[0.99999416]
[0.99995387]
[0.9977841]
[0.9998971]
[1.]
[1.]
[0.56313574]
[0.99410313]
[1.]
[0.99999964]
[1.]
[0.999998]
[0.9236971]
[0.9996358]
[0.9999999]
[1.]
[1.]
[1.]
[0.99999976]
[1.]
[1.]
[0.96374553]
[1.]
[1.]
[0.99999464]
[0.99999404]
[0.9999913]
[1.]
[1.]
[0.99378175]
[0.9997464]
[0.99985564]
[0.9999999]
[1.]
[0.9999187]
[1.]
[1.]
[0.9812027]
[1.]
[1.]
[0.99999976]
[0.99998534]
[0.9998735]
[1.]
[0.9999747]
[0.9998068]
[0.9999784]
[1.]
[0.9999801]
[0.99999714]
[0.9999765]
[0.99999964]
[0.9991856]
[1.]
[1.]
[1.]
[3.343141e-27]
[0.99999845]
[1.]
[0.9999926]
[1.]
[1.]
[0.9999546]
[0.9999999]
[0.9997938]
[0.9999964]
[0.00248454]
[0.99989665]
[0.9999995]
[0.99998724]
[0.9973641]
[0.99998415]
[1.]
[0.9998011]
[0.99990857]
[1.]
[1.]
[0.9999933]
[0.99999905]
[0.99999857]
[0.98854905]
[0.9784953]
[1.]
[0.99999917]
[0.9955291]
[1.]
[0.9999788]
[0.99999905]
[1.]
[1.]
[1.]
[0.9999989]
[0.99997926]
[0.99999726]
[1.]
[1.]
[1.]
[1.]
[1.]
[1.]
[0.99991775]
[1.]
[0.00325638]
[0.9999995]
[0.99213433]
[1.]
[0.9997676]
[0.99995506]
[0.99999774]
[0.99999964]
[0.99988353]
[1.]
[1.]
[1.]
[0.99911743]
[0.8720906]
[0.9959955]
[1.]
[0.9995376]
[0.95668375]
[0.9999163]
[0.9997043]
[1.]
[0.99909854]
[0.99999845]
[1.]
[1.]
[0.9979825]
[1.]
[0.9996668]
[0.9950958]
[1.]
[9.3735815e-07]
[0.9999976]
[1.]
[0.99999666]
[0.9999993]
[1.]
[0.9988254]
[1.]
[0.99999976]
[0.99999654]
[0.9998722]
[0.88381636]
[1.]
[1.]
[1.]
[0.99796367]
[1.]
[0.9999893]
[1.]
[0.9547025]
[1.]
[1.]
[0.99994874]
[1.]
[0.9998869]
[0.99990976]
[0.9994141]
[1.]
[0.9999993]
[0.9999913]
[1.]
[1.]
[1.]
[0.980441]
[1.]
[0.8784737]
[0.99999785]
[1.]
[1.]
[0.9999373]
[0.9999995]
[0.99087745]
[1.]
[0.9988066]
[1.]
[1.]
[1.]
[1.]
[0.9999788]
[1.]
[1.]
[0.9999974]
[0.99928766]
[0.99994814]
[1.]
[0.9998584]
[1.]
[1.]
[1.]
[1.]
[0.9994435]
[1.]
[0.9978067]
[0.99999976]
[0.00480468]
[0.99997985]
[1.]
[0.99999976]
[0.99999976]
[0.9930179]
[0.9985083]
[0.9788441]
[1.]
[1.]
[0.9999801]
[1.]
[0.9996345]
[0.9999981]
[1.]
[1.]
[1.]
[1.]
[1.]
[1.]
[0.99999034]
[0.9983701]
[0.99999976]
[0.9999944]
[1.]
[0.9628777]
[1.]
[1.]
[0.99999785]
[0.99972624]
[1.]
[1.]
[1.]
[0.99999785]
[0.9999926]
[0.99679166]
[0.9996836]
[0.9999894]
[1.]
[0.99998736]
[1.]
[0.9994772]
[0.9995415]
[1.]
[0.99999976]
[1.]
[0.99999213]
[1.]
[1.]
[0.9977549]
[0.8989818]
[0.99999976]
[0.9999999]
[0.99999905]
[0.9999306]
[1.]
[1.]
[1.]
[0.99852705]
[0.97903836]
[1.]
[0.9999678]
[0.98088247]
[1.]
[0.9999981]
[0.9999826]
[0.9999362]
[0.9796268]
[0.99959975]
[0.9999956]
[1.]
[1.]
[0.9991135]
[0.9997042]
[1.]
[0.99998987]
[0.9998883]
[0.99700963]
[1.]
[0.9693468]
[1.]
[1.]
[1.]
[0.9998148]
[0.99877816]
[1.]
[1.]
[0.9999999]
[0.99009764]
[1.]
[0.99995816]
[0.9999982]
[1.]
[0.99990225]
[1.]
[0.9998684]
[1.]
[0.99971265]
[0.00480468]
[1.]
[1.]
[0.8382486]
[1.]
[2.6218486e-13]
[1.]
[0.9999374]
[1.]
[1.]
[0.99999976]
[1.]
[0.9953583]
[0.9999999]
[0.99999845]
[0.9999994]
[0.9999945]
[0.99354905]
[1.]
[1.]
[0.999954]
[1.]
[0.9999733]
[0.95668375]
[0.9717358]
[0.9999926]
[0.9999993]
[1.]
[0.9970306]
[0.99995685]
[0.9982634]
[0.8784737]
[0.9999999]
[0.99995553]
[1.]
[1.]
[0.99991024]
[0.9999999]
[0.99965477]
[0.9988714]
[1.]
[1.]
[1.]
[0.999995]
[1.]
[1.]
[0.99999976]
[1.]
[0.9998702]
[1.]
[1.]
[0.99987674]
[0.99999774]
[2.6218486e-13]
[0.9961249]
[0.99994314]
[1.]
[0.9999982]
[0.99999666]
[0.9995158]
[0.9906116]
[1.]
[1.]
[1.]
[1.]
[0.99248064]
[1.]
[0.99999964]
[0.99992716]
[0.99999]
[1.]
[1.]
[1.]
[0.9999789]
[0.9999989]
[1.]
[1.]
[1.]
[0.99995553]
[0.99999917]
[0.99722856]
[1.]
[0.99999607]
[1.]
[1.]
[1.]
[0.90009296]
[1.]
[1.]
[1.]
[0.9999678]
[0.99909854]
[1.]
[1.]
[1.]
[1.]
[0.97549963]
[0.19502243]
[0.9999999]
[1.]
[1.]
[1.]
[1.]
[0.99996674]
[0.99742174]
[1.]
[0.99999917]
[1.]
[0.9999901]
[1.]
[1.]
[1.]
[6.5546737e-06]
[0.99970526]
[1.]
[0.99999976]
[1.]
[0.9999994]
[1.]
[0.99989665]
[0.9999989]
[0.9956691]
[1.]
[0.9999869]
[0.9993806]
[0.9961242]
[1.]
[1.]
[1.]
[1.]
[0.99999833]
[1.]
[1.]
[0.99999285]
[1.]
[1.]
[1.]
[0.9943059]
[1.]
[0.99997497]
[0.93451035]
[1.]
[0.99996734]
[0.99900025]
[1.]
[1.]
[0.9994105]
[0.9999876]
[0.9974148]
[0.99985826]
[1.]
[0.29349694]
[1.]
[0.9984124]
[0.9998869]
[1.]
[1.]
[0.99796367]
[1.]
[1.]
[0.9999999]
[1.]
[1.]
[1.]
[1.]
[0.9991454]
[1.]
[0.99999654]
[0.95668375]
[0.99996376]
[1.]
[0.9964539]
[0.99999857]
[0.9999857]
[1.]
[0.9999068]
[0.9998217]
[1.]
[1.]
[0.9988254]
[0.9999883]
[1.]
[0.9999876]
[0.99801624]
[0.9323858]
[1.]
[1.]
[1.]
[1.]
[1.]
[0.9999987]
[1.]
[0.9958191]
[0.9999826]
[1.]
[1.]
[1.]
[1.]
[1.]
[1.]
[1.]
[0.9999999]
[0.99359715]
[1.]
[1.]
[0.9982634]
[0.7468031]
[0.9990815]
[0.99999654]
[0.9999999]
[1.]
[1.]
[0.99998057]
[0.9964539]
[0.99949586]
[0.9999621]
[0.99942064]
[1.]
[0.9972197]
[1.]
[0.9999999]
[1.]
[0.99999976]
[0.99999595]
[1.]
[1.]
[1.]
[1.]
[0.9960616]
[0.9998227]
[0.99999595]
[0.9999751]
[1.]
[1.]
[0.9984086]
[0.99928766]
[0.99999917]
[0.9999981]
[0.99994624]
[0.99820495]
[0.9999027]
[1.]
[0.99999905]
[0.99999905]
[1.]
[0.9999386]
[0.99998987]
[1.]
[1.]
[1.]
[0.99996054]
[1.]
[1.]
[0.9999999]
[0.9999981]
[1.]
[1.]
[1.]
[0.9998735]
[0.99999654]
[0.9993117]
[0.9997596]
[0.9999999]
[1.]
[0.00322288]
[0.9999851]
[1.]
[0.99988365]
[1.]
[0.9999161]
[1.]
[0.99378175]
[0.99140584]
[0.99297124]
[1.]
[1.]
[1.]
[0.99999785]
[0.9999945]
[0.43372145]
[1.]
[1.]
[1.]
[1.]
[1.]
[0.9999982]
[1.]
[1.]
[1.]
[0.99993813]
[0.9999995]
[0.9996387]
[0.9997676]
[0.9999987]
[0.9474513]
[0.98827875]
[0.9999988]
[1.]
[0.95092684]
[1.]
[0.99985003]
[1.]
[1.]
[0.9999995]
[1.]
[0.9997893]
[0.99981695]
[0.99994254]
[1.]
[0.9930675]
[0.999985]
[1.]
[0.999995]
[0.99997795]
[1.]
[0.9889226]
[1.]
[0.9999999]
[1.]
[1.]
[0.99981993]
[0.99981195]
[0.99993896]
[1.]
[0.99980825]
[1.]
[1.]
[0.9999999]
[0.9999995]
[0.9955291]
[1.]
[0.99998534]
[0.9999709]
[1.]
[0.9995415]
[1.]
[0.99999976]
[1.]
[0.9999068]
[1.]
[1.]
[0.9999877]
[0.99999976]
[1.]
[1.]
[1.]
[0.99888796]
[1.]
[1.]
[0.999985]
[1.]
[1.]
[0.9283677]
[1.]
[1.]
[0.88848263]
[0.9991817]
[0.9997265]
[1.]
[0.99998987]
[1.]
[0.99999607]
[1.]
[0.99999774]
[0.9999809]
[0.99828005]
[1.]
[0.99972695]
[0.99998415]
[0.9998062]
[0.99920136]
[1.]
[1.]
[0.9999975]
[0.9988617]
[0.99999917]
[0.9999546]
[0.99999595]
[1.]
[1.]
[1.]
[1.]
[1.]
[0.99999213]
[0.999954]
[1.]
[0.99999976]
[0.9998204]
[1.]
[0.9340025]
[1.]
[0.9999999]
[1.]
[0.9998989]
[0.9999136]
[0.99990356]
[1.]
[0.99999607]
[1.]
[0.99962723]
[0.9999989]
[0.99997854]
[1.]
[0.9999989]
[0.9997042]
[0.99999547]
[1.]
[0.9999646]
[1.]
[1.]
[0.99615556]
[1.]
[0.9999999]
[1.]
[0.9999964]
[0.9977549]
[1.]
[1.]
[0.9999994]
[0.99997735]
[1.]
[0.9917663]
[1.]
[0.99999845]
[0.9686424]
[1.]
[0.9974148]
[1.]
[1.]
[1.]
[1.]
[1.]
[1.]
[1.]
[0.9221827]
[1.]
[0.99950683]
[0.9988279]
[0.99994874]
[1.]
[1.]
[0.9999975]
[0.999985]
[0.99999917]
[0.9999976]
[1.]
[0.98916256]
[1.]
[0.99994814]
[0.99994934]
[0.99999034]
[1.]
[0.99999774]
[1.]
[0.99999726]
[1.]
[0.99999845]
[0.9987405]
[1.]
[1.]
[0.99999976]
[0.8640306]
[0.97790605]
[3.343141e-27]
[1.]
[0.9999293]
[0.9976527]
[0.9788441]
[1.]
[1.]
[1.]
[0.9917663]
[0.99999785]
[1.]
[0.99796367]
[0.99751556]
[0.9999771]
[1.]
[0.9988722]
[1.]