[0.27737522]
[0.7783169]
[0.9727792]
[0.99123436]
[0.6087127]
[0.99991965]
[0.99983335]
[0.99999976]
[0.09699335]
[0.3920985]
[0.8712472]
[0.7983715]
[0.70681787]
[0.9985758]
[0.8643211]
[0.9683687]
[0.6792052]
[0.88019615]
[0.90012395]
[0.91793823]
[0.86184967]
[0.9941147]
[0.8540613]
[0.9428985]
[0.47453165]
[0.9487521]
[0.43706623]
[0.99260134]
[0.16061804]
[0.72980285]
[0.11390082]
[0.99947304]
[0.47876605]
[0.96337724]
[0.9939319]
[0.79601204]
[0.83624154]
[0.08415512]
[0.8063469]
[0.89816475]
[0.99689615]
[0.07474098]
[0.9822819]
[1.]
[0.9833271]
[0.8429593]
[0.8325087]
[0.9906561]
[0.9767506]
[0.8210363]
[0.99911314]
[0.27470398]
[0.7646569]
[0.9765038]
[0.10691939]
[0.99257857]
[0.15121508]
[0.9735049]
[0.29283985]
[0.17522171]
[0.28339148]
[1.686627e-06]
[0.14601506]
[0.9999813]
[0.986699]
[0.61096305]
[0.6296711]
[0.34423196]
[0.9358744]
[0.9809147]
[0.9994368]
[0.02296095]
[0.38774467]
[0.2736907]
[0.8690507]
[0.00492597]
[0.8208685]
[0.5624114]
[0.14950366]
[0.80130315]
[0.919414]
[0.8491869]
[0.0238705]
[0.9985538]
[0.01217974]
[0.01141215]
[0.99285686]
[0.99785537]
[0.99999774]
[0.9970509]
[0.77887434]
[0.3379807]
[0.33537748]
[0.90210474]
[0.9998586]
[0.5692654]
[0.99128014]
[0.429315]
[0.15161884]
[0.93331456]
[0.9544258]
[0.7002906]
[0.15726098]
[0.9308881]
[0.93149585]
[0.08341344]
[0.5351316]
[0.19403255]
[0.9999958]
[0.29671922]
[0.19554617]
[0.9998878]
[0.16055048]
[0.97533107]
[0.8502985]
[0.9667505]
[0.04921209]
[0.15893868]
[0.34802088]
[0.27551836]
[0.98736984]
[0.04881336]
[0.31545147]
[0.5551842]
[0.9992803]
[0.35337743]
[0.942548]
[0.10788833]
[0.06070647]
[0.5819463]
[0.7810509]
[0.9944072]
[0.97966045]
[0.99518627]
[0.37840337]
[0.92098725]
[0.93292636]
[0.96677065]
[0.97442335]
[0.99258244]
[0.7708066]
[0.8843287]
[0.6567332]
[0.19882229]
[0.99926573]
[0.96447366]
[0.8686774]
[0.01403143]
[0.99754286]
[0.63672227]
[0.47494298]
[0.8972148]
[0.97774225]
[0.92479366]
[0.9977448]
[0.9860074]
[0.02508334]
[0.88917625]
[0.01691979]
[0.9777258]
[0.55669135]
[0.99439573]
[0.36533493]
[0.7408408]
[0.258856]
[0.78509814]
[0.8616498]
[0.9816335]
[0.11853251]
[0.6765375]
[0.29468948]
[0.98242074]
[0.7544187]
[0.98782235]
[0.9239301]
[0.00665814]
[0.92580783]
[0.19947869]
[0.9946467]
[0.94229543]
[0.49302527]
[0.13283147]
[0.67354923]
[0.9904269]
[0.31286323]
[0.69313955]
[0.4354127]
[0.08997205]
[0.49954402]
[0.9789275]
[0.93571395]
[0.8776448]
[0.04401603]
[1.]
[0.15218323]
[0.9776184]
[0.15140323]
[0.21419398]
[0.40963656]
[0.02890223]
[0.22033969]
[0.07649913]
[0.9651439]
[0.5728203]
[0.99584335]
[0.93673414]
[0.9905533]
[0.9699166]
[0.9216683]
[0.9693654]
[0.92460364]
[0.8262113]
[0.9139368]
[0.7036571]
[0.99556327]
[0.84014523]
[0.04756496]
[0.9950039]
[0.9833535]
[0.5190705]
[0.1565005]
[0.561992]
[0.75615054]
[0.38390005]
[0.91121864]
[0.13890281]
[0.29531732]
[0.9134746]
[0.9061168]
[0.07939665]
[0.98142046]
[0.96070194]
[0.78316617]
[0.74713624]
[0.9995436]
[0.98115164]
[0.02672262]
[0.84828424]
[0.42468956]
[0.08267396]
[0.8746125]
[0.91526085]
[0.42687264]
[0.7104085]
[0.02060001]
[0.92797744]
[0.12497297]
[0.9871213]
[0.7316175]
[0.99834764]
[0.98782814]
[0.7915183]
[0.7432363]
[0.41511568]
[0.83273315]
[0.3913395]
[0.92404073]
[0.1279787]
[0.94150215]
[0.14521477]
[0.643124]
[0.9985055]
[0.6676907]
[0.9984701]
[0.92736727]
[0.50900936]
[0.99306047]
[1.]
[0.4890392]
[0.9551932]
[0.91224456]
[0.19072437]
[0.7073053]
[0.21997872]
[0.96731323]
[0.9916031]
[0.97383887]
[0.9601595]
[0.9400564]
[0.3104514]
[0.3264401]
[0.7689915]
[0.38213974]
[0.8223016]
[0.01497137]
[0.9649587]
[0.03637994]
[0.8816193]
[0.724484]
[0.97069204]
[0.9917848]
[0.0077395]
[0.44971877]
[0.995531]
[0.16998544]
[0.93380004]
[0.12920266]
[0.01177634]
[0.99999857]
[0.7361331]
[0.3118693]
[0.31189895]
[0.50153524]
[0.46405438]
[0.8136552]
[0.042672]
[0.936315]
[0.7161981]
[0.8542273]
[0.9689034]
[0.96373606]
[0.9617364]
[0.07848386]
[0.86988103]
[0.6954697]
[0.00064857]
[0.77298325]
[0.99951303]
[0.8891024]
[0.3094213]
[0.91304725]
[0.9548455]
[0.55937886]
[0.7628293]
[0.34374452]
[0.8568936]
[0.9916181]
[0.80448794]
[0.8373113]
[0.9631636]
[0.8742808]
[0.79465413]
[0.97350127]
[0.73356766]
[0.41257256]
[0.30337188]
[0.41235214]
[0.9701332]
[0.82108337]
[0.99720854]
[0.8760216]
[0.98854905]
[0.99997723]
[0.97143024]
[0.21163225]
[0.04787277]
[0.3516878]
[0.95856607]
[0.46793938]
[0.04571886]
[0.3247918]
[0.8141822]
[0.02884508]
[0.22588943]
[0.9874494]
[0.09968119]
[0.9995468]
[0.16261254]
[0.9476171]
[0.9987839]
[0.27364355]
[0.9414548]
[0.99213684]
[0.95898074]
[0.9990189]
[0.09108321]
[0.7513068]
[0.9631058]
[0.90119153]
[0.95309764]
[0.08522264]
[0.47687092]
[0.98155457]
[0.39375058]
[0.00611605]
[0.9950826]
[0.9985424]
[0.97034454]
[0.17642984]
[0.8971292]
[0.40359154]
[0.7774998]
[0.44935715]
[0.9705202]
[0.05119353]
[0.99918133]
[0.05217506]
[0.98866]
[0.18435332]
[0.9673978]
[0.9828844]
[0.76172626]
[0.99861825]
[0.01645706]
[0.99953663]
[0.9414051]
[0.21617879]
[0.4643997]
[0.56471777]
[0.51976126]
[0.04704157]
[0.41140854]
[0.19534099]
[0.9809157]
[0.76468694]
[0.9998227]
[0.92019176]
[0.08451147]
[0.9990747]
[0.9075104]
[0.82506466]
[0.12429273]
[0.4114409]
[0.03410451]
[0.9999136]
[0.29409763]
[0.22965437]
[0.92231095]
[0.9274314]
[0.99715495]
[0.7971436]
[0.35354358]
[0.46456075]
[0.75176114]
[0.9348157]
[0.97636956]
[0.8566382]
[0.08005351]
[0.25716728]
[0.94311714]
[0.07166259]
[0.808018]
[0.51540244]
[0.09924156]
[0.9997842]
[0.88604903]
[0.6728331]
[0.11265759]
[0.9801886]
[0.05522606]
[0.7180584]
[0.86176264]
[0.97766507]
[0.768315]
[0.91969085]
[0.8018568]
[0.95311576]
[0.99291575]
[0.87640524]
[0.9839002]
[0.36062244]
[0.74061006]
[0.92451805]
[0.96069574]
[0.0261818]
[0.0190987]
[0.32489198]
[0.9812293]
[0.45040697]
[0.9142047]
[0.87372726]
[0.0470456]
[0.985905]
[0.37458393]
[0.5152853]
[0.8592621]
[0.832164]
[0.41154596]
[0.84077525]
[0.03850919]
[0.40319023]
[0.2004556]
[0.744361]
[0.75444895]
[0.62623715]
[0.3492553]
[0.13006763]
[0.01257657]
[0.5562294]
[0.03847789]
[0.3137295]
[0.8325829]
[0.25705907]
[0.0959147]
[0.18996155]
[0.31628904]
[0.8883893]
[0.8491698]
[0.84676826]
[0.13511361]
[0.19803526]
[0.8405431]
[0.99948347]
[0.00759796]
[0.9727222]
[0.85034496]
[0.5357739]
[0.9470696]
[0.61455244]
[0.19052343]
[0.99577737]
[0.08966191]
[0.9858678]
[0.92192507]
[0.9999938]
[0.88340825]
[0.39870533]
[0.5296682]
[0.77645177]
[0.8636081]
[0.6559628]
[0.47562373]
[0.6782689]
[0.06547826]
[0.69245917]
[0.24452642]
[0.81893134]
[0.2994081]
[0.53692013]
[0.694452]
[0.26212418]
[0.88341475]
[0.01923326]
[1.]
[0.8241626]
[0.92132735]
[0.02962118]
[0.22510886]
[0.02373989]
[0.99060625]
[0.9666872]
[0.32563576]
[0.9731258]
[0.10169936]
[0.07834475]
[0.63653123]
[0.07976027]
[0.6067334]
[0.8696836]
[0.67318875]
[0.89211345]
[0.21450868]
[0.0467555]
[0.9557293]
[0.9951304]
[0.98050606]
[0.48472542]
[0.9934667]
[0.73835284]
[0.00849821]
[0.46974128]
[0.99802566]
[0.9999976]
[0.67483824]
[0.8399933]
[0.47815228]
[0.96820414]
[0.9904365]
[0.20149195]
[0.50257766]
[0.638082]
[0.1548896]
[0.56752384]
[0.02287223]
[0.89854455]
[0.76517713]
[0.29536328]
[0.7428461]
[0.90545857]
[0.930313]
[0.752387]
[0.9362409]
[1.]
[0.94356704]
[0.94414717]
[0.08117776]
[0.85480183]
[0.62723655]
[0.45161024]
[0.68549466]
[0.90186054]
[0.96654785]
[0.83139414]
[0.9969702]
[0.7124604]
[0.688537]
[0.01811519]
[0.5509461]
[0.7617354]
[0.7144601]
[0.8816038]
[0.999637]
[0.9789965]
[0.98634094]
[0.48584217]
[0.9748507]
[0.27922496]
[0.24152142]
[0.13559924]
[0.50024176]
[0.9964135]
[0.8222014]
[0.99662375]
[0.9849931]
[0.50060475]
[0.21284316]
[0.23072934]
[0.25427997]
[0.345228]
[0.98158455]
[0.98449785]
[0.9408765]
[0.99714345]
[0.932811]
[0.9859108]
[1.]
[0.02667074]
[0.99499327]
[0.97988176]
[0.82527673]
[0.6550093]
[0.9494386]
[0.835285]
[0.10456561]
[0.9366055]
[0.07993466]
[0.5107376]
[0.75810593]
[0.01488023]
[0.640037]
[0.0699686]
[0.61745834]
[0.10212094]
[0.55063975]
[0.6978398]
[0.8413356]
[0.84740937]
[0.16691126]
[0.46151915]
[0.07390253]
[0.22344497]
[0.19883008]
[0.03137768]
[0.9758613]
[1.]
[0.9195205]
[0.35528812]
[0.884794]
[0.77861774]
[0.9972639]
[0.99990094]
[0.9812072]
[0.99736637]
[0.9916141]
[0.07650308]
[0.01674444]
[0.9389075]
[0.72685605]
[0.05344881]
[0.5149006]
[0.07956727]
[0.47096917]
[0.3001831]
[0.9791303]
[0.949341]
[0.982657]
[0.44614968]
[0.9759779]
[0.0951228]
[0.3766054]
[0.63583916]
[0.31101254]
[0.2307251]
[0.92063975]
[0.7053618]
[0.86437696]
[0.99392855]
[0.94686306]
[0.7529448]
[0.57176834]
[0.6673921]
[0.5618109]
[0.86895406]
[0.01737905]
[1.]
[0.8333969]
[0.806951]
[0.04867607]
[0.5760873]
[0.19627434]
[0.8305364]
[0.99073035]
[0.48697332]
[0.95857614]
[0.79044634]
[0.99855524]
[0.9149757]
[0.03797781]
[0.6652006]
[0.2539703]
[0.9865196]
[0.9843635]
[0.12679769]
[0.6074397]
[0.9984037]
[0.8719969]
[0.2686956]
[0.11323836]
[0.06074427]
[0.01143669]
[0.6573115]
[0.91365147]
[0.02302425]
[0.09222471]
[0.2144586]
[0.5951291]
[0.9977035]
[0.00932108]
[0.07379057]
[0.7631331]
[0.08895107]
[0.89491886]
[0.90150726]
[0.8957472]
[0.13636543]
[0.5491987]
[0.80610394]
[0.98178345]
[0.06807444]
[0.98479986]
[0.47671652]
[0.92535573]
[0.83115387]
[0.52940124]
[0.36329582]
[0.7862378]
[0.9998221]
[0.93662363]
[0.1996534]
[0.9699879]
[0.3292704]
[0.98140395]
[0.21378936]
[0.8656815]
[0.19128408]
[0.75810164]
[0.9989802]
[0.99997914]
[0.3604664]
[0.98399484]
[1.]
[0.99786925]
[0.5181039]
[0.9386708]
[0.9935347]
[0.9856104]
[0.6953512]
[0.5497964]
[0.6326361]
[0.018976]
[0.8452957]
[0.21579787]
[0.9977356]
[0.8736485]
[0.05440393]
[0.93708104]
[0.9509452]
[0.59957504]
[1.]
[0.14605331]
[0.98238313]
[0.48517483]
[0.9358946]
[0.95938736]
[0.6058189]
[0.12334474]
[0.88495576]
[0.9849844]
[0.8693709]
[0.18026952]
[0.43633506]
[0.07046448]
[0.79167134]
[0.76591057]
[0.05039242]
[0.9253368]
[0.24914049]
[0.9963595]
[0.9146945]
[1.]
[0.7113964]
[0.5864371]
[0.4406104]
[0.8773188]
[0.6916202]
[0.4716611]
[0.7895936]
[0.618554]
[0.9902441]
[0.9363172]
[0.985126]
[0.9468689]
[0.8891002]
[0.9110044]
[1.]
[0.05046193]
[0.06514338]
[0.83159554]
[0.83463037]
[0.98744893]
[0.99621886]
[0.17574573]
[0.81800526]
[0.16519023]
[0.7640901]
[0.5102318]
[0.98832905]
[0.0919193]
[0.9934947]
[0.6479414]
[0.9995012]
[0.9937309]
[0.10868742]
[0.9986848]
[0.9999982]
[0.9994531]
[0.42048308]
[0.9887107]
[0.9598735]
[0.9997464]
[0.05814133]
[0.5559284]
[0.13351026]
[0.4946182]
[0.0443444]
[0.17838399]
[0.84088117]
[0.92781115]
[0.35696092]
[0.08589562]
[0.84970653]
[0.09465006]
[0.2402703]
[0.76663274]
[0.9976683]
[0.9987286]
[0.15830894]
[0.31400183]
[0.13212113]
[0.99511755]
[0.9905301]
[0.9998344]
[0.91239905]
[0.99493694]
[0.9971662]
[0.9010642]
[0.73523045]
[0.8055029]
[0.2477398]
[0.27720633]
[0.7803116]
[0.951126]
[0.83944285]
[0.93801]
[0.7747384]
[0.00581777]
[0.7608311]
[0.1675811]
[0.80982304]
[0.08984499]
[0.432706]
[0.5664461]
[0.82072157]
[0.9799069]
[0.9475523]
[2.4873334e-06]
[0.9757706]
[0.98253274]
[0.13587472]
[0.51254725]
[0.9390076]
[0.525184]
[0.33609375]
[0.97690797]
[0.20541796]
[0.06448458]
[0.9956161]
[0.9308516]
[0.9629257]
[0.889674]
[0.8251545]
[0.10614207]
[0.727836]
[0.9806147]
[0.99956053]
[0.01652987]
[0.95011026]
[0.31896758]
[0.91841197]
[0.7961761]
[0.33686572]
[0.39353994]
[0.9869855]
[0.01964655]
[0.78117526]
[0.8241168]
[0.99885476]
[0.99428153]
[0.15341347]
[0.20977074]
[0.893842]
[0.23946846]
[0.9743697]
[0.8679998]
[0.9999466]
[0.30076662]
[0.6627573]
[0.9981823]
[0.10440984]
[0.9925868]
[0.90084505]
[0.9934772]
[0.86475277]
[0.6902165]
[0.9635061]
[0.9997316]
[0.2797386]
[0.05477972]
[0.06905928]
[0.79447293]
[0.93532485]
[0.8953462]
[0.23573852]
[0.8318582]
[0.9289561]
[0.31366137]
[0.09554867]
[0.04565988]
[0.89857644]
[0.9989255]
[0.98168874]
[0.69776434]
[0.7698757]
[0.98256475]
[0.97158563]
[0.9261784]
[0.0187506]
[0.83193064]
[0.9850006]
[0.9257028]
[0.99001664]
[0.56320405]
[0.7581164]
[0.42570603]
[0.64432377]
[0.8839297]
[0.9973273]
[0.96111447]
[0.6463781]
[0.99567646]
[0.57160723]
[0.8256835]
[0.25511912]
[0.5216866]
[0.0746004]
[0.9416925]
[0.01428193]
[0.4563559]
[0.42286268]
[0.9998826]
[0.02629484]
[0.9632042]
[0.9734352]
[0.9993585]
[0.89373595]
[0.8801577]
[0.44652492]
[0.6839955]
[0.676198]
[0.90297794]
[0.7534955]
[0.03362876]
[0.01450313]
[0.0358649]
[0.89847976]
[0.8432254]
[0.0717273]
[0.9103064]
[0.07957949]
[0.97762865]
[0.61796]
[0.37526903]
[0.52629924]
[0.7858508]
[0.20057654]
[0.9423275]
[0.05426461]
[0.81916606]
[0.9999583]
[0.9728917]
[0.98555356]
[0.82246995]
[0.15842961]
[0.1294328]
[0.59614104]
[0.99918133]
[0.9996623]
[0.27525368]
[0.39522898]
[0.99885523]
[0.5390391]
[0.47912914]
[0.70957804]
[0.9999987]
[0.49389127]
[0.6259187]
[0.28142607]
[0.24257731]
[0.6200352]
[0.76465905]
[0.9940322]
[0.88764584]
[0.03691799]
[0.62773174]
[0.27332908]
[0.9997844]
[0.34192026]
[0.41433236]
[0.6243033]
[0.12979124]
[0.21657805]
[0.17167546]
[0.6318144]
[0.9455827]
[0.6380686]
[0.03073307]
[1.]
[0.03197685]
[0.8471301]
[0.70871526]
[0.9633814]
[0.9111746]
[0.9318274]
[0.49510387]
[0.00663016]
[0.95081156]
[0.8095145]
[0.09723336]
[0.95961004]
[0.9874215]
[0.8405383]
[0.7384624]
[0.12513627]
[0.44257486]
[0.7731792]
[0.9766865]
[0.20793709]
[0.02430893]
[0.9987508]
[0.488043]
[0.3333392]
[0.8521606]
[0.8987685]
[0.9997664]
[0.620938]
[0.25390413]
[0.7106488]
[0.9982691]
[0.998409]
[0.99112904]
[0.9483291]
[0.8353578]
[0.05346852]
[0.99282914]
[0.9458085]
[0.91778195]
[0.23919164]
[0.7274568]
[0.8475382]
[0.03001175]
[0.9678535]
[0.77332294]
[0.9013305]
[0.95153147]
[0.3058414]
[0.9734302]
[0.02714648]
[0.9866578]
[0.9167046]
[0.7108529]
[0.9988953]
[0.9572257]
[0.22332224]
[0.4747742]
[0.10369016]
[0.21202567]
[0.90825444]
[0.92644435]
[0.86829334]
[0.95832384]
[0.19307692]
[0.9076158]
[0.7164421]
[0.09610911]
[0.15538153]
[0.99700326]
[0.24906392]
[0.99954104]
[1.]
[0.17233409]
[0.6180666]
[0.03677401]
[0.6685604]
[0.14792433]
[0.9260203]
[0.4363665]
[0.9803135]
[0.14952621]
[0.8749112]
[0.8341608]
[0.6103606]
[0.74145746]
[0.99997985]
[0.6704364]
[0.96893233]
[0.0299074]
[0.9995801]
[0.10068548]
[0.16092858]
[0.99247897]
[0.99391234]
[0.5285537]
[0.97959685]
[0.9461505]
[0.8327632]
[0.04529843]
[0.9284749]
[0.99535096]
[0.22253653]
[0.1019782]
[0.89632344]
[0.9206044]
[0.99202216]
[0.07719319]
[0.45041692]
[0.755281]
[0.6784551]
[0.95766956]
[0.10098888]
[0.94498265]
[0.919418]
[0.9933869]
[0.8779245]
[0.99594116]
[0.18984252]
[0.42171526]
[0.7407916]
[0.2614847]
[0.9994103]
[0.99744546]
[0.92398894]
[0.92911553]
[0.44124898]
[0.33698773]
[0.39618042]
[0.38965434]
[0.9999999]
[0.98908025]
[0.14499271]
[0.7075781]
[0.94064677]
[0.99955624]
[0.38476312]
[0.74150515]
[0.893449]
[0.09430478]
[0.68596447]
[0.68369704]
[0.07406355]
[0.9927939]
[0.88717866]
[0.11887433]
[0.03294476]
[0.9379529]
[0.30627912]
[0.34298977]
[0.50263166]
[0.16198431]
[0.668414]
[0.33085027]
[0.9447961]
[0.33008575]
[0.75428265]
[0.9325774]
[0.39283225]
[0.16473386]
[0.99749386]
[1.]
[0.60639566]
[0.90139323]
[0.91809464]
[0.7633782]
[0.9008925]
[0.5006621]
[0.54135174]
[0.89318305]
[0.9493663]
[0.82373184]
[0.05062621]
[0.9349025]
[0.6725798]
[0.8322706]
[0.9911116]
[0.66938597]
[0.3860014]
[0.90983564]
[0.45725173]
[0.11563948]
[0.94845295]
[0.9098065]
[0.94215435]
[1.]
[0.9997975]
[0.9212477]
[0.66047484]
[0.24146202]
[0.01936609]
[0.99685955]
[0.9999999]
[0.48501673]
[0.02426025]
[0.9996356]
[0.99741685]
[0.96225667]
[0.08819249]
[0.84787387]
[1.]
[0.9195214]
[0.15641978]
[0.00571113]
[0.26548153]
[0.13369673]
[0.73687965]
[1.]
[0.12510397]
[0.759172]
[0.813148]
[0.99886864]
[0.03437115]
[0.98918545]
[0.7919033]
[0.9109507]
[0.05017863]
[0.4139353]
[0.46717057]
[0.9581972]
[0.1748167]
[0.1148149]
[0.07986759]
[0.9997625]
[0.5822478]
[0.9804568]
[0.9762782]
[0.21618067]
[0.8269095]
[0.9999113]
[0.94335437]
[0.47540945]
[0.69667214]
[0.8991479]
[0.7539995]
[0.67671895]
[0.7337784]
[0.8148171]
[0.11586712]
[0.99987566]
[0.10460766]
[0.99995637]
[0.9865209]
[0.47232175]
[0.99439234]
[0.12851788]
[0.93960327]
[0.06046436]
[0.58403254]
[0.24028163]
[0.9469313]
[0.9999957]
[0.7395707]
[0.859995]
[0.99982256]
[0.9759403]
[0.8399181]
[0.9201926]
[0.96616393]
[0.9180767]
[0.94117016]
[0.8419793]
[0.74979126]
[0.93000406]
[0.9904716]
[0.89600086]
[0.8676268]
[0.97819656]
[0.17513943]
[0.9953329]
[0.3926373]
[0.03733281]
[0.04182258]
[0.24610326]
[0.9913089]
[0.9506746]
[0.9175296]
[0.05823787]
[0.95122826]
[0.10718711]
[0.6663133]
[0.7363419]
[0.99610305]
[0.04317499]
[0.02097128]
[0.7156811]
[0.95202905]
[0.00860724]
[0.4687954]
[0.2221043]
[0.04806302]
[0.96114653]
[0.99959034]
[0.8642204]
[0.86463535]
[0.03132062]
[0.28238323]
[0.9987116]
[0.9911273]
[0.8818762]
[0.10432845]
[0.9841059]
[0.9904084]
[0.25696144]
[0.8605738]
[0.9901039]
[0.09634133]
[0.3969797]
[0.07893369]
[0.17528401]
[0.9994418]
[0.84893477]
[0.9521221]
[0.9928235]
[0.13593231]
[0.9919363]
[0.7693033]
[0.9600744]
[0.13248448]
[0.33913368]
[0.77763474]
[0.87922513]
[0.16760883]
[0.999416]
[0.6931347]
[0.22530524]
[0.59542793]
[0.9869933]
[0.98291945]
[0.33305228]
[0.08565131]
[0.02401377]
[0.8790872]
[0.9328218]
[0.7147765]
[0.86515486]
[0.8230811]
[0.9999999]
[0.9955701]
[0.76695997]
[0.9177533]
[0.740935]
[0.8797442]
[0.8285133]
[0.76959115]
[0.9850389]
[1.]
[0.9996575]
[0.27484214]
[0.94163626]
[0.2527877]
[0.57904285]
[0.81647015]
[0.49748772]
[0.98739886]
[0.9832827]
[0.9740096]
[0.9472052]
[0.28159872]
[0.27967924]
[0.8980174]
[0.63951474]
[0.995748]
[0.98351675]
[0.94633853]
[0.03675217]
[0.8139897]
[0.01054239]
[0.7524735]
[0.98457515]
[0.06017318]
[0.05175139]
[0.9988154]
[0.9408869]
[0.3869899]
[0.6491569]
[0.7457831]
[0.273609]
[0.4345526]
[0.16563402]
[0.65593135]
[0.16544351]
[0.2133893]
[0.97177446]
[0.9757252]
[0.23664658]
[0.12271166]
[0.24312739]
[0.32791013]
[0.752176]
[0.98631686]
[0.9999999]
[0.99980336]
[0.15972579]
[0.0498234]
[5.3524647e-11]
[0.44019607]
[0.9819661]
[0.7186877]
[0.74975926]
[0.9359265]
[0.9864781]
[0.99891806]
[0.8665047]
[0.04786801]
[0.13833405]
[0.45784467]
[0.9571546]
[0.4836408]
[0.22969882]
[0.16165903]
[0.35038862]
[0.9926812]
[0.36132303]
[0.97307533]
[0.9469929]
[0.9795542]
[0.985451]
[0.20722283]
[0.92137194]
[0.9864138]
[0.99899536]
[0.86179066]
[0.6637095]
[0.8181201]
[0.6340357]
[0.98927003]
[0.2139143]
[0.9292646]
[0.75458837]
[0.8511677]
[0.9482417]
[0.98333114]
[0.9896298]
[0.5684255]
[0.17371462]
[0.6431371]
[0.9388292]
[1.]
[0.015276]
[0.99999976]
[0.9266124]
[0.8156352]
[0.45310548]
[0.9927226]
[0.9302362]
[1.]
[0.4088528]
[0.03941918]
[0.999997]
[0.9417669]
[0.7623086]
[0.5985162]
[0.9722401]
[0.9794094]
[0.98220074]
[0.16526802]
[0.99413514]
[0.3769346]
[0.9178249]
[0.5976267]
[0.9090169]
[0.9875278]
[0.84638935]
[0.4184989]
[0.60818577]
[0.86969364]
[0.99563307]
[0.93049324]
[0.94387865]
[0.6269681]
[0.94845456]
[0.08347677]
[1.]
[0.15927441]
[0.6393147]
[0.9946122]
[0.9623782]
[0.858988]
[0.88858974]
[0.21132006]
[0.5336076]
[0.780714]
[0.19555539]
[0.6102798]
[0.8558042]
[0.02181545]
[1.]
[0.40692478]
[0.29273012]
[0.6105704]
[0.89613676]
[0.9655736]
[0.79356474]
[0.98858994]
[0.17938206]
[0.9099815]
[0.2024574]
[0.06643454]
[0.81704503]
[0.2482982]
[0.68568003]
[0.36127412]
[0.90506005]
[0.94768703]
[0.7482454]
[0.65394056]
[0.99398696]
[0.92536515]
[0.04817959]
[0.00894618]
[0.9648788]
[0.845828]
[0.9965558]
[0.36109635]
[0.22936913]
[0.82094747]
[0.8256298]
[0.98622835]
[0.99107695]
[0.9992981]
[0.16007495]
[0.03034583]
[0.20471247]
[0.9945306]
[0.11315603]
[0.12410381]
[0.03237514]
[0.9380799]
[0.4079694]
[0.43127486]
[0.9977252]
[0.99961215]
[0.9541486]
[0.7399547]
[0.46333578]
[0.70178276]
[0.16419855]
[0.96881044]
[0.8376177]
[0.9991216]
[0.3003338]
[0.546426]
[0.5641184]
[0.98788214]
[0.99988365]
[0.06037144]
[0.48708996]
[0.9821805]
[0.9542022]
[0.9799788]
[0.8256425]
[0.2319634]
[0.73762435]
[0.96500236]
[0.83105505]
[0.75123084]
[0.32868317]
[0.21759427]
[0.70023537]
[0.84026045]
[0.97585166]
[0.43714646]
[0.11722866]
[0.8577275]
[0.7946596]
[0.82685846]
[0.15404953]
[0.56335706]
[0.9982071]
[0.9365138]
[0.90565735]
[0.6588856]
[0.99729604]
[0.30386806]
[0.22267835]
[0.77978694]
[0.92847407]
[0.44699934]
[0.24218649]
[0.34123]
[0.92809457]
[0.999992]
[0.04232507]
[0.57294106]
[0.9035679]
[0.7816824]
[0.91108316]
[0.96520776]
[0.9971444]
[0.79172915]
[0.12648933]
[0.9278056]
[0.9920305]
[0.97995126]
[0.997776]
[0.99255085]
[0.23771988]
[0.99139434]
[0.60233736]
[0.98197293]
[0.8893224]
[0.3032586]
[0.6682617]
[0.980724]
[0.11023988]
[0.9612454]
[0.87085813]
[0.9947121]
[0.989351]
[0.95591486]
[0.9803705]
[0.9939283]
[0.781452]
[0.15721646]
[0.9242061]
[0.4842286]
[0.37325343]
[0.9884652]
[0.5085796]
[0.9944272]
[0.98584783]
[0.00386213]
[0.23070961]
[0.99051595]
[0.6216577]
[0.5802798]
[0.9974955]
[0.9566803]
[0.47105554]
[0.20223603]
[0.40869513]
[0.0014561]
[0.950826]
[0.8181591]
[0.7760468]
[0.9414865]
[0.82357377]
[0.9985964]
[0.5924313]
[1.]
[0.9998865]
[0.02007613]
[0.9966702]
[0.9058641]
[0.6859786]
[0.02555587]
[0.0350475]
[0.1223603]
[0.10665501]
[0.53684556]
[0.9879417]
[0.54326516]
[0.93409795]
[0.8234482]
[0.9551946]
[0.9796398]
[0.3974013]
[0.9071588]
[0.98970234]
[0.9917406]
[0.13958694]
[0.9258254]
[0.8456004]
[0.06944048]
[0.99923825]
[0.57085794]
[0.04359544]
[0.74468505]
[0.9610261]
[0.99999976]
[0.01812801]
[0.49121982]
[0.8323591]
[0.5096818]
[0.9997352]
[0.1295182]
[0.9468367]
[0.02303055]
[0.98465073]
[0.8660105]
[0.96462303]
[1.]
[0.8934576]
[0.03351062]
[0.40857142]
[0.9470069]
[0.22121914]
[0.9380136]
[0.72206265]
[0.13917539]
[0.87810767]
[0.54490584]
[0.9487685]
[0.9777385]
[0.30618906]
[0.25760344]
[0.897642]
[0.9698298]
[0.99910873]
[0.23237729]
[0.29279354]
[0.9779886]
[0.9701541]
[0.96939206]
[0.76610243]
[0.9785947]
[0.03085347]
[0.08434023]
[1.]
[0.56138146]
[0.75206774]
[0.9930219]
[0.943127]
[0.10611871]
[0.02397607]
[0.11178596]
[0.14368248]
[0.97587323]
[0.4044828]
[0.9999995]
[0.04350256]
[0.08771666]
[0.21223938]
[0.36233297]
[0.9072871]
[0.6249062]
[0.746975]
[0.9912445]
[0.99999344]
[0.04419626]
[0.74174017]
[0.03301216]
[0.94819283]
[0.03638016]
[0.84788936]
[0.649169]
[0.65329343]
[0.39857438]
[0.95469487]
[0.57531655]
[0.29848248]
[0.14965977]
[0.9798274]
[0.02282322]
[0.9300105]
[0.9762491]
[0.6432475]
[0.12682419]
[0.43388295]
[0.32323173]
[0.99410653]
[0.6810087]
[0.11469582]
[0.12559639]
[0.9993286]
[0.9064807]
[0.9940071]
[0.93633723]
[0.9120357]
[0.50771976]
[0.9127243]
[0.8808493]
[0.8508162]
[0.9834592]
[0.67871267]
[0.94657636]
[0.41762814]
[0.7502081]
[0.04472654]
[0.88520217]
[0.25926828]
[0.18376204]
[0.9569519]
[0.99985814]
[0.9888657]
[0.3675484]
[0.01867312]
[0.953803]
[0.35133514]
[0.48812047]
[0.24071082]
[0.91412103]
[0.99817]
[0.22618337]
[0.96146154]
[0.0893488]
[0.99401]
[0.2563728]
[0.19753604]
[0.9371476]
[0.88033193]
[0.50854415]
[0.6841917]
[0.99568427]
[0.7975254]
[0.10543045]
[0.97942126]
[0.28066063]
[0.92913294]
[0.484308]
[0.9431236]
[1.]
[0.10464053]
[0.25970265]
[0.9667243]
[0.62527704]
[0.3458658]
[0.47498098]
[0.92065644]
[0.83558166]
[0.997736]
[0.00015664]
[0.99631494]
[0.59165376]
[0.9931971]
[0.08374197]
[0.09368792]
[0.9108042]
[0.29302445]
[0.9615107]
[0.999288]
[0.9584483]
[0.9989505]
[0.94948536]
[0.12781696]
[0.9068521]
[0.04836584]
[0.19837336]
[0.9455174]
[0.8890635]
[0.997598]
[1.]
[0.6190723]
[0.99769765]
[0.42198128]
[0.20401637]
[0.9881407]
[0.09419851]
[0.9430548]
[0.979147]
[0.9997992]
[0.999711]
[0.99853206]
[0.19300383]
[0.9081788]
[0.10715969]
[0.21116988]
[0.9713669]
[0.9463328]
[0.96612865]
[0.9924199]
[0.30656236]
[0.82672304]
[0.9499765]
[0.98526394]
[0.03367833]
[0.924967]
[0.63638955]
[0.7580616]
[0.00492211]
[0.9506677]
[0.62490815]
[0.99999654]
[0.8378224]
[0.5753667]
[0.37739846]
[0.03630687]
[0.5133076]
[0.81914115]
[0.4740894]
[0.9794109]
[0.9106926]
[0.59266424]
[0.880851]
[0.716192]
[0.995434]
[1.]
[0.03276234]
[0.04300642]
[0.9797891]
[0.927797]
[0.99684346]
[0.80896336]
[0.7446217]
[0.9854876]
[0.9992192]
[0.63033056]
[0.98706996]
[0.8728139]
[0.91614425]
[0.97974694]
[0.04148647]
[0.7003661]
[0.06781186]
[0.86758274]
[0.78996223]
[0.9408709]
[0.66999596]
[0.9839877]
[0.99711823]
[0.99100554]
[0.71935177]
[0.9992354]
[0.97914326]
[0.9999963]
[0.04743351]
[0.03344737]
[0.9884886]
[0.9397029]
[0.23770371]
[0.99728656]
[0.93100184]
[0.97017133]
[0.32851544]
[0.9973749]
[0.52418566]
[0.94376826]
[0.3393302]
[0.8867218]
[0.08816475]
[0.27279964]
[0.05257139]
[0.02334727]
[0.51267606]
[0.06773537]
[0.5433969]
[0.05592653]
[0.4919063]
[0.860584]
[0.9212528]
[0.05180692]
[0.9975654]
[0.99211407]
[0.987683]
[0.09422864]
[0.5904422]
[0.8160392]
[0.19507761]
[0.98046744]
[0.6569841]
[0.7965205]
[0.00982186]
[0.29379523]
[0.9989729]
[0.99999964]
[0.74734664]
[0.08304396]
[0.91635394]
[0.00508464]
[0.97447145]
[0.9922052]
[0.99115247]
[0.9999951]
[0.68098587]
[0.9918623]
[0.9714968]
[0.6051661]
[1.]
[0.7424467]
[0.9995646]
[0.91683143]
[0.8215721]
[1.]
[1.]
[0.99267346]
[0.638306]
[0.12814131]
[0.9249315]
[0.13125572]
[0.9361459]
[0.8541274]
[0.0331372]
[0.99954623]
[0.9861777]
[0.86514]
[0.9140318]
[0.02275247]
[0.7111213]
[0.8816249]
[0.91648096]
[0.79507643]
[0.9938262]
[0.52846706]
[0.94023097]
[0.6320963]
[0.93268025]
[0.31867665]
[0.13979045]
[0.13812204]
[0.08111981]
[0.16552077]
[0.91245365]
[0.9808553]
[0.3119721]
[0.34810653]
[0.9943177]
[0.47626656]
[0.778712]
[0.8775494]
[0.9638333]
[0.6354064]
[0.15235208]
[0.01827635]
[0.92065513]
[0.07222895]
[0.18064265]
[0.956286]
[0.40134457]
[0.8754618]
[0.96420705]
[0.50273204]
[0.8121478]
[0.97963506]
[1.]
[0.99999034]
[0.68851244]
[0.84505695]
[0.17101231]
[0.10307713]
[0.7582832]
[0.96533895]
[0.99524385]
[0.95061153]
[0.7678904]
[0.9999434]
[0.82405263]
[0.86945355]
[0.00519736]
[0.99911743]
[0.46262777]
[0.5321188]
[0.92597497]
[0.06892483]
[0.73102874]
[0.80393404]
[0.96668375]
[0.9969643]
[0.90746456]
[0.1759524]
[0.7901131]
[1.]
[0.14211999]
[0.83089095]
[0.8409049]
[0.75439364]
[0.9225427]
[1.]
[0.9952856]
[0.4377765]
[0.9996501]
[0.7762694]
[0.8268195]
[0.6984291]
[0.99356395]
[0.27879748]
[0.9456906]
[0.99771297]
[0.6920216]
[0.05017451]
[0.2602634]
[0.5459839]
[0.27639735]
[0.36822137]
[0.99686795]
[0.98375964]
[0.7735619]
[0.9325501]
[0.4001377]
[0.9835284]
[0.3709203]
[0.2911287]
[0.96795267]
[0.6016877]
[0.59701467]
[0.85860324]
[0.05567577]
[0.05468367]
[0.7622346]
[0.96239996]
[0.44065255]
[0.99903476]
[0.28893673]
[0.9967263]
[0.3431937]
[0.01230556]
[0.31723294]
[0.89635336]
[0.76245713]
[0.27803957]
[0.39816043]
[0.06347733]
[0.9722047]
[0.6131907]
[0.42180324]
[0.63235873]
[0.77743393]
[0.9871876]
[1.]
[0.97824836]
[0.9474876]
[0.10743566]
[0.8272462]
[0.62344843]
[0.5730492]
[0.5578247]
[0.737016]
[0.48845956]
[0.09459326]
[0.58492446]
[0.9036357]
[0.70895064]
[0.26895213]
[0.9713488]
[0.9963393]
[0.00454015]
[0.8961605]
[0.05009382]
[0.9662025]
[0.1116622]
[0.9859059]
[0.19590083]
[0.00147292]
[0.10120586]
[0.8965249]
[0.9427005]
[0.9904094]
[0.02031852]
[0.96654963]
[0.13219194]
[0.7980899]
[0.74734944]
[0.9070915]
[0.90824854]
[0.96489143]
[0.40722084]
[0.9398114]
[0.9293622]
[0.89445263]
[0.60897726]
[0.00148797]
[0.99405247]
[0.22052273]
[0.9999]
[0.51622915]
[0.2614539]
[0.40165514]
[0.9999771]
[0.9959908]
[0.9733339]
[0.97455853]
[0.06508275]
[0.4957048]
[0.09915691]
[0.84862]
[0.94666845]
[0.9760389]
[0.9310243]
[1.]
[0.83763427]
[0.47958866]
[0.0163674]
[0.02244628]
[0.16815835]
[0.91035664]
[0.7080249]
[0.89783865]
[0.8010131]
[0.8238243]
[0.16383792]
[0.99999857]
[0.9844599]
[0.90936005]
[0.72014695]
[0.45210254]
[0.99029833]
[1.]
[0.99392843]
[0.99165523]
[0.707976]
[0.23348372]
[0.99984777]
[0.96291906]
[0.5846451]
[0.22848086]
[0.99912256]
[0.98473257]
[0.9727956]
[0.9997563]
[0.17845151]
[0.83198154]
[0.25485542]
[0.96230644]
[0.63442117]
[0.7402286]
[0.7727067]
[0.7838085]
[0.04822282]
[0.31424057]
[0.21157233]
[0.96783465]
[0.62244993]
[0.9177612]
[0.16233307]
[0.9999349]
[0.44298804]
[0.98946416]
[0.10542168]
[8.588962e-08]
[0.89127535]
[0.694341]
[0.01794662]
[0.9949079]
[0.07929581]
[0.9999999]
[0.83559287]
[0.9998977]
[1.]
[0.79350996]
[0.7710056]
[0.8006039]
[0.50922513]
[0.85381687]
[0.9365301]
[0.02438764]
[0.22947092]
[0.6925092]
[0.9497172]
[0.91357815]
[0.05224646]
[0.96489424]
[0.53299755]
[0.05735537]
[0.99600476]
[0.1533746]
[0.8259652]
[0.6206872]
[0.09412926]
[0.9263842]
[0.15348293]
[0.01726168]
[0.01340125]
[0.43267515]
[0.54554254]
[0.99932766]
[0.24990255]
[0.85535955]
[0.9810207]
[0.06806929]
[0.9945116]
[0.14767715]
[0.6214233]
[0.18286324]
[0.01549167]
[0.9412599]
[0.12086309]
[0.6614289]
[0.7455931]
[0.8636004]
[0.79626113]
[0.9661764]
[0.952285]
[0.37943912]
[0.20592208]
[0.19924672]
[0.37151322]
[0.00053592]
[0.7414043]
[1.]
[0.94636345]
[0.72243893]
[0.19357838]
[0.04495178]
[0.97406435]
[0.51304734]
[0.0516061]
[0.51300323]
[0.9313601]
[0.7985382]
[0.72840863]
[0.82431364]
[0.78182423]
[0.9624905]
[0.09427495]
[0.5043894]
[0.00813786]
[0.959848]
[0.9990515]
[0.63525456]
[0.8427831]
[0.19236338]
[0.9310088]
[0.893544]
[0.9928808]
[0.8990623]
[0.9465689]
[0.95168746]
[0.9996207]
[0.8850015]
[0.11072195]
[0.8723312]
[0.36245027]
[0.01307951]
[0.00067436]
[0.37560573]
[0.7021625]
[0.9508656]
[0.7762988]
[0.9989421]
[0.01531691]
[0.67516553]
[0.18788306]
[0.74029344]
[0.9889414]
[0.07153284]
[0.45034954]
[0.6470317]
[0.7622707]
[0.94679284]
[0.99951637]
[0.9965557]
[0.68601495]
[0.9809936]
[0.25853828]
[0.8263107]
[0.98010296]
[0.52262074]
[0.97217304]
[0.846963]
[0.67308134]
[0.70671797]
[0.99993145]
[0.10519376]
[0.02846437]
[4.495242e-05]
[0.9652492]
[0.8403455]
[0.02782425]
[0.31081098]
[0.40904763]
[0.9986473]
[0.18000557]
[0.4682591]
[0.9999298]
[0.87806296]
[0.05418149]
[0.61075854]
[0.99928313]
[0.9212639]
[0.9976883]
[0.9292714]
[0.8352568]
[0.66619825]
[0.15966892]
[1.]
[0.99402326]
[0.85457003]
[0.894228]
[0.09212203]
[0.99977154]
[0.839547]
[0.7009484]
[0.7699222]
[0.9599641]
[0.5372856]
[0.58420926]
[0.10307514]
[0.4631669]
[0.89754623]
[0.9975828]
[0.9769826]
[0.94123805]
[0.10679147]
[0.596451]
[0.7825184]
[0.16105917]
[0.99997354]
[0.89420235]
[0.87430274]
[0.863721]
[0.96787953]
[0.20354241]
[0.768118]
[0.46290126]
[0.09358125]
[0.4845374]
[0.9529337]
[0.94539]
[0.73890585]
[0.10344185]
[0.98531425]
[0.4686302]
[0.6468522]
[0.84192324]
[0.27631065]
[0.97722113]
[0.28298384]
[0.41772783]
[0.9908965]
[0.8302774]
[0.7465872]
[0.56462467]
[0.9999596]
[0.9704564]
[0.97197646]
[0.91406184]
[0.99468046]
[0.6915834]
[0.52122426]
[0.7002267]
[0.99893826]
[0.97258615]
[0.28874427]
[0.04714425]
[0.1453287]
[0.00049469]
[0.28177878]
[0.9964978]
[0.39593416]
[0.93516576]
[0.08360896]
[0.96812284]
[0.9908947]
[0.99999595]
[0.9002933]
[0.9972651]
[0.82576805]
[0.8847895]
[0.9867431]
[0.8381317]
[0.99944085]
[0.78156406]
[0.87222695]
[0.3247752]
[0.9686573]
[0.89089227]
[0.06593916]
[0.46358463]
[0.9891455]
[0.8621506]
[0.7461767]
[0.04523042]
[0.99981743]
[0.7770685]
[0.04196284]
[0.99797493]
[0.03517627]
[0.9352038]
[0.984962]
[1.]
[0.06525967]
[0.3497816]
[0.8219258]
[0.22218664]
[0.00577387]
[0.96132946]
[0.09783198]
[0.6228586]
[0.99434114]
[0.55880046]
[0.23479024]
[0.13898665]
[0.10957944]
[0.99805945]
[0.05593031]
[0.23860411]
[0.13536511]
[0.80295116]
[0.5259543]
[0.99864227]
[0.9929575]
[0.5423327]
[0.99999845]
[1.]
[0.9741469]
[0.9811009]
[0.9983986]
[0.9998325]
[0.9471655]
[0.17223458]
[0.7949575]
[0.01563974]
[0.12535544]
[0.71054757]
[0.10002053]
[0.36519915]
[0.69213325]
[0.9751781]
[0.87973857]
[0.98560876]
[0.9592271]
[0.17884602]
[0.98555136]
[0.70096856]
[0.7358812]
[0.3047222]
[0.9988445]
[0.9997063]
[0.28706637]
[0.51026535]
[0.923371]
[0.06935992]
[0.63663036]
[0.2991387]
[0.7238992]
[0.11248539]
[0.9013354]
[0.99118257]
[0.01986591]
[0.8166669]
[0.00119217]
[0.09855389]
[0.9790111]
[0.81667906]
[0.63956577]
[0.60381216]
[0.99031126]
[0.48812774]
[0.48039392]
[0.98811615]
[0.33017734]
[0.99490017]
[0.3966856]
[0.9641974]
[0.96498555]
[0.04216524]
[0.2772256]
[0.19998322]
[0.2877189]
[0.89562327]
[0.9117986]
[0.9410844]
[0.5200614]
[0.7657682]
[0.18614168]
[0.5445476]
[0.83154386]
[0.9836511]
[0.35216412]
[0.03642524]
[0.4155598]
[0.9938611]
[0.9823893]
[0.9517869]
[0.51804775]
[0.9884626]
[0.7827474]
[0.9119451]
[0.17012748]
[0.0027001]
[0.8022777]
[0.14109366]
[0.9616567]
[0.07986742]
[0.9931666]
[0.7828058]
[0.96292746]
[1.]
[0.7592777]
[0.66803986]
[0.83698153]
[0.96614355]
[0.6919184]
[0.9452602]
[0.3051052]
[0.07726295]
[0.56267273]
[0.609911]
[0.6096841]
[0.7718933]
[0.99467564]
[0.24778275]
[0.9047027]
[0.88482136]
[0.30318373]
[0.99405944]
[0.78460145]
[0.9130268]
[1.]
[0.96047884]
[0.48238724]
[0.9573567]
[0.18357302]
[0.92542034]
[0.9854124]
[0.86388004]
[0.9799801]
[0.9999862]
[0.88382936]
[0.7776979]
[0.16944465]
[0.02784895]
[0.85919887]
[0.18687129]
[0.58983266]
[0.99486345]
[0.67085946]
[0.82389814]
[0.9121158]
[0.67680943]
[0.36303133]
[0.9087117]
[0.0564321]
[0.0608328]
[0.78082824]
[0.16144274]
[0.93642443]
[0.6897974]
[0.8981432]
[0.09007041]
[0.8350213]
[0.91518474]
[0.9930842]
[0.95072955]
[0.93008834]
[0.99624145]
[0.140287]
[0.99010766]
[0.9890133]
[0.9850192]
[0.9725127]
[0.62029004]
[0.8745788]
[0.48284933]
[0.20117539]
[0.9930201]
[0.9920541]
[0.2877735]
[0.7852009]
[0.8973758]
[0.997843]
[0.94865274]
[0.65243244]
[0.87836057]
[1.]
[0.8276945]
[0.9858671]
[0.826242]
[0.98265165]
[0.986421]
[0.58219653]
[0.48746225]
[0.9658175]
[0.8850173]
[0.9999919]
[0.66266686]
[0.98138374]
[0.81696475]
[0.9901022]
[0.7804628]
[0.03550564]
[0.6041462]
[0.9070609]
[0.9189998]
[0.70923615]
[0.85732526]
[0.5708066]
[0.05422173]
[0.692768]
[0.9119535]
[0.34276062]
[0.95917]
[0.52955765]
[1.]
[0.5464381]
[0.69702196]
[0.27801287]
[0.0426942]
[0.4735379]
[0.44402394]
[0.80917305]
[0.03250686]
[0.13582805]
[0.00725095]
[0.28232977]
[0.94884515]
[0.40015653]
[0.773316]
[0.93828213]
[0.05232491]
[0.63569516]
[0.97593033]
[0.79298204]
[0.02297026]
[0.8571451]
[0.6425004]
[0.16560331]
[0.7893994]
[0.9511165]
[0.25471762]
[0.0571546]
[0.961801]
[0.9997559]
[0.99702483]
[0.96731937]
[0.94161457]
[0.32445848]
[0.96628076]
[0.71859676]
[0.70664304]
[0.91925406]
[0.9874851]
[0.814607]
[1.]
[1.]
[0.42683235]
[0.54370236]
[0.9722831]
[0.98955184]
[0.9811972]
[0.15035057]
[0.09079398]
[0.0380941]
[0.9899781]
[0.6460307]
[0.41500822]
[0.0295842]
[0.314005]
[0.45747772]
[0.9996679]
[0.86652577]
[0.1557225]
[0.46347612]
[0.8678867]
[0.539634]
[0.02896926]
[0.6820595]
[0.9126928]
[0.2685639]
[0.49550253]
[0.9969162]
[0.02605917]
[0.99727935]
[0.06356104]
[0.7838451]
[0.6000842]
[0.7646373]
[0.10889377]
[0.8006418]
[0.9757002]
[0.5764417]
[0.75973576]
[0.8727189]
[0.98022914]
[0.4717635]
[0.98950803]
[0.98925555]
[0.9346998]
[0.04703749]
[0.92792857]
[0.67487544]
[0.39936405]
[0.6540871]
[0.9907436]
[1.]
[0.9454706]
[0.999959]
[0.9369134]
[0.04714521]
[0.9389158]
[0.94624484]
[0.22608513]
[0.08471226]
[0.15125765]
[0.4416977]
[0.6191594]
[0.17363195]
[0.21263655]
[0.9526579]
[0.09411193]
[0.95492613]
[0.5447085]
[0.7033218]
[0.98924947]
[0.99732447]
[0.42010847]
[0.41530105]
[0.9845687]
[0.78075963]
[1.]
[0.14521831]
[0.67215925]
[0.8649835]
[0.9938839]
[0.9799803]
[0.9130598]
[0.7135678]
[0.9443487]
[0.9373615]
[0.999998]
[0.6955703]
[0.40343535]
[0.2867484]
[0.04308501]
[0.84975296]
[0.80705726]
[0.09287045]
[0.8696554]
[0.2757043]
[0.9904975]
[0.8573056]
[0.9817493]
[0.4317036]
[0.01756952]
[0.7419683]
[0.49198553]
[0.9477625]
[0.26715338]
[0.99980587]
[0.84132004]
[0.87430066]
[0.7045556]
[0.9977568]
[0.26567817]
[0.99593616]
[0.94599044]
[0.9925149]
[0.9749851]
[0.9168435]
[0.98600256]
[0.8085714]
[0.7294271]
[1.]
[0.417186]
[0.99931383]
[0.68047464]
[0.2404966]
[0.99512535]
[0.9124011]
[0.9812331]
[0.03827097]
[0.37390044]
[0.85669726]
[0.98818177]
[0.9370125]
[0.19447693]
[0.47435662]
[0.3301036]
[0.01847821]
[0.9500456]
[0.65770483]
[0.9904124]
[0.22718696]
[0.04257464]
[0.8453671]
[0.89304155]
[0.6497849]
[0.7114878]
[0.8433894]
[0.05355323]
[0.9528687]
[0.91955173]
[0.894639]
[0.11303877]
[0.3870139]
[0.98746824]
[0.9966569]
[0.9113663]
[0.03317244]
[0.98461676]
[0.92921877]
[0.8226119]
[0.69258976]
[0.00342919]
[0.47644177]
[0.9552737]
[0.38312688]
[0.15540633]
[0.99092627]
[0.00902642]
[0.8481037]
[0.8801145]
[0.93797946]
[0.9999999]
[0.95902556]
[0.9956553]
[0.6817272]
[1.]
[0.06851592]
[0.34794465]
[0.9330181]
[0.96946037]
[0.62422335]
[0.03592109]
[0.97442734]
[0.6779824]
[0.7736942]
[0.98903507]
[0.5306543]
[0.74409026]
[0.4592762]
[0.9985019]
[0.5638501]
[0.03704057]
[0.9897071]
[0.9009402]
[0.16980197]
[0.03327765]
[0.0984815]
[0.99988794]
[0.9582902]
[0.86291647]
[0.89930856]
[1.]
[0.9614468]
[0.79982764]
[0.9884101]
[0.12651378]
[0.8937068]
[0.99943656]
[0.9744376]
[0.72800124]
[0.9114975]
[0.05087893]
[0.99942076]
[0.8970642]
[0.9896596]
[0.9690279]
[0.99779534]
[0.6592459]
[0.9990331]
[0.9973755]
[0.5164818]
[0.7484162]
[0.6908247]
[0.74873275]
[0.07042771]
[0.24942829]
[0.9837757]
[1.]
[0.9987392]
[0.11319166]
[0.9917413]
[0.7502738]
[0.08935991]
[0.6471208]
[0.34428138]
[0.97256404]
[0.20173468]
[0.03351781]
[0.00532296]
[0.17327797]
[0.9437007]
[0.9361188]
[0.99650204]
[0.93917805]
[0.19613652]
[0.24038893]
[0.7692707]
[0.42567506]
[0.73383373]
[0.9994242]
[0.9200616]
[0.69086856]
[0.02388657]
[0.7028267]
[0.944954]
[0.9918944]
[0.96264344]
[0.99931455]
[0.01067934]
[0.98905355]
[0.8656683]
[0.9925424]
[0.99681586]
[0.766213]
[0.98780173]
[0.93284225]
[0.59468293]
[0.14876498]
[1.]
[0.9680011]
[0.87969047]
[0.9977748]
[0.12935774]
[0.97345454]
[0.11121888]
[0.4619429]
[0.8598634]
[0.9780667]
[0.55401427]
[0.7788539]
[0.00990443]
[0.2722891]
[0.7436831]
[0.94812447]
[1.]
[0.43749297]
[0.07900035]
[1.]
[0.2787422]
[0.3680015]
[0.26024818]
[0.98080873]
[0.7627689]
[0.7955636]
[0.9356193]
[0.9773488]
[0.9467547]
[0.6825853]
[0.17320216]
[0.709992]
[0.9093754]
[0.91550106]
[0.9166556]
[0.9320405]
[0.8385016]
[1.]
[0.9755264]
[0.87027496]
[0.8670194]
[0.70214725]
[0.99965763]
[0.11810498]
[0.65927833]
[0.48289424]
[0.8645935]
[0.08499402]
[0.9972831]
[0.9292025]
[0.8912422]
[0.9542294]
[0.16548315]
[0.94649124]
[0.98521847]
[0.19364958]
[0.9999999]
[0.25637883]
[0.09252785]
[0.95788246]
[0.9288178]
[0.84544605]
[0.16999106]
[0.21150891]
[0.02056453]
[0.77961236]
[0.15306774]
[0.25482634]
[0.6102537]
[0.03811637]
[0.9811897]
[0.89604133]
[0.11723659]
[0.05655977]
[0.26619717]
[0.9705199]
[0.9964964]
[0.05935189]
[0.86597615]
[0.9999877]
[0.0332338]
[0.19271304]
[0.02584141]
[0.2973701]
[0.6876481]
[0.8713724]
[0.9999968]
[0.09736485]
[0.884145]
[0.09510692]
[0.33235854]
[0.22596177]
[0.9663453]
[0.3760736]
[0.01192452]
[0.92394614]
[0.99995947]
[1.]
[0.9929704]
[0.34364396]
[0.26297575]
[0.9823469]
[0.0151738]
[0.6407605]
[0.21122105]
[0.97811824]
[0.8983994]
[0.15066342]
[0.6156642]
[0.99085325]
[0.0337203]
[0.9137088]
[0.968032]
[0.21343]
[0.95084345]
[0.12056657]
[0.61726767]
[0.93013585]
[0.5431037]
[0.9305071]
[0.673705]
[0.92313206]
[0.12808134]
[0.87496877]
[0.85127324]
[0.7561296]
[0.29327258]
[0.9970458]
[0.92503726]
[0.77177674]
[0.4816944]
[0.35228652]
[0.95168525]
[0.5203345]
[0.8723644]
[0.17606926]
[0.99999833]
[0.9919693]
[0.84298104]
[0.01924121]
[0.9999994]
[0.38837054]
[0.28728557]
[0.96253544]
[0.9996364]
[0.99847585]
[0.98165154]
[0.77642167]
[0.52842945]
[0.4218516]
[0.8171615]
[0.9681663]
[0.17047252]
[0.7856257]
[0.83255196]
[0.9438716]
[0.9225757]
[0.76585704]
[0.5959639]
[0.7747677]
[0.40055364]
[0.97184753]
[0.36482123]
[0.8972313]
[0.96879435]
[0.10160782]
[0.5518718]
[0.7239512]
[0.42228836]
[0.84454155]
[0.715964]
[0.89982957]
[1.]
[0.9979063]
[0.98692673]
[0.03239171]
[0.3702756]
[0.5626681]
[0.95844084]
[0.25774425]
[0.9174318]
[0.9431731]
[0.7171603]
[0.99820566]
[2.0508121e-05]
[0.9410121]
[0.88847095]
[0.99580586]
[0.315678]
[0.3793738]
[0.91802675]
[0.12299255]
[0.99997425]
[0.06708322]
[0.17821883]
[0.952889]
[0.91496944]
[0.14287056]
[0.9994425]
[0.99727243]
[0.9278553]
[0.83334124]
[0.1101741]
[0.95704526]
[0.87610406]
[0.96556693]
[0.9000157]
[0.8909241]
[0.9333164]
[0.35078642]
[0.6032465]
[0.99663866]
[0.97313154]
[0.529707]
[0.28673422]
[0.02794768]
[0.5272315]
[0.09895969]
[0.18049641]
[0.38572788]
[0.13068864]
[0.12925431]
[0.90841496]
[0.91852623]
[1.]
[0.7559605]
[0.63265663]
[0.8643853]
[0.16503319]
[0.23230141]
[0.5564583]
[0.974678]
[0.7395635]
[0.8173574]
[0.25582683]
[0.7669495]
[0.872009]
[0.99843425]
[0.9696679]
[0.99612623]
[0.24609321]
[0.9984219]
[0.90954936]
[0.78609157]
[0.32768798]
[0.7889353]
[0.9810175]
[0.0082686]
[0.58484226]
[0.05915521]
[0.85196745]
[0.73503876]
[0.20771362]
[0.94585574]
[0.45392606]
[0.09004202]
[0.75073147]
[0.756425]
[0.86916775]
[0.9357258]
[0.9874247]
[0.94429576]
[0.08735444]
[0.02279222]
[0.01472686]
[0.9885428]
[0.5308731]
[0.8548086]
[0.47286212]
[0.9044641]
[0.71231735]
[0.1541333]
[0.42131677]
[0.64998883]
[0.23182356]
[0.8893521]
[0.9964385]
[0.7912189]
[0.5084643]
[0.3500303]
[0.8805125]
[0.5951153]
[0.8118597]
[0.26681924]
[0.48726463]
[0.9498994]
[0.9882641]
[0.6519604]
[0.00549485]
[0.9871661]
[0.15180996]
[0.93327653]
[0.4226195]
[0.3954885]
[0.5093825]
[0.57171214]
[0.2934773]
[0.93523365]
[0.09886832]
[0.41711155]
[0.99854624]
[0.73524386]
[0.99682033]
[0.20781073]
[0.13400829]
[0.9486843]
[0.57533425]
[0.16076612]
[0.9435162]
[0.9535389]
[0.75550306]
[0.4641986]
[0.06102963]
[0.12870806]
[0.2963104]
[0.26403505]
[0.9986129]
[0.9867432]
[0.10119072]
[0.98065615]
[0.01231449]
[0.9738747]
[0.55439717]
[0.51313347]
[0.5804704]
[0.9829543]
[0.8657564]
[0.9648718]
[0.934645]
[0.8574691]
[0.80199414]
[0.15395856]
[0.9916082]
[0.24259117]
[0.9999299]
[0.55938506]
[0.74141383]
[1.]
[0.96905565]
[0.5442701]
[0.77828413]
[0.36224073]
[0.9971011]
[0.3270214]
[0.33208224]
[0.992006]
[0.98771185]
[0.66334885]
[0.9307407]
[0.08863871]
[0.26427382]
[0.72832465]
[0.00718074]
[0.171397]
[0.97413856]
[0.8977738]
[0.9467968]
[0.23055823]
[0.81681925]
[0.9241467]
[0.8683142]
[0.48729014]
[0.51874495]
[0.5674962]
[0.89364195]
[0.10964407]
[0.75640583]
[0.9984971]
[0.9063771]
[0.00580474]
[0.62236935]
[0.1629079]
[0.9906508]
[0.3913643]
[0.8124356]
[0.37042406]
[0.9115967]
[0.81556827]
[0.24485804]
[0.20019893]
[0.00106913]
[0.35300907]
[0.9894182]
[0.98746455]
[0.7690361]
[0.21791786]
[0.598011]
[1.]
[0.14912352]
[0.30971512]
[0.5817538]
[0.7759907]
[0.98155105]
[0.1622875]
[0.03913055]
[0.992023]
[0.5042875]
[0.7032766]
[0.6023192]
[0.95588666]
[0.31123304]
[0.8574598]
[0.90199465]
[0.35526454]
[0.9991474]
[0.11801232]
[0.19834957]
[0.5764824]
[0.9991068]
[0.9086194]
[0.89118856]
[0.26748008]
[0.42190325]
[0.18235065]
[0.6051873]
[0.9962289]
[0.9988003]
[0.1600831]
[0.60296226]
[0.56555456]
[0.93860674]
[0.9999987]
[0.03526011]
[0.9999999]
[0.80481404]
[0.9076416]
[1.]
[0.8725748]
[0.99968684]
[0.42214084]
[0.97267354]
[0.12724893]
[0.1677761]
[0.8987829]
[0.99999976]
[0.9668952]
[0.9988771]
[0.78626627]
[0.05242259]
[0.9786251]
[0.7484616]
[0.5317982]
[0.04580653]
[0.9993493]
[0.44666559]
[0.9566849]
[0.14243183]
[0.9986016]
[0.8098151]
[0.5858112]
[0.59696066]
[0.34863004]
[0.83824354]
[1.]
[0.7917896]
[0.9983912]
[0.8113258]
[0.9615297]
[0.92190456]
[0.0851945]
[0.99929833]
[0.26971105]
[0.9997676]
[0.04598444]
[0.03201293]
[0.9983896]
[0.964364]
[0.90536207]
[0.84182835]
[0.35767302]
[0.9675811]
[0.98564285]
[0.99258727]
[0.7555023]
[0.9924508]
[0.7580179]
[0.7031803]
[0.7737252]
[0.31074858]
[0.48102945]
[0.9974722]
[0.99893767]
[0.01431505]
[0.99608034]
[1.]
[0.00764553]
[0.6318293]
[0.13193436]
[0.42385107]
[0.9862434]
[0.78700423]
[0.60574734]
[0.9998511]
[0.15090716]
[1.]
[0.9799197]
[0.34246916]
[0.98467445]
[0.5946679]
[0.9747283]
[0.5179469]
[0.9918908]
[0.66006994]
[0.9046076]
[0.05656233]
[0.7063437]
[0.99817693]
[0.96535003]
[0.9944027]
[0.04283443]
[0.6299967]
[1.]
[0.71278995]
[0.99393046]
[0.46730912]
[0.07693791]
[0.03493515]
[0.9990681]
[0.73516834]
[0.9999901]
[0.4919054]
[0.9278468]
[0.9993795]
[0.98957473]
[0.9739527]
[0.57969224]
[0.0027151]
[0.00017688]
[0.7666205]
[0.01096371]
[0.6077677]
[0.86517394]
[0.9800591]
[0.0799818]
[0.99132514]
[0.8781685]
[0.9825517]
[0.82549375]
[0.50028795]
[0.87635905]
[0.08950897]
[0.15406302]
[0.85961705]
[0.19536261]
[0.9878036]
[0.99999714]
[0.9175397]
[0.67497444]
[0.99129677]
[0.9993411]
[0.14562188]
[0.09008104]
[0.99811435]
[0.9160191]
[0.15291984]
[0.9275734]
[0.99076945]
[0.26638752]
[0.95551753]
[0.8652071]
[0.13845685]
[0.26982382]
[0.18895632]
[0.96336216]
[0.9899941]
[0.99363023]
[0.16908209]
[0.6203617]
[0.9603028]
[0.99760395]
[0.9904643]
[0.10047245]
[1.]
[0.5914719]
[0.88098437]
[0.7656734]
[0.7518044]
[0.7357375]
[0.938461]
[0.97446454]
[0.99988174]
[0.9952264]
[0.3961465]
[0.6226027]
[0.8563679]
[0.68174726]
[0.25859058]
[0.9421243]
[0.9976261]
[0.5832514]
[0.45996028]
[0.98622036]
[0.99745244]
[0.26900882]
[0.9988341]
[0.999998]
[0.52602476]
[0.37684566]
[0.06110111]
[0.66421074]
[0.31163952]
[0.24947846]
[0.8789845]
[0.04981719]
[0.8853884]
[0.8851771]
[0.09270401]
[0.9680586]
[0.9331379]
[0.99949527]
[0.09283081]
[0.95818645]
[0.6157549]
[0.9885061]
[0.76986593]
[0.98005027]
[0.03614092]
[0.2947336]
[0.9842339]
[0.85754657]
[0.98841697]
[0.78539246]
[0.0344588]
[0.99926645]
[0.86267024]
[0.9777866]
[0.22921927]
[0.16239686]
[0.13823494]
[0.933086]
[0.2095116]
[0.9868515]
[0.99751925]
[0.4514643]
[0.9703504]
[0.488156]
[0.9129388]
[0.94950145]
[0.967005]
[0.11045967]
[0.9980623]
[0.1138951]
[1.]
[0.03627518]
[0.4802966]
[0.27467975]
[0.9900945]
[0.10245257]
[0.98330253]
[0.09189748]
[0.6794698]
[0.06342947]
[0.9823169]
[0.948217]
[0.8488226]
[0.5422164]
[0.8182641]
[0.996309]
[0.999529]
[0.45103514]
[0.99999976]
[0.29129112]
[0.9969824]
[0.0468515]
[0.14191452]
[0.6796727]
[0.8779177]
[0.12597792]
[0.01735836]
[0.98363656]
[0.9998505]
[0.40258017]
[0.98949194]
[0.04236396]
[1.]
[0.48056588]
[0.80084866]
[0.4653165]
[0.9133902]
[0.86221313]
[0.93577915]
[0.4527626]
[0.21710193]
[0.9895466]
[0.98824805]
[0.9999988]
[0.8283161]
[0.3105622]
[0.6559042]
[0.66215134]
[0.97745574]
[0.9889681]
[0.06064219]
[0.33558336]
[0.57245815]
[1.]
[0.7855857]
[0.8767366]
[0.14844076]
[0.14650792]
[0.53508025]
[0.08103606]
[0.06816399]
[0.5610086]
[0.31684166]
[0.5089464]
[0.05071099]
[0.69411373]
[0.5612837]
[0.8792847]
[0.7682566]
[0.84162825]
[0.572735]
[0.18759185]
[0.8065962]
[0.99622357]
[0.54713404]
[0.88577276]
[0.582159]
[0.21988833]
[0.23272881]
[0.51654476]
[0.8886443]
[0.18730326]
[1.]
[0.6198917]
[0.28294355]
[0.11845754]
[0.52868754]
[0.5714656]
[0.97749114]
[0.85132986]
[0.9246495]
[0.30918077]
[0.4993672]
[0.99496007]
[0.919881]
[0.98974025]
[0.09334109]
[0.47844943]
[1.]
[0.9988072]
[0.9304454]
[0.99705017]
[0.17538147]
[0.21412836]
[0.51283336]
[0.93956137]
[0.9939107]
[0.99333316]
[0.996855]
[0.33937714]
[0.7711576]
[0.8949228]
[0.41743046]
[0.9840757]
[0.71537805]
[0.99999356]
[0.33475804]
[0.9117557]
[0.7450538]
[0.97424275]
[0.82508045]
[0.9958358]
[0.954347]
[0.894459]
[0.9221827]
[0.06477381]
[0.8587636]
[0.7466941]
[0.04734432]
[0.21557473]
[0.998662]
[0.9974916]
[0.89263046]
[0.9975036]
[0.9813634]
[0.9576352]
[0.2675734]
[0.64125615]
[0.26298255]
[0.96232384]
[0.9930901]
[0.7866072]
[0.99999857]
[0.9834434]
[0.9447117]
[0.3810018]
[0.99058867]
[0.90434164]
[0.05701223]
[0.03379726]
[0.9914677]
[0.70704776]
[0.8941584]
[0.86384547]
[0.7605254]
[0.26411924]
[0.84697753]
[0.5086614]
[0.68895173]
[0.87076485]
[0.8700053]
[0.96639407]
[0.65816236]
[0.01515281]
[0.9194849]
[0.9164384]
[0.21050909]
[0.82902104]
[0.9462982]
[0.9922978]
[0.8770939]
[0.92864126]
[0.947202]
[0.53581893]
[0.25572106]
[0.8774207]
[1.]
[0.29052046]
[0.75969344]
[0.43258995]
[0.5240282]
[0.69385606]
[0.29935187]
[0.66201115]
[0.9999956]
[0.93198055]
[0.9973604]
[0.79882467]
[0.68002784]
[0.31655475]
[0.84037185]
[0.54916334]
[0.74292344]
[0.17069533]
[0.6189345]
[0.179222]
[0.9265218]
[0.51015115]
[0.9424733]
[0.81402475]
[0.9509161]
[0.9009423]
[0.00213472]
[0.9339556]
[0.9896945]
[0.9856338]
[0.91540605]
[0.625495]
[0.03874353]
[0.63610494]
[0.933684]
[0.9989042]
[0.9953052]
[0.35709947]
[0.01301973]
[0.01800066]
[0.86537343]
[0.6301668]
[0.3046416]
[0.4106919]
[0.9644517]
[0.19436988]
[0.94442356]
[0.23810978]
[0.10898109]
[0.19176501]
[0.70323837]
[0.8218905]
[0.93867385]
[0.4575248]
[0.7994978]
[0.9217499]
[0.8476917]
[0.98007834]
[0.66120714]
[0.92992973]
[0.84611726]
[0.28121218]
[0.02082482]
[0.2215875]
[0.21836954]
[0.4367814]
[0.49454337]
[0.46921363]
[0.64935833]
[0.9651055]
[0.9980718]
[0.9646081]
[0.94989896]
[0.27838275]
[0.5893916]
[0.02277175]
[0.00094858]
[0.11761956]
[0.75049204]
[0.8289139]
[0.8127282]
[0.1995479]
[0.9984865]
[0.81997466]
[0.09786537]
[0.8674854]
[0.8351698]
[0.06174696]
[0.34328154]
[0.89585316]
[0.28461254]
[0.9999517]
[0.8342483]
[0.04169007]
[0.9162629]
[0.95861214]
[0.1977249]
[0.9912253]
[0.86512417]
[0.12627186]
[0.57884175]
[0.96069753]
[0.9942655]
[0.856685]
[0.46005112]
[0.9583976]
[0.8569009]
[0.16363323]
[0.25523385]
[0.83531636]
[0.950239]
[0.9984359]
[0.9902884]
[0.87286764]
[0.51772404]
[0.50522405]
[0.9727621]
[0.9921703]
[0.2531652]
[0.5006003]
[0.05672043]
[0.1979497]
[0.946819]
[0.02689239]
[0.88955873]
[0.9509522]
[0.9923773]
[0.59716946]
[0.8589746]
[0.51169956]
[0.9850213]
[0.9978618]
[0.08687757]
[0.5996189]
[0.99869376]
[0.9232773]
[0.05766817]
[0.06854698]
[0.7447727]
[0.8959358]
[0.9648619]
[0.999982]
[0.7045166]
[0.14448363]
[0.7363685]
[0.19477735]
[0.15028563]
[0.8896234]
[0.18721326]
[0.8403587]
[0.78822255]
[0.7614654]
[0.98098123]
[0.14592017]
[0.02758092]
[0.511741]
[0.96123594]
[0.05809198]
[0.9994692]
[0.9813518]
[0.9977442]
[0.07604776]
[0.11056654]
[0.9812604]
[0.9037834]
[1.]
[0.9868766]
[0.99638844]
[0.99922526]
[0.8605298]
[0.98629946]
[0.93858427]
[0.9999552]
[0.46599334]
[0.947009]
[0.15607923]
[1.]
[0.00728577]
[0.57149875]
[0.00753869]
[0.44985455]
[0.07769942]
[0.817018]
[0.5376672]
[0.9330462]
[0.563574]
[0.9835871]
[0.32513642]
[0.9270616]
[0.05569205]
[0.9083289]
[0.7379555]
[0.99927133]
[0.7977126]
[0.75041854]
[0.3769113]
[0.8600823]
[0.9955877]
[0.7994921]
[0.9838308]
[0.8726073]
[0.07579402]
[0.04406219]
[0.9269208]
[0.02997421]
[0.98473245]
[0.4641885]
[0.690269]
[0.9082449]
[0.99325997]
[0.90757906]
[0.5345712]
[0.9969496]
[0.9989963]
[0.16873342]
[0.99252737]
[0.92268]
[0.98397684]
[0.99575907]
[0.943428]
[0.5323354]
[1.]
[0.09177741]
[1.]
[0.047516]
[0.08197508]
[0.99917644]
[0.9784655]
[0.91474813]