[1.]
[1.]
[0.9880405]
[1.]
[0.99987197]
[0.99999976]
[1.]
[0.99921036]
[1.]
[1.]
[0.9998161]
[1.]
[1.]
[1.]
[0.9999728]
[0.97560453]
[1.]
[1.]
[0.9829915]
[0.99927515]
[1.]
[1.]
[0.99999714]
[1.]
[0.99999976]
[1.]
[1.]
[0.95893914]
[0.7679049]
[1.]
[1.]
[1.]
[1.]
[1.]
[0.9750079]
[0.9999989]
[1.]
[1.]
[0.99905485]
[1.]
[1.]
[0.9995983]
[0.9673129]
[0.99999607]
[0.9999939]
[1.]
[1.]
[0.9998275]
[1.]
[1.]
[1.]
[1.]
[1.]
[0.00243602]
[1.]
[1.]
[1.]
[0.99992335]
[0.9985459]
[0.9999492]
[0.99999285]
[0.99940217]
[1.]
[0.96757555]
[1.]
[1.]
[0.9995983]
[1.]
[0.9948999]
[1.]
[0.9918177]
[1.]
[1.]
[1.]
[1.]
[0.99591666]
[0.96362025]
[0.99993956]
[1.]
[1.]
[1.]
[1.]
[1.]
[1.]
[1.]
[1.]
[1.]
[1.]
[1.]
[0.9999453]
[1.]
[1.]
[1.]
[0.9999939]
[1.]
[0.9999999]
[1.]
[1.]
[0.99999976]
[1.]
[0.99999976]
[0.93346465]
[1.]
[1.]
[0.99975735]
[0.9836617]
[1.]
[0.99975735]
[1.]
[0.9996711]
[1.]
[1.]
[0.9995136]
[1.]
[1.]
[1.]
[1.]
[1.]
[1.]
[0.9999938]
[0.99996626]
[0.9999995]
[1.]
[0.9710551]
[1.]
[1.]
[1.]
[0.9996499]
[1.]
[0.999997]
[1.]
[1.]
[0.99996114]
[1.]
[1.]
[1.]
[0.8877]
[1.]
[0.9644221]
[1.]
[1.]
[1.]
[0.99999535]
[0.99999964]
[0.99999726]
[0.99999964]
[0.99756193]
[1.]
[1.]
[1.]
[0.99931216]
[1.]
[0.99999774]
[0.99999547]
[1.]
[1.]
[1.]
[1.]
[0.8779956]
[0.895821]
[0.9473808]
[1.]
[1.]
[1.]
[1.]
[1.]
[1.]
[0.84946054]
[0.98950315]
[1.]
[0.9999956]
[1.]
[0.9007824]
[1.]
[0.9998173]
[0.99998426]
[1.]
[0.9999999]
[0.99992824]
[0.9005132]
[0.99948114]
[1.]
[0.9999964]
[0.99999976]
[0.9908428]
[1.]
[0.99255306]
[0.9799628]
[0.99892235]
[0.82400805]
[1.]
[0.9999999]
[1.]
[1.]
[0.99983203]
[1.]
[1.]
[1.]
[0.88267523]
[1.]
[1.]
[0.99931574]
[1.]
[1.]
[1.]
[0.9972907]
[0.9999702]
[1.]
[1.]
[1.]
[1.]
[0.9999968]
[0.9999225]
[1.]
[0.9876517]
[1.]
[0.99889934]
[0.9997627]
[0.9884177]
[1.]
[1.]
[1.]
[1.]
[0.99756193]
[1.]
[1.]
[1.]
[1.]
[0.9882747]
[0.9999968]
[0.9999993]
[1.]
[0.9999999]
[0.9896814]
[0.999905]
[1.]
[0.99947506]
[0.99998605]
[1.]
[0.9999957]
[1.]
[0.99996424]
[0.9987943]
[0.99999106]
[0.9999733]
[0.9972625]
[0.9896814]
[0.9999999]
[0.9995983]
[0.9999944]
[1.]
[1.]
[1.]
[0.99970585]
[1.]
[1.]
[0.9467399]
[1.]
[1.]
[1.]
[1.]
[0.9005132]
[0.99999976]
[0.9857223]
[0.9999999]
[1.]
[1.]
[0.99999654]
[0.99991834]
[0.9995003]
[0.99999213]
[1.]
[1.]
[1.]
[0.999997]
[0.9644221]
[1.]
[0.9912453]
[1.]
[1.]
[1.]
[0.99990475]
[1.]
[0.93976635]
[1.]
[1.]
[0.99755543]
[1.]
[0.9999434]
[1.]
[1.]
[0.9999975]
[1.]
[0.9999832]
[1.]
[1.]
[1.]
[0.9740847]
[1.]
[0.99873894]
[1.]
[1.]
[0.9999993]
[1.]
[0.9834976]
[1.]
[1.]
[0.96281326]
[1.]
[0.98448724]
[0.996974]
[0.88267523]
[1.]
[1.]
[0.9999957]
[1.]
[1.]
[0.999997]
[1.]
[1.]
[1.]
[1.]
[1.]
[0.99940217]
[0.99983203]
[0.99999964]
[0.99306303]
[0.9990109]
[1.]
[0.9990947]
[1.]
[1.]
[1.]
[1.]
[1.]
[1.]
[1.]
[1.]
[1.]
[1.]
[0.99998856]
[1.]
[1.]
[1.]
[1.]
[1.]
[0.98817176]
[0.9986349]
[1.]
[1.]
[1.]
[1.]
[1.]
[0.99996567]
[1.]
[0.99756193]
[1.]
[0.9999212]
[1.]
[0.9999957]
[0.99999964]
[1.]
[0.99980897]
[0.99999404]
[0.99998534]
[1.]
[1.]
[0.99871576]
[1.]
[1.]
[1.]
[0.9999732]
[1.]
[0.99978894]
[1.]
[1.]
[0.99814355]
[0.99986446]
[0.9737055]
[0.99999833]
[1.]
[0.9990096]
[1.]
[0.9999654]
[0.9856397]
[0.9999999]
[0.9999976]
[0.99986315]
[1.]
[0.99254155]
[0.9999995]
[1.]
[0.99999845]
[1.]
[1.]
[1.]
[0.9999999]
[1.]
[1.]
[0.9999988]
[1.]
[1.]
[0.9999049]
[1.]
[1.]
[1.]
[1.]
[1.]
[1.]
[1.]
[0.999605]
[1.]
[1.]
[1.]
[0.9997656]
[1.]
[0.99999607]
[1.]
[1.]
[1.]
[1.]
[0.9644221]
[0.93346465]
[0.9278478]
[1.]
[0.97919774]
[1.]
[0.9999995]
[1.]
[0.999931]
[0.9999651]
[1.]
[0.99999285]
[1.]
[0.99992824]
[1.]
[1.]
[1.]
[0.99999595]
[0.9999043]
[1.]
[1.]
[0.99871576]
[1.]
[1.]
[0.99876654]
[0.99853027]
[0.9999763]
[0.99999964]
[0.99999976]
[0.9999999]
[0.99987197]
[1.]
[1.]
[1.]
[0.9999994]
[1.]
[1.]
[1.]
[1.]
[0.00012784]
[1.]
[0.9999876]
[1.]
[1.]
[1.]
[0.99984825]
[1.]
[1.]
[1.]
[1.]
[0.99996567]
[0.9999993]
[0.6310356]
[0.99990284]
[0.99998415]
[0.9984157]
[1.]
[0.99755543]
[1.]
[1.]
[1.]
[1.]
[1.]
[1.]
[1.]
[0.99999356]
[0.99935704]
[0.9999566]
[1.]
[1.]
[0.9999982]
[0.9999999]
[0.99999964]
[0.9992194]
[0.99999976]
[1.]
[1.]
[0.99999917]
[0.9999999]
[1.]
[0.9999999]
[1.]
[1.]
[0.99998593]
[1.]
[1.]
[0.99996626]
[1.]
[1.]
[1.]
[1.]
[0.99999833]
[0.9995316]
[1.]
[1.]
[1.]
[1.]
[0.99992824]
[1.]
[1.]
[1.]
[1.]
[0.9999975]
[1.]
[0.9999999]
[0.99969625]
[0.93611395]
[0.9991103]
[1.]
[1.]
[0.97104275]
[0.9972831]
[1.]
[1.]
[1.]
[1.]
[0.9997814]
[1.]
[1.]
[1.]
[0.9999976]
[1.]
[0.99999654]
[1.]
[1.]
[0.9999889]
[0.9999968]
[0.9998653]
[0.99999976]
[0.9814238]
[0.98950315]
[1.]
[1.]
[0.99999976]
[0.99999595]
[0.9999347]
[0.9999981]
[1.]
[0.999997]
[1.]
[0.9896062]
[0.9948999]
[0.9999993]
[1.]
[1.]
[0.99992085]
[0.9998939]
[0.9974038]
[1.]
[1.]
[1.]
[0.99999976]
[1.]
[1.]
[0.99783236]
[1.]
[1.]
[1.]
[1.]
[1.]
[1.]
[0.99999547]
[1.]
[1.]
[1.]
[1.]
[1.]
[0.99942017]
[1.]
[1.]
[1.]
[1.]
[1.]
[1.]
[1.]
[0.9740847]
[1.]
[1.]
[1.]
[1.]
[1.]
[1.]
[1.]
[1.]
[1.]
[0.9870055]
[1.]
[0.99999774]
[1.]
[0.9999989]
[1.]
[1.]
[0.9990096]
[1.]
[0.9740847]
[0.9005132]
[0.9996499]
[0.9913497]
[0.9999988]
[0.99837434]
[1.]
[1.]
[1.]
[0.9983367]
[1.]
[0.98448724]
[0.99971014]
[0.9972625]
[1.]
[0.9999976]
[0.9982926]
[1.]
[0.978558]
[1.]
[1.]
[0.9987702]
[1.]
[1.]
[1.]
[1.]
[1.]
[1.]
[0.99994946]
[0.9937915]
[1.]
[1.]
[1.]
[0.9973646]
[0.9995958]
[1.]
[1.]
[0.9995608]
[1.]
[0.6310356]
[1.]
[1.]
[1.]
[0.9999999]
[1.]
[1.]
[0.996436]
[0.97104275]
[1.]
[0.99999833]
[1.]
[1.]
[0.9998605]
[0.9954775]
[0.98780835]
[0.9999999]
[1.]
[0.9998288]
[0.98448724]
[1.]
[1.]
[0.9999968]
[1.]
[1.]
[1.]
[1.]
[0.99998164]
[0.99947506]
[0.96757555]
[1.]
[1.]
[1.]
[0.9980064]
[0.99999666]
[1.]
[0.9999993]
[1.]
[1.]
[1.]
[1.]
[1.]
[0.9999783]
[0.99853027]
[0.994572]
[0.9999801]
[0.99980897]
[1.]
[0.99999106]
[0.9969261]
[1.]
[0.9999968]
[0.9999212]
[1.]
[0.9994797]
[0.99999976]
[1.]
[1.]
[1.]
[0.75092304]
[0.99996436]
[1.]
[0.84243435]
[0.9993648]
[0.9999416]
[0.9007824]
[1.]
[0.99969435]
[1.]
[0.999905]
[0.9999999]
[1.]
[1.]
[1.]
[1.]
[1.]
[1.]
[0.99999213]
[1.]
[1.]
[1.]
[0.99999726]
[0.9986349]
[1.]
[0.8877]
[1.]
[0.99995553]
[0.9913497]
[1.]
[1.]
[1.]
[1.]
[1.]
[1.]
[0.99999976]
[1.]
[0.9807992]
[1.]
[1.]
[1.]
[1.]
[1.]
[0.9998542]
[0.9899518]
[1.]
[1.]
[0.9807992]
[0.9999994]
[1.]
[0.9999708]
[1.]
[1.]
[1.]