[0.99935824]
[0.99852645]
[0.9999964]
[0.95496845]
[0.9999995]
[0.99936765]
[0.9859638]
[0.9866171]
[0.9999995]
[0.9996791]
[0.9999989]
[0.9998466]
[0.9999244]
[0.23278423]
[0.99897337]
[0.75732327]
[0.77674836]
[0.9999802]
[0.9999981]
[0.99999964]
[0.9999975]
[0.9913141]
[0.99991167]
[1.]
[0.9999887]
[1.]
[0.87129754]
[0.9975903]
[0.9779733]
[0.99997973]
[0.9999207]
[0.62818515]
[0.9999665]
[0.9999938]
[0.999998]
[0.9999099]
[0.9985002]
[0.9999665]
[0.99977523]
[1.]
[0.999938]
[0.9997445]
[0.984977]
[0.9999869]
[0.5385858]
[0.99982446]
[0.9950237]
[0.9999665]
[0.99999857]
[1.]
[0.9999969]
[1.]
[0.99514055]
[0.99955183]
[0.07127431]
[0.74120015]
[0.60488147]
[0.9989687]
[0.99987984]
[0.99997187]
[0.99865806]
[0.7382961]
[0.9999999]
[0.9999093]
[0.98669076]
[0.8046446]
[0.9955106]
[0.99981076]
[0.9999995]
[0.9961591]
[1.]
[0.9993759]
[0.8296067]
[1.]
[0.6461422]
[0.87821215]
[0.43493]
[0.9999845]
[0.9987381]
[0.9979553]
[0.3107661]
[0.9992118]
[0.99999774]
[0.9997807]
[0.99710876]
[0.9868249]
[0.99936646]
[0.99990463]
[0.9999547]
[0.9973654]
[0.9739257]
[0.999785]
[0.9997546]
[0.9945562]
[0.99995923]
[0.9999999]
[0.9986565]
[0.9900832]
[0.99988914]
[0.9999281]
[0.9999989]
[0.99566674]
[0.99994504]
[0.23278423]
[0.9915455]
[0.99999166]
[0.9999999]
[0.99865085]
[0.9998845]
[1.]
[1.]
[0.9981567]
[0.99960274]
[0.9999044]
[0.99999976]
[0.99877256]
[0.9844173]
[0.9999931]
[0.998628]
[0.9932279]
[1.]
[0.8891535]
[0.9992118]
[0.99985516]
[0.9997762]
[0.8840403]
[0.98759544]
[0.9871759]
[0.9999527]
[0.995462]
[0.4949245]
[0.9999478]
[0.9975253]
[0.97808677]
[0.99994373]
[0.9980854]
[0.99999285]
[1.]
[1.]
[0.99979]
[0.9983683]
[0.9997445]
[0.99999857]
[0.9987943]
[0.9998172]
[1.]
[0.75732327]
[0.97141683]
[0.47783872]
[0.9991228]
[0.99927825]
[0.93236446]
[0.99991417]
[0.99936944]
[0.99649006]
[0.9999218]
[0.99921465]
[0.99994636]
[1.]
[0.632898]
[0.9999721]
[0.9931068]
[0.9563341]
[0.9990595]
[0.99999714]
[0.9999316]
[0.21025819]
[0.9976694]
[0.97086877]
[0.9159223]
[0.9998716]
[0.99996734]
[0.23876147]
[0.99788755]
[0.9979304]
[0.9999658]
[0.99709487]
[0.14298047]
[0.99999154]
[0.9995975]
[0.99997854]
[0.9996606]
[0.9999999]
[1.]
[0.99571097]
[0.9999244]
[0.9999957]
[0.99957615]
[0.9965467]
[0.7304077]
[0.43505678]
[0.98777837]
[1.]
[0.99999785]
[0.97338676]
[0.99996674]
[0.9999939]
[0.9999993]
[0.9980107]
[0.99995315]
[1.]
[0.9999372]
[0.97095156]
[0.9990815]
[1.]
[0.63200074]
[0.99994504]
[0.99038637]
[0.9988158]
[0.9988158]
[0.9981212]
[0.99998724]
[0.9997718]
[0.99961793]
[0.87348294]
[0.99307245]
[1.]
[0.989794]
[0.99985063]
[0.9999664]
[0.9998889]
[0.99950695]
[0.31534967]
[1.]
[0.75597304]
[0.9965486]
[0.99999726]
[0.99985695]
[0.9953424]
[0.999501]
[0.9999708]
[0.99994504]
[0.9999863]
[0.9738666]
[0.97716296]
[0.9999727]
[0.99995744]
[0.99224234]
[0.9999721]
[0.9985002]
[0.9993759]
[0.9999933]
[0.94430566]
[0.9999411]
[0.9998337]
[0.976117]
[0.73551047]
[0.9999887]
[0.97606546]
[0.14298047]
[0.23278423]
[0.99990594]
[0.9999151]
[0.87809706]
[0.99999905]
[0.84916747]
[0.99998105]
[0.9876017]
[0.9999225]
[0.99999154]
[0.9901889]
[0.9688402]
[0.99990463]
[0.99906915]
[0.99989283]
[0.97087145]
[0.99982697]
[0.9999925]
[0.99986696]
[0.9949509]
[0.99999845]
[0.9978732]
[0.99989367]
[0.9999374]
[0.99998796]
[0.9999999]
[0.9999994]
[0.72043604]
[0.9999777]
[0.9986847]
[0.99720216]
[0.99537814]
[0.9998698]
[0.07664219]
[0.99998057]
[0.9999759]
[0.9924665]
[0.999959]
[0.99992216]
[0.99987173]
[0.99224234]
[0.9999999]
[0.9999993]
[0.9998472]
[0.9997793]
[0.9866171]
[0.9999988]
[0.03586648]
[0.9999527]
[0.99793136]
[0.99965394]
[0.8296067]
[0.23278423]
[0.9999974]
[0.9932595]
[0.99998844]
[0.73551047]
[0.9999999]
[1.]
[0.9999999]
[0.9999516]
[0.9979322]
[1.]
[0.865269]
[1.]
[0.99995816]
[0.9999654]
[0.9999993]
[0.99999535]
[0.99857247]
[0.976117]
[0.9963844]
[0.9127424]
[0.9579233]
[0.9999665]
[0.99676514]
[0.99825746]
[0.9999932]
[0.99719965]
[0.9999869]
[0.9998357]
[0.99994135]
[0.84249973]
[0.98362523]
[0.99944454]
[0.99993503]
[0.9999995]
[0.99999225]
[0.9021573]
[0.7252583]
[0.99992716]
[0.9935901]
[0.99566674]
[0.5196102]
[0.99935824]
[1.]
[0.9987122]
[0.9999987]
[0.9999951]
[0.9999602]
[0.99997854]
[0.98000675]
[0.91608685]
[1.]
[0.9999201]
[0.73542994]
[0.9999995]
[0.99698985]
[0.94941044]
[0.9999776]
[0.98579687]
[0.9999976]
[0.9999665]
[0.99999833]
[0.07127431]
[0.99999964]
[0.98178]
[0.9999044]
[0.9999478]
[0.7304077]
[0.86108834]
[0.9999759]
[1.]
[0.9868167]
[0.99875104]
[0.03628641]
[0.9962281]
[0.99990344]
[0.9037241]
[0.9999999]
[0.9999981]
[0.6231507]
[0.7521462]
[0.17992732]
[0.9999982]
[0.9999963]
[0.9993759]
[0.9931068]
[0.9999958]
[0.99307245]
[0.99999225]
[0.9888992]
[0.9999347]
[0.99999857]
[0.99877566]
[0.99999166]
[0.9998715]
[0.99999356]
[0.9981567]
[0.99447626]
[0.99984634]
[0.9998963]
[0.9990606]
[0.08061932]
[0.9618721]
[0.999931]
[0.9999093]
[0.9063728]
[0.999997]
[0.99994373]
[0.9999814]
[1.]
[0.9986847]
[0.99940383]
[0.9998385]
[0.9998073]
[0.998988]
[0.9999999]
[0.9618721]
[0.8335047]
[0.62524694]
[0.99860185]
[0.9985611]
[0.97095156]
[0.984977]
[0.99999166]
[0.97808677]
[0.7740163]
[0.99872977]
[0.9997546]
[1.]
[0.99973553]
[1.]
[0.03465446]
[0.99992716]
[0.9021573]
[0.9976228]
[1.]
[0.9955721]
[0.9999658]
[0.9999963]
[0.999992]
[0.9753568]
[0.99999523]
[0.9999654]
[0.9998318]
[0.9996238]
[0.99999905]
[0.9999939]
[0.9998716]
[0.9999647]
[0.9909223]
[1.]
[0.99988604]
[0.9866519]
[0.98400754]
[0.9858461]
[0.99997926]
[0.28293052]
[0.69987667]
[0.9967019]
[0.99571097]
[0.7718224]
[0.999501]
[0.99999845]
[0.9986517]
[0.99998724]
[0.99410725]
[0.98757756]
[0.9984017]
[0.3413982]
[0.99957615]
[0.84191376]
[0.9563119]
[0.99999285]
[0.9999225]
[1.]
[0.9996197]
[0.99538875]
[1.]
[0.9997367]
[0.99999905]
[0.9983588]
[0.9557283]
[0.57888114]
[1.]
[0.99996316]
[0.9999845]
[0.93778574]
[0.9942297]
[0.03133449]
[0.99999845]
[0.07664219]
[0.98541576]
[0.99652135]
[0.9986683]
[0.99999285]
[0.9969668]
[0.99613416]
[1.]
[0.85138243]
[0.99998105]
[0.9981298]
[0.99812526]
[0.46776232]
[0.99998045]
[0.99393696]
[0.999356]
[0.9923534]
[0.9999453]
[0.99996865]
[0.9991272]
[0.9999585]
[1.]
[0.99401855]
[0.9983588]
[0.9999981]
[0.99996865]
[0.9065873]
[0.9999995]
[0.99999785]
[0.9846401]
[0.87821215]
[0.9915455]
[0.9982988]
[0.99724233]
[0.9879609]
[0.99986744]
[0.9999411]
[0.9997546]
[0.99982697]
[0.99992335]
[0.9997292]
[0.991245]
[0.9973654]
[0.9958972]
[0.94234604]
[0.9971468]
[0.99999714]
[0.19527791]
[0.97549874]
[0.23278423]
[0.9999999]
[0.99995744]
[0.99976164]
[0.99999857]
[0.99998844]
[0.9969579]
[0.9999664]
[0.9999988]
[0.9999987]
[0.56669533]
[0.9994543]
[0.99997926]
[0.9629614]
[0.99617213]
[0.9931068]
[0.999995]
[0.99865806]
[0.77674836]
[0.98412144]
[0.99998057]
[0.99796164]
[0.99998677]
[0.99990594]
[0.99999285]
[0.9999976]
[0.98941046]
[0.9656001]
[0.9994516]
[0.9021573]
[0.9997392]
[0.99994564]
[0.99999964]
[0.8060191]
[0.99973553]
[0.8178681]
[0.99995744]
[0.9999733]
[0.9962614]
[0.6461422]
[0.9980708]
[0.99569905]
[0.99576294]
[0.99996734]
[0.97808677]
[1.]
[0.999869]
[1.]
[0.9999796]
[0.9853184]
[0.9866519]
[0.9988004]
[0.999894]
[0.99990463]
[1.]
[0.999785]
[0.9996606]
[0.99973863]
[0.99933857]
[0.999582]
[0.99883074]
[0.99995816]
[0.99865806]
[0.99999976]
[0.9990815]
[0.99205583]
[0.98911536]
[0.9997292]
[0.9618721]
[0.9999995]
[0.7498841]
[0.99999976]
[0.999995]
[0.9999224]
[0.9999932]
[0.9999654]
[0.99996316]
[0.9998716]
[1.]
[0.99999225]
[0.9999298]
[0.3368205]
[0.9986274]
[0.76192164]
[0.9861196]
[0.9999995]
[0.99986315]
[0.9932279]
[0.9999734]
[0.99998724]
[0.9993761]
[0.98874366]
[0.8891535]
[1.]
[0.9999678]
[0.03990408]
[0.9858461]
[0.85138243]
[0.9236064]
[0.9996798]
[0.9999976]
[0.9841064]
[1.]
[0.99994564]
[0.999998]
[0.99999845]
[0.99875104]
[1.]
[0.99998486]
[0.9892812]
[0.9946597]
[0.84420377]
[0.999356]
[0.9999863]
[0.99995923]
[0.62818515]
[1.]
[0.9999349]
[0.9272809]
[0.8172941]
[0.9868249]
[0.9999964]
[0.08155054]
[0.99998546]
[0.99974877]
[0.9999547]
[0.9999008]
[0.9999858]
[0.9984401]
[0.99894077]
[0.9997367]
[0.9971468]
[0.97765493]
[1.]
[0.9918961]
[0.9991522]
[0.9991228]
[0.06808833]
[0.999998]
[0.9998349]
[0.9740916]
[0.9998149]
[0.9980708]
[0.99987984]
[0.996029]
[0.99981827]
[0.9999869]
[0.9964386]
[0.99985063]
[0.9999403]
[0.9950237]
[0.99999607]
[0.76192164]
[0.998845]
[0.9936481]
[0.97907156]
[0.98362523]
[0.99715924]
[0.99982125]
[0.99998677]
[0.9999733]
[0.9927158]
[1.]
[0.9999975]
[0.99905974]
[0.97966]
[0.99999714]
[0.9793209]
[0.9999975]
[0.9997633]
[0.01388729]
[0.99720216]
[0.999212]
[0.9998745]
[0.8561064]
[0.99997854]
[0.9984871]
[0.9999244]
[0.99999166]
[0.9993222]
[0.99709487]
[0.93676347]
[0.9999733]
[0.9997484]
[0.76108307]
[0.9994265]
[0.9950388]
[0.99977094]
[0.9975253]
[0.9999976]
[0.02573537]
[0.4949245]
[0.9815755]
[0.9991829]
[0.9999974]
[0.9876124]
[0.98579687]
[0.9986902]
[0.99885976]
[0.999979]
[0.9065873]
[0.99985695]
[0.9989478]
[0.99999833]
[0.9999969]
[0.17012288]
[0.9851553]
[0.98000675]
[0.97410065]
[0.9999976]
[0.9999405]
[0.07664219]
[1.]
[1.]
[0.995178]
[0.9999993]
[0.8818478]
[0.90589213]
[0.9978794]
[0.9980107]
[0.99676514]
[0.9988343]
[0.9999969]
[0.76108307]
[0.9996791]
[0.9953424]
[0.99999857]
[0.99999344]
[0.9990416]
[0.9958556]
[0.9999958]
[0.9993042]
[0.99936765]
[0.9999964]
[0.6231507]
[0.95496845]
[0.02475101]
[0.99995553]
[0.9999932]
[0.9998828]
[0.9936552]
[0.998988]
[0.96166945]
[0.9999932]
[0.79310614]
[0.99982446]
[0.9793209]
[0.99979]
[0.9998598]
[0.29924068]
[0.61228275]
[0.80728775]
[0.9999721]
[0.98715055]
[0.80544645]
[0.9999994]
[0.9999999]
[0.99954456]
[0.9348263]
[0.9998957]
[0.99989283]
[0.99901676]
[0.7740163]
[0.9974942]
[0.9878313]
[1.]
[0.99996376]
[0.9997018]
[0.8422804]
[0.99969244]
[0.9999988]
[0.99979824]
[0.99994636]
[0.99997807]
[0.9999963]
[0.9999937]
[0.999998]
[0.8561064]
[0.99963224]
[0.98874366]
[0.9778495]
[0.99623823]
[0.99652135]
[1.]
[0.99997306]
[0.9986517]
[0.99969244]
[0.99999607]
[1.]
[0.99857855]
[0.9519772]
[0.9994698]
[1.]
[0.94430566]
[0.15740134]
[0.9999616]
[0.9995914]
[0.9999814]
[1.]
[1.]
[0.9918296]
[0.9983683]
[0.20913355]
[0.9987717]
[0.9675245]
[0.94464946]
[0.98747987]
[0.99990594]
[0.9762646]
[0.99597627]
[0.9998715]
[0.99999714]
[0.99997926]
[0.99986184]
[1.]
[1.]
[0.9986847]
[0.99437684]
[0.9999931]
[0.917099]
[0.99852645]
[0.99999225]
[0.9997718]
[0.99998796]
[0.6831966]
[0.99771154]
[0.9663627]
[0.9889398]
[0.9999423]
[1.]
[0.9998828]
[0.9999999]
[0.999501]
[0.41832203]
[0.17992732]
[0.999936]
[0.96148825]
[0.9999949]
[0.99996924]
[0.999997]
[0.99901676]
[0.8146107]
[0.99997926]
[0.3413982]
[0.9868249]
[0.8516181]
[0.99994075]
[0.99999535]
[0.99999106]
[0.99995947]
[0.43646917]
[0.99974877]
[0.21025819]
[0.6944215]
[0.5729407]
[0.99998784]
[0.9916216]
[0.967863]
[0.9999981]
[0.9999206]
[1.]
[0.9456914]
[1.]
[0.8296067]
[0.47342482]
[0.99997973]
[0.999954]
[0.99938905]
[0.99999607]
[0.8561064]
[0.9999423]
[0.9987122]
[0.99986744]
[0.99889636]
[0.9994265]
[0.8580314]
[0.07174697]
[0.9999981]
[0.98178]
[0.9998598]
[1.]
[0.99987173]
[0.9861196]
[0.908033]
[0.9999969]
[0.9329076]
[0.999998]
[0.9991522]
[0.99995553]
[0.99860185]
[0.6993317]
[0.9999925]
[0.9999999]
[0.9956742]
[1.]
[0.99093354]
[0.9999974]
[0.999997]
[0.989794]
[0.9877325]
[0.9999516]
[0.9995993]
[0.9999]
[1.]
[0.99901843]
[0.2864345]
[0.99623823]
[1.]
[0.99625623]
[0.9975253]
[0.99883074]
[0.9999887]
[1.]
[0.9688402]
[0.9618721]
[0.99997115]
[0.9214883]
[0.9938613]
[0.99999857]
[0.99393696]
[0.9999008]
[0.9996729]
[0.99569905]
[0.9996395]
[0.9999708]
[0.9999999]
[1.]
[0.9999958]
[0.9997551]
[0.9979322]
[0.9999913]
[0.9963665]
[0.83422554]
[0.8818478]
[0.99999774]
[0.9999844]
[1.]
[0.99860185]
[0.9999044]
[0.99998677]
[0.99825746]
[0.9494154]
[0.99979]
[0.99999976]
[0.9997483]
[1.]
[0.9858285]
[0.9997807]
[0.99842215]
[1.]
[0.99997556]
[0.99992335]
[0.999998]
[0.9999995]
[0.9989367]
[0.9999405]
[0.9808539]
[0.99378574]
[0.9995584]
[0.9989095]
[0.8840403]
[0.9999844]
[0.9999435]
[0.99996924]
[0.9999993]
[0.9998741]
[0.99268615]
[0.7304077]
[0.63200074]
[0.71529293]
[0.9999547]
[0.9999995]
[0.99992657]
[0.999894]
[0.999936]
[0.9999316]
[0.99898356]
[0.9990595]
[0.99993205]
[0.9999949]
[0.08061932]
[0.99993324]
[0.99729794]
[0.9926051]
[1.]
[0.9851553]
[0.99995995]
[0.9987198]
[0.99613416]
[0.9871759]
[0.99999976]
[1.]
[0.9995403]
[0.21448857]
[0.99971277]
[0.99954456]
[0.99997973]
[0.9999418]
[0.99997807]
[0.99785405]
[0.9762646]
[0.99052244]
[0.97389585]
[0.9999784]
[0.9973654]
[0.9999572]
[0.9999585]
[0.9656686]
[0.9999975]
[0.9739257]
[0.9999976]
[0.99652135]
[0.99996364]
[0.9998179]
[0.97876793]
[0.925083]
[0.976117]
[0.96341264]
[0.9999906]
[0.9999733]
[0.84191376]
[0.8953331]
[0.98785573]
[0.94253534]
[0.99985063]
[0.9999999]
[0.99999774]
[0.9938613]
[0.9999125]
[0.9999994]
[0.81179357]
[0.9999994]
[1.]
[0.9812408]
[1.]
[0.3222465]
[0.97716296]
[0.99992406]
[0.93236446]
[0.9373952]
[0.9999914]
[0.9882211]
[0.89079946]
[0.97086877]
[0.9999995]
[0.9995498]
[0.99999106]
[0.999887]
[0.9989095]
[0.99971205]
[0.9154597]
[0.99999714]
[0.87129754]
[0.9969579]
[0.99897337]
[0.97410065]
[0.99990463]
[0.98669076]
[0.9999238]
[0.99985075]
[0.9999963]
[0.99785346]
[0.99933857]
[0.34367362]
[0.97086877]
[0.99960357]
[0.999998]
[0.9935435]
[0.99210113]
[0.99877256]
[0.9999949]
[0.98706764]
[0.9994698]
[0.9999093]
[0.99991965]
[0.9989095]
[0.9999858]
[0.9973494]
[0.99999964]
[0.98888177]
[0.99992335]
[0.99999917]
[0.9440809]
[0.99898356]
[0.23100275]
[0.9973654]
[0.999959]
[0.99081826]
[0.9999008]
[0.9999901]
[0.99987876]
[1.]
[0.9999999]
[0.99907124]
[0.9999399]
[1.]
[0.99999845]
[1.]
[0.9999988]
[0.9999933]
[0.99907124]
[0.9994814]
[1.]
[0.99485767]
[0.9739257]
[0.9999931]
[0.9999944]
[0.17349556]
[0.99940383]
[0.99935955]
[0.9989317]
[0.9694986]
[0.9995975]
[0.94722646]
[0.7382961]
[0.43505678]
[0.9965486]
[0.9946557]
[0.99613416]
[0.9994814]
[0.999995]
[0.99976164]
[0.9348263]
[0.9999665]
[0.999819]
[0.99999833]
[0.9996178]
[0.9999602]
[0.99966156]
[0.9920706]
[0.99999845]
[0.9999901]
[0.99999225]
[0.05951736]
[0.9272809]
[1.]
[1.]
[0.999785]
[1.]
[0.9999794]
[0.9999988]
[0.99576294]
[0.97716296]
[0.99999726]
[1.]
[0.75597304]
[0.9804928]
[0.9999988]
[0.8620647]
[0.99992335]
[0.99796605]
[0.99985695]
[0.73551047]
[0.9948448]
[0.6202343]
[0.31534967]
[0.99997807]
[0.8046446]
[0.9964386]
[0.9988656]
[0.9996675]
[0.9973654]
[0.9740916]
[0.9999224]
[0.99812526]
[0.9999969]
[1.]
[0.99935824]
[0.9999151]
[0.9984017]
[0.13580562]
[0.9999403]
[0.9995881]
[0.9999999]
[0.9810199]
[0.99945]
[0.99979454]
[0.99999976]
[0.9890822]
[0.9648533]
[0.9998884]
[0.9999969]
[0.99999726]
[1.]
[0.9962614]
[0.99999535]
[0.3560116]
[0.99999917]
[0.96693504]
[0.9993042]
[0.99898356]
[0.9999647]
[0.9993735]
[0.99796164]
[0.9890822]
[0.8481976]
[0.9947148]
[0.9656686]
[0.99224234]
[0.027245]
[0.944068]
[0.99999964]
[0.999925]
[0.9999975]
[0.99999464]
[0.9999995]
[0.9876017]
[0.99805033]
[0.8514434]
[0.99999607]
[0.99999785]
[0.9998963]
[0.9999161]
[0.9996118]
[0.07174697]
[0.999997]
[0.9999988]
[0.9979304]
[0.9986193]
[0.9190356]
[0.9982988]
[0.99999964]
[0.99894077]
[0.9956742]
[0.9910615]
[0.99999726]
[0.9932279]
[0.949721]
[0.99993885]
[0.9992361]
[0.99999976]
[0.0127584]
[0.99678516]
[0.9999895]
[0.9999783]
[0.99827874]
[0.976117]
[0.99958247]
[0.99820375]
[0.99999976]
[0.94234604]
[0.9999999]
[0.9999044]
[0.99997187]
[0.85138243]
[0.9190356]
[0.9999255]
[0.9997787]
[0.9989359]
[0.9998337]
[0.99793136]
[0.99998045]
[0.99999106]
[0.99649006]
[0.97087145]
[0.999997]
[0.9999988]
[0.9997899]
[0.99983454]
[0.98089117]
[0.9962942]
[1.]
[0.9991522]
[0.99998844]
[1.]
[0.99437684]
[0.9994814]
[0.9939314]
[0.9949486]
[0.81179357]
[0.99096876]
[0.9999989]
[0.84249973]
[0.9998932]
[0.999998]
[0.9866171]
[0.60488147]
[0.99170977]
[0.99980384]
[0.99995434]
[0.99127907]
[0.9932974]
[0.9999733]
[0.9995498]
[0.99999726]
[0.999887]
[0.9978352]
[0.96036494]
[0.9272809]
[0.9999989]
[0.99990594]
[0.2684948]
[0.99995744]
[0.9999914]
[0.9858461]
[0.99155176]
[0.99774134]
[0.999984]
[0.999936]
[0.23278423]
[0.999931]
[0.9810199]
[0.999985]
[0.28799757]
[0.99665797]
[0.99977523]
[0.99991965]
[0.99980384]
[0.99999607]
[0.9999989]
[1.]
[0.99999404]
[0.9999751]
[0.9999887]
[0.9996681]
[0.99987376]
[0.99963224]
[1.]
[0.9999975]
[0.9823298]
[0.9999647]
[0.9963665]
[0.04999594]
[0.9995209]
[0.99997985]
[0.874105]
[0.9975278]
[0.99921465]
[0.99999774]
[0.9977738]
[0.9995517]
[0.9999411]
[0.9955959]
[0.9999989]
[0.7992449]
[0.99736017]
[0.99986696]
[0.9935435]
[0.9999721]
[0.99999964]
[0.9999405]
[0.9999435]
[0.4571215]
[1.]
[0.999887]
[0.9995813]
[0.43646917]
[0.9999405]
[0.9999225]
[0.99998295]
[0.99837023]
[0.9996675]
[0.05951736]
[0.97389585]
[0.8840403]
[0.9995216]
[0.9994698]
[0.99698985]
[0.9998648]
[0.9982988]
[0.9998598]
[0.8060191]
[0.9939314]
[0.99127907]
[0.99999726]
[0.99992335]
[0.917099]
[0.9990971]
[0.8296067]
[0.21448857]
[0.99904317]
[0.6850138]
[0.99999714]
[0.9999316]
[0.9962281]
[0.99996734]
[0.9410526]
[0.9999572]
[0.999936]
[0.9873146]
[0.9991228]
[0.9738666]
[0.9127424]
[0.9999733]
[0.9901391]
[0.9999951]
[0.9961434]
[1.]
[0.9999733]
[0.9967547]
[0.71762997]
[1.]
[0.994676]
[0.96441823]
[0.80544645]
[0.99999845]
[0.9936552]
[0.9865795]
[0.9996784]
[0.99999535]
[1.]
[0.9456914]
[0.99999106]
[0.9999933]
[0.9986847]
[1.]
[0.22973727]
[0.9986193]
[0.08155054]
[0.99676514]
[0.949721]
[0.9998995]
[0.99995685]
[0.99987984]
[0.99998844]
[0.99991465]
[0.9858285]
[0.9999423]
[0.9998648]
[0.99914443]
[0.9985002]
[0.9999989]
[0.04999594]
[0.9999932]
[0.9097471]
[0.99999976]
[0.9683962]
[0.9998716]
[0.99982786]
[0.99729973]
[1.]
[0.9999993]
[0.99999344]
[0.99096876]
[0.9629614]
[0.9949509]
[0.99490523]
[0.82693994]
[1.]
[0.99999666]
[0.999681]
[0.999954]
[0.994676]
[0.99724233]
[1.]
[1.]
[0.29471537]
[0.9991874]
[0.9738666]
[0.9956742]
[0.9999995]
[0.9999957]
[0.98632807]
[0.01388729]
[0.9999224]
[0.9999994]
[0.9982988]
[0.9955959]
[0.999954]
[0.9999982]
[0.99995685]
[0.99995947]
[0.874105]
[0.99538875]
[0.9999777]
[1.]
[0.99942195]
[0.48712754]
[0.99999607]
[0.9557283]
[0.6850138]
[0.9214883]
[0.99613416]
[0.9868167]
[0.9997793]
[0.9962614]
[1.]
[0.99720216]
[0.9989687]
[0.9999995]
[0.999813]
[0.6231507]
[0.9997377]
[0.9141263]
[0.9999044]
[0.8517641]
[0.99951315]
[0.99793136]
[0.9996197]
[0.9999976]
[0.944068]
[0.9998716]
[0.9994265]
[0.31534967]
[0.999166]
[0.14237411]
[1.]
[0.999974]
[0.99982786]
[0.99992216]
[0.9842486]
[0.99999714]
[0.89079946]
[0.99905974]
[0.9999838]
[0.9999969]
[0.99993503]
[0.9988852]
[0.99974626]
[0.97087145]
[0.99996305]
[0.98000675]
[0.9618721]
[0.99710876]
[0.99093354]
[0.99990785]
[0.99919575]
[0.98632807]
[0.96341264]
[0.2864345]
[0.99957615]
[0.99995315]
[0.99638236]
[0.9999759]
[0.9998154]
[0.9931988]
[0.9797481]
[0.84916747]
[0.9858461]
[0.9999403]
[0.2684948]
[0.17992732]
[0.98888177]
[0.9999474]
[0.22332782]
[0.9994516]
[0.9999994]
[0.97086877]
[0.99946886]
[0.9796637]
[0.99949]
[0.9980007]
[0.9998648]
[0.96744585]
[0.999191]
[0.99986017]
[0.99999213]
[0.99652135]
[0.9997899]
[0.9999572]
[0.96341264]
[0.99997926]
[0.9999794]
[1.]
[0.9998976]
[0.99600655]
[0.20913355]
[0.9982988]
[0.9989317]
[0.6944215]
[0.9999982]
[0.98362523]
[0.99966156]
[0.99999917]
[0.99966156]
[0.9873146]
[0.29924068]
[0.9964386]
[0.9797481]
[0.6461422]
[0.99875104]
[0.9999063]
[0.9996152]
[0.99897337]
[0.96148825]
[0.16345477]
[0.23153421]
[0.99906915]
[1.]
[0.9980107]
[0.99999666]
[0.94430566]
[0.93515265]
[0.9993222]
[0.98572206]
[0.9999701]
[0.9996118]
[0.9997807]
[1.]
[0.8811708]
[0.99999976]
[0.986914]
[0.999877]
[0.9994599]
[0.9999585]
[0.9996669]
[0.9999982]
[0.98178]
[0.9999939]
[0.9999963]
[0.9999981]
[1.]
[0.9999989]
[0.9999751]
[0.9656686]
[0.9746844]
[0.99996734]
[0.9999913]
[0.56784]
[0.9977951]
[0.9999963]
[0.99903786]
[0.71762997]
[0.84191376]
[0.99999654]
[1.]
[0.9999114]
[0.9997392]
[0.9999956]
[0.9999956]
[0.96441823]
[0.9999956]
[0.87821215]
[0.9998636]
[0.9989359]
[0.9986902]
[0.99857247]
[0.99841404]
[0.76108307]
[0.9976788]
[0.97765493]
[1.]
[0.9738666]
[0.84191376]
[0.41832203]
[0.97817206]
[0.9335462]
[0.999992]
[0.9982503]
[0.17992732]
[0.7740163]
[0.03465446]
[0.9964606]
[0.9998605]
[0.97087145]
[0.9994599]
[0.9779733]
[0.99286896]
[0.9935901]
[0.9999839]
[0.63200074]
[0.43493]
[0.9999995]
[0.99995506]
[0.99999964]
[0.9923534]
[0.99999166]
[0.99999845]
[0.9924665]
[1.]
[0.99992204]
[0.9958556]
[0.9999863]
[0.9728583]
[0.999925]
[0.9990971]
[0.9999988]
[0.9999701]
[0.9999993]
[0.99905974]
[0.99999785]
[0.99996305]
[0.99993205]
[0.99999917]
[0.9998715]
[0.999936]
[0.9996118]
[0.99981743]
[0.999998]
[0.9950388]
[0.99907124]
[0.9563119]
[0.99442947]
[0.9999931]
[0.99957806]
[1.]
[0.9842911]
[1.]
[0.99916875]
[0.99982125]
[0.71529293]
[0.9979553]
[0.9959228]
[0.93515265]
[0.9979322]
[0.9675245]
[0.6984071]
[0.9996681]
[0.9732212]
[0.9999969]
[1.]
[0.9812594]
[0.9997292]
[0.9999999]
[0.027245]
[0.9999963]
[0.9830981]
[0.9999958]
[0.9336717]
[0.9999937]
[0.99804187]
[0.9999913]
[0.03133449]
[0.84916747]
[0.9987085]
[0.955737]
[0.9998356]
[0.99307245]
[0.9981298]
[0.99992573]
[0.82366806]
[0.9346122]
[0.99959606]
[0.9999937]
[0.9999958]
[0.8518342]
[0.99914443]
[0.9997377]
[0.9996395]
[0.999998]
[0.76071703]
[0.99981076]
[1.]
[0.9999721]
[0.72043604]
[0.99999845]
[0.9999516]
[0.99910104]
[0.47783872]
[0.6527773]
[1.]
[0.99985516]
[1.]
[0.9999937]
[0.99393696]
[0.94253534]
[0.999998]
[0.99991465]
[0.99411243]
[0.9998839]
[0.9999218]
[0.9999995]
[0.99205583]
[0.9996669]
[0.9021573]
[0.9986847]
[0.9999727]
[0.9996704]
[0.9999932]
[0.9999989]
[0.97907156]
[0.99983907]
[0.9997669]
[0.94941044]
[0.9373952]
[0.47050315]
[0.925083]
[0.99982375]
[0.9996798]
[0.99999464]
[0.7902649]
[1.]
[0.99996316]
[0.9973494]
[0.14298047]
[0.9999491]
[0.8811708]
[0.9985757]
[0.9985757]
[0.9920706]
[0.9999999]
[0.99998724]
[0.92712533]
[0.9999814]
[0.721868]
[0.99729973]
[0.99994075]
[1.]
[0.9976228]
[0.9999616]
[0.3413982]
[0.9397353]
[0.99949265]
[0.99997115]
[0.9989511]
[0.9999999]
[0.9999914]
[0.9984871]
[0.9263121]
[0.99966836]
[0.9925095]
[0.9837906]
[0.9876124]
[0.99912006]
[0.9998313]
[0.6530967]
[0.99971205]
[0.9999976]
[0.9999989]
[0.99996865]
[0.9999988]
[0.99852645]
[0.9949509]
[0.99986696]
[0.99774134]
[0.99999976]
[0.9999957]
[0.9999999]
[0.9982503]
[0.999998]
[0.99378574]
[1.]
[1.]
[0.9999933]
[0.9999814]
[0.99262273]
[0.99998295]
[1.]
[0.9565797]
[0.99999166]
[0.9999658]
[0.99901676]
[0.81163085]
[0.99994993]
[0.9901391]
[0.932406]
[1.]
[1.]
[0.9999844]
[0.9999801]
[1.]
[0.9989367]
[0.99999666]
[0.9548646]
[0.99988604]
[0.9998357]
[1.]
[0.99995553]
[0.999582]
[0.99994516]
[0.03927077]
[0.99945]
[0.8088617]
[0.9656001]
[0.3560116]
[0.99999964]
[0.99992216]
[0.03133449]
[0.9991874]
[0.99901676]
[0.99932396]
[0.99998975]
[0.43646917]
[0.99447626]
[0.9995209]
[1.]
[0.9557283]
[1.]
[0.9999665]
[0.99982125]
[0.9871185]
[0.9994691]
[1.]
[0.9972582]
[0.9972582]
[0.9991136]
[0.99588627]
[0.630174]
[0.99999845]
[0.99999964]
[0.999995]
[0.14482294]
[0.98941046]
[0.99998045]
[0.99981827]
[0.9954627]
[0.99999845]
[0.9999008]
[0.9879609]
[0.9999995]
[0.99999976]
[0.99997926]
[0.999931]
[0.9999932]
[0.97311044]
[0.99762195]
[1.]
[1.]
[0.9984871]
[0.9999995]
[0.98632807]
[0.6569068]
[0.98248184]
[0.99999833]
[0.9998337]
[0.9985002]
[0.9868249]
[0.99998105]
[0.9999167]
[0.90589213]
[0.9995505]
[0.9994572]
[0.99720216]
[0.9999964]
[0.86108834]
[0.99865097]
[0.9995216]
[0.9999869]
[0.99588627]
[1.]
[1.]
[0.9920265]
[0.96036494]
[1.]
[0.72043604]
[0.47392383]
[0.9999958]
[0.999936]
[0.9999298]
[1.]
[0.9996784]
[0.95496845]
[1.]
[0.99998045]
[1.]
[0.93923914]
[0.991245]
[0.99617213]
[1.]
[0.438203]
[0.9988005]
[0.9997445]
[0.9918572]
[1.]
[0.99999976]
[0.99999726]
[0.999212]
[0.99999964]
[0.99999297]
[0.99999905]
[0.99999976]
[0.9410526]
[0.9851553]
[1.]
[0.99523205]
[0.2976979]
[0.99999154]
[0.99210113]
[0.99998844]
[0.99996734]
[0.99993324]
[0.63200074]
[0.9961591]
[0.999959]
[0.9999572]
[0.9999783]
[0.99999964]
[0.9995216]
[0.9987717]
[0.03927077]
[0.9999957]
[0.9999125]
[0.9985611]
[0.9998336]
[0.9999776]
[1.]
[0.9656001]
[0.9746844]
[0.99857247]
[0.99999917]
[0.9924665]
[0.99997115]
[0.6530967]
[0.9949509]
[0.9945562]
[0.9991571]
[0.9976694]
[0.99995315]
[0.99597627]
[0.7420227]
[0.7304077]
[0.9871759]
[0.9999759]
[0.99998796]
[0.9755559]
[0.9525262]
[0.995462]
[0.99992216]
[0.9999993]
[0.97765493]
[0.99722075]
[0.99999845]
[0.9994543]
[0.99378574]
[0.9998957]
[0.98349]
[1.]
[0.15740134]
[0.9975405]
[0.99999225]
[0.9998995]
[0.99999964]
[0.99904317]
[0.99753356]
[0.9964386]
[0.99936765]
[0.9999956]
[0.75597304]
[0.9410526]
[0.99982786]
[0.9981298]
[0.99998784]
[0.9984976]
[0.99762744]
[0.9893093]
[1.]
[0.45956096]
[0.99999845]
[0.99753356]
[0.9995982]
[0.9999167]
[0.9998648]
[0.9995732]
[0.97697747]
[0.9999858]
[0.9410526]
[0.9997943]
[0.1490111]
[0.9842486]
[0.9994691]
[0.99999774]
[0.95548046]
[0.62864804]
[0.9975802]
[0.99985695]
[0.99991417]
[0.99991167]
[0.9091186]
[0.08061932]
[0.9991874]
[0.9999981]
[0.9999993]
[0.06964148]
[1.]
[0.9999759]
[0.99999905]
[1.]
[0.99996626]
[0.99994993]
[0.9949509]
[0.9977951]
[0.999819]
[0.99986494]
[0.9999796]
[1.]
[0.9998605]
[0.19906238]
[0.9236064]
[0.9999962]
[0.989794]
[0.99969304]
[0.6966429]
[0.99096876]
[0.9999974]
[0.99895656]
[0.9997236]
[0.9999969]
[0.99994993]
[0.99538875]
[0.3413982]
[0.9986902]
[1.]
[0.99715936]
[0.9999999]
[0.99613416]
[0.17012288]
[0.9999956]
[0.999918]
[0.9998172]
[0.9984976]
[0.9901889]
[0.9853184]
[0.99982697]
[0.9994567]
[0.9998828]
[0.9978352]
[0.9999914]
[0.9824484]
[0.99960274]
[0.99996734]
[0.8518342]
[0.9548604]
[0.99999344]
[0.99827874]
[0.05437988]
[0.9981645]
[0.9999845]
[0.9995751]
[0.9999645]
[0.9950917]
[0.99994373]
[0.9999989]
[0.9998472]
[0.9965486]
[0.95617527]
[0.99975926]
[0.98191166]
[0.9999887]
[0.98759544]
[0.9999988]
[0.9885937]
[0.99999976]
[0.999936]
[0.9997198]
[0.9961591]
[0.9905344]
[0.9973992]
[0.9688402]
[0.994676]
[0.94464946]
[0.9949509]
[0.9999734]
[0.9999093]
[0.9992118]
[0.9973654]
[0.9983895]
[1.]
[0.9999255]
[0.9955959]
[0.99982446]
[0.47899735]
[0.99576014]
[0.44741824]
[0.98941046]
[0.9996197]
[0.9999826]
[1.]
[0.9876124]
[0.9939314]
[0.97606546]
[0.99286896]
[0.99996305]
[0.9999999]
[0.8134877]
[0.99999917]
[0.9983895]
[0.96846855]
[0.9998845]
[0.99916875]
[0.9999999]
[0.9961434]
[0.9779733]
[0.99999964]
[0.9996197]
[0.9967019]
[0.99999964]
[0.99932396]
[0.9474293]
[0.9373952]
[0.99999917]
[0.87809706]
[0.9346122]
[0.11047315]
[0.996768]
[0.99996936]
[0.9999951]
[1.]
[0.602552]
[0.9998337]
[0.99571097]
[0.9997633]
[0.9990606]
[0.99979]
[0.15740134]
[0.96693504]
[0.9563558]
[0.99996495]
[0.9998976]
[0.99862003]
[0.80728775]
[0.9814062]
[0.99629056]
[0.97141683]
[0.9732212]
[0.99998546]
[0.99995553]
[0.9999298]
[0.99981827]
[0.99986744]
[0.99999833]
[0.99971277]
[0.99999726]
[1.]
[0.99796164]
[0.93236446]
[0.6944215]
[1.]
[0.99995315]
[0.8088617]
[0.998988]
[0.9999856]
[0.9779733]
[0.03465446]
[0.9989519]
[1.]
[0.99998546]
[0.99998724]
[0.9995813]
[0.17012288]
[0.41167408]
[0.98000675]
[0.99771154]
[0.9997377]
[0.99945575]
[0.99999976]
[0.9999063]
[0.9982072]
[0.9999995]
[0.9999665]
[0.05437988]
[0.99989283]
[0.9999629]
[0.7688456]
[0.99998975]
[0.07353141]
[0.76071703]
[0.9999937]
[0.47392383]
[0.99992716]
[0.721868]
[0.22332782]
[0.9983588]
[0.99995804]
[0.99588627]
[0.7992449]
[0.8134877]
[0.99985063]
[0.9991653]
[0.99982786]
[0.9999969]
[0.99984705]
[0.98400754]
[0.9951638]
[0.9999963]
[0.9999665]
[0.94464946]
[0.9278472]
[0.99999654]
[0.9999]
[0.62524694]
[0.6993317]
[0.8953331]
[0.99996746]
[0.08155054]
[1.]
[0.78930247]
[0.9999776]
[0.99857247]
[0.99983215]
[0.9902384]
[0.8811708]
[0.9993222]
[0.98874366]
[0.9977951]
[0.06983028]
[0.99992573]
[0.99974626]
[0.96846855]
[0.9996724]
[0.9999993]
[0.99999666]
[0.9810199]
[0.99938905]
[0.72043604]
[0.9991829]
[0.9946597]
[0.9890822]
[0.9962942]
[0.9999722]
[0.99454015]
[0.9996197]
[0.80544645]
[0.46906477]
[0.97389585]
[0.9999225]
[0.9998136]
[0.9686027]
[0.9986517]
[0.76071703]
[1.]
[0.917099]
[0.86108834]
[0.9999478]
[0.99961793]
[0.98632807]
[0.08155054]
[0.9967547]
[0.9782215]
[1.]
[0.9978352]
[0.9989095]
[0.9999248]
[0.9996263]
[0.9999491]
[0.8561064]
[0.9987257]
[0.22332782]
[0.7992449]
[0.9999914]
[0.43493]
[0.99996746]
[0.9950118]
[0.9984149]
[0.97549874]
[0.9989994]
[0.34367362]
[0.9997899]
[0.9918961]
[0.99982375]
[0.99999964]
[0.9999982]
[0.9999939]
[0.9936481]
[0.9999181]
[0.99983907]
[0.99999285]
[0.9815755]
[0.99993885]
[0.99994147]
[0.9999547]
[0.9999988]
[0.97338676]
[0.99709487]
[0.9999255]
[0.99954456]
[0.99996865]
[0.6527773]
[0.98747987]
[0.9996724]
[0.9983714]
[0.99996936]
[0.9998845]
[0.9563119]
[1.]
[0.9999405]
[0.99996495]
[0.99081826]
[0.98850596]
[0.9999963]
[1.]
[0.99889636]
[0.99755764]
[0.9999939]
[0.999785]
[0.9980205]
[0.95538825]
[0.99901843]
[0.99979717]
[0.9999814]
[0.99999845]
[0.91608685]
[0.9999474]
[0.9397353]
[0.9999931]
[0.9998357]
[0.8891535]
[0.9998889]
[1.]
[0.9999995]
[0.9999224]
[0.9999863]
[0.99998546]
[0.9995975]
[0.99914443]
[0.97087145]
[0.9686027]
[0.9999999]
[0.99999905]
[0.9995223]
[0.9999502]
[0.99999106]
[0.99999285]
[0.9999316]
[0.9916216]
[0.9882211]
[0.99996865]
[0.8022058]
[1.]
[0.87129754]
[0.9986847]
[0.6692965]
[0.99995637]
[1.]
[0.9999999]
[0.99984264]
[0.99963224]
[0.99987257]
[0.9986331]
[0.9986847]
[0.99998045]
[0.6944215]
[0.9953424]
[0.99986696]
[0.99999666]
[0.99995923]
[0.9964386]
[0.9999664]
[0.99958247]
[0.9683962]
[0.99960274]
[0.99907124]
[1.]
[0.999936]
[0.9967669]
[0.9373952]
[0.98537874]
[0.9999964]
[1.]
[0.999959]
[0.9983203]
[0.9797481]
[0.9999937]
[0.99890566]
[0.996029]
[0.9999343]
[1.]
[0.88101155]
[0.98541576]
[0.9999914]
[0.99985075]
[0.99986315]
[0.99995947]
[0.9946557]
[0.99999976]
[0.99999845]
[0.9999759]
[0.99999726]
[0.6202343]
[0.99981743]
[0.9920706]
[0.9923534]
[0.9998566]
[0.9866519]
[0.9999418]
[0.9998976]
[0.9999999]
[0.99996746]
[0.9999963]
[0.99999356]
[0.99995947]
[0.999998]
[0.99885976]
[0.9797481]
[0.99991465]
[0.99999905]
[1.]
[0.9190356]
[0.99999774]
[0.9998715]
[0.999959]
[0.95858437]
[0.99973863]
[0.99954456]
[0.9995209]
[0.9986847]
[0.9994336]
[0.9999914]
[0.87348294]
[0.99998224]
[0.9999733]
[0.99999356]
[0.8620647]
[0.9997018]
[0.9994599]
[0.9980599]
[0.99807346]
[0.99992335]
[0.99999964]
[0.9995813]
[0.9994691]
[0.99985063]
[0.9989478]
[0.9999751]
[0.9982503]
[0.99933654]
[0.9999925]
[0.9997445]
[0.99998057]
[0.04041706]
[1.]
[0.9728702]
[0.99210113]
[0.99977094]
[0.99286896]
[0.9999536]
[0.99490523]
[0.9997899]
[0.47783872]
[0.9563558]
[1.]
[0.9065873]
[0.99999225]
[0.99923646]
[0.99999774]
[0.99998736]
[0.9998716]
[0.99974877]
[0.98000675]
[0.9793209]
[0.995462]
[0.9998154]
[1.]
[0.9975903]
[0.9868167]
[0.45956096]
[0.8580314]
[0.99999964]
[1.]
[0.9348263]
[0.99514055]
[0.9999944]
[0.98622376]
[0.942937]
[0.99995315]
[0.99999905]
[0.9980205]
[0.99982446]
[0.99808526]
[0.9999993]
[0.9999999]
[0.99999964]
[1.]
[0.19906238]
[0.93923914]
[0.99999857]
[0.21448857]
[0.9579233]
[0.8134877]
[0.99991417]
[1.]
[0.999894]
[0.9995584]
[0.9981645]
[0.949721]
[0.9999994]
[0.99990344]
[0.9783966]
[0.9236064]
[0.9965467]
[0.96148825]
[0.8088617]
[0.9936552]
[0.93481666]
[0.3368205]
[0.9950388]
[1.]
[0.99985075]
[0.9995913]
[0.9905344]
[0.9775438]
[0.9992729]
[0.9999937]
[0.99877566]
[0.9999914]
[0.99999285]
[0.99842215]
[1.]
[0.9999224]
[0.99990463]
[0.9924665]
[0.1490111]
[0.9984206]
[0.99827874]
[0.62818515]
[0.9999937]
[0.9998073]
[0.9999999]
[0.8811708]
[0.9997633]
[0.999191]
[0.91968]
[0.999992]
[0.999985]
[0.98747987]
[0.93236446]
[0.47050315]
[0.98579687]
[0.9999863]
[0.94383585]
[0.47899735]
[0.9999931]
[0.98362523]
[0.99988663]
[0.9998356]
[0.9995216]
[0.9983034]
[0.99192965]
[0.99935955]
[0.9999982]
[0.99883074]
[0.9997292]
[0.99623823]
[0.99816626]
[0.9999887]
[0.99998295]
[0.99995553]
[0.99999857]
[0.98757756]
[0.99984634]
[0.9272809]
[0.86108834]
[0.77674836]
[0.97095156]
[0.99958533]
[0.999887]
[0.9999933]
[0.9858461]
[0.99944454]
[0.8514434]
[1.]
[0.9474293]
[0.99992573]
[0.99796164]
[0.9999937]
[0.97086877]
[0.9991522]
[0.9981298]
[0.9999988]
[0.9563558]
[0.93481666]
[0.9964606]
[0.9746844]
[0.98632807]
[0.99176204]
[0.9714354]
[0.28799757]
[0.9981298]
[0.97876793]
[0.9738666]
[0.99954456]
[0.99837023]
[0.9999218]
[0.99914443]
[0.9983683]
[0.93134844]
[0.9996197]
[0.999887]
[0.99996734]
[0.96441823]
[0.9984149]
[0.9998179]
[0.9964386]
[0.99994993]
[0.9915455]
[0.99991465]
[0.99966836]
[0.9999839]
[0.71762997]
[0.9999994]
[0.99996924]
[0.99936885]
[0.99999785]
[0.9999224]
[0.9998179]
[0.98747987]
[0.99827874]
[0.9994879]
[0.9949509]
[0.23278423]
[0.41832203]
[0.9991322]
[0.9959228]
[0.99995995]
[0.9836767]
[0.9998698]
[0.92960346]
[0.9993761]
[0.9999665]
[0.999984]
[0.9958556]
[0.96166945]
[0.99936885]
[0.9995216]
[0.99996626]
[0.9997807]
[0.11047315]
[0.9998884]
[1.]
[0.47783872]
[0.99999976]
[0.9995485]
[1.]
[0.9999964]
[0.9999913]
[0.99994254]
[0.9999999]
[0.06808833]
[0.9973654]
[0.8103509]
[0.9699066]
[0.99998724]
[0.97141683]
[0.9236064]
[0.99966836]
[0.95561075]
[0.9932974]
[0.9893093]
[0.9997669]
[0.9973231]
[0.99999857]
[0.99998295]
[0.985335]
[0.9999167]
[0.99786466]
[0.99986315]
[0.9979553]
[0.9985757]
[0.05437988]
[0.17012288]
[0.9902384]
[0.9936552]
[0.99998]
[0.9999229]
[0.9065873]
[0.9982988]
[0.999501]
[0.9999995]
[0.48712754]
[0.999925]
[0.9999993]
[0.99999857]
[0.9091186]
[0.9999968]
[0.99974626]
[0.99999976]
[0.999998]
[0.99170977]
[0.9999956]
[0.99979824]
[0.05318329]
[0.9950118]
[0.999582]
[0.9999665]
[0.97311044]
[0.29471537]
[0.9999838]
[0.9999181]
[0.9932595]
[0.9998864]
[0.9935435]
[0.99935955]
[0.72043604]
[0.99999356]
[0.9738666]
[0.9999981]
[0.9983034]
[0.9999536]
[0.9141263]
[0.99963224]
[0.99995637]
[0.99999285]
[0.9999708]
[0.99999833]
[0.9997292]
[0.9842486]
[0.99935824]
[1.]
[0.99998474]
[0.99192965]
[0.99992204]
[0.96336526]
[0.99588627]
[1.]
[0.9999988]
[0.99628335]
[0.9983714]
[0.99588627]
[0.99971205]
[0.99597627]
[0.9999982]
[0.9999999]
[0.99808526]
[0.9998179]
[0.9999995]
[0.9997236]
[0.999967]
[0.98349]
[1.]
[0.99986184]
[0.9999999]
[0.9996917]
[0.9999976]
[0.9793209]
[0.99981076]
[1.]
[0.42775202]
[0.9999403]
[0.9995732]
[0.9999863]
[0.99979824]
[0.99986744]
[0.9999995]
[0.99877256]
[0.9999943]
[0.99490523]
[0.9999629]
[0.9861196]
[0.29924068]
[0.99736017]
[0.9988005]
[0.9991653]
[0.9979304]
[0.9878578]
[0.45956096]
[0.21025819]
[0.99998105]
[0.9999752]
[0.979836]
[0.9960802]
[0.99786466]
[0.9999995]
[0.80694413]
[0.9999914]
[0.9999826]
[1.]
[0.99984705]
[0.9924665]
[0.9990595]
[0.9999968]
[0.99999964]
[0.99995315]
[0.7304077]
[0.9159223]
[1.]
[0.984977]
[0.9999981]
[0.9995505]
[1.]
[0.9999995]
[0.07174697]
[0.9999224]
[0.99999344]
[0.9986193]
[0.87348294]
[0.9999167]
[0.7382961]
[0.28799757]
[0.44741824]
[0.99995995]
[0.99999845]
[0.9999486]
[0.99999726]
[0.99910635]
[0.999984]
[0.9986847]
[0.9002026]
[0.8335047]
[0.9190356]
[0.9998864]
[0.9990595]
[0.45956096]
[0.69987667]
[0.9936552]
[0.9989687]
[0.9931988]
[1.]
[0.9982503]
[0.9885937]
[0.9978794]
[0.99996746]
[1.]
[0.994676]
[0.913614]
[0.13580562]
[0.9999999]
[0.99990344]
[1.]
[0.9745651]
[0.9994863]
[0.9999989]
[0.6850138]
[0.99749064]
[0.94779325]
[0.99999917]
[0.9999478]
[0.9965467]
[0.9999207]
[0.99999976]
[0.9993825]
[0.998941]
[0.9021573]
[0.9999999]
[0.99771154]
[0.999918]
[0.99994636]
[1.]
[0.99998975]
[0.9159223]
[0.99981076]
[0.9999708]
[0.9999981]
[0.9999981]
[0.80265963]
[0.9806724]
[0.97311044]
[0.9999229]
[0.9990606]
[0.9858285]
[0.99995553]
[1.]
[0.97095156]
[0.9999919]
[0.98706764]
[0.9996606]
[0.9969579]
[0.98089117]
[0.9525262]
[0.08061932]
[1.]
[0.632898]
[0.87129754]
[0.99990344]
[0.9962942]
[0.9999919]
[0.6993317]
[0.99988663]
[0.9999862]
[0.9932595]
[0.99999607]
[0.99999857]
[1.]
[0.9999999]
[0.9996681]
[0.9999913]
[0.9999901]
[0.99999964]
[0.99715924]
[0.99410725]
[0.9987985]
[0.14237411]
[0.41832203]
[0.9998677]
[0.999212]
[0.99976903]
[0.9997445]
[0.9972582]
[0.9909223]
[0.99850106]
[0.99999726]
[0.9753568]
[0.9998357]
[0.9998136]
[0.99997306]
[0.9994698]
[0.03586648]
[0.9999206]
[0.99999]
[0.9995993]
[0.9923534]
[0.9999399]
[0.99998045]
[0.9995223]
[0.8022058]
[0.9955959]
[0.9998087]
[0.84916747]
[0.9999956]
[0.998941]
[0.9999838]
[0.99890566]
[0.8818478]
[0.99999225]
[0.9037241]
[0.99753356]
[0.9278472]
[0.80728775]
[0.47899735]
[0.9997367]
[0.99979717]
[0.9973494]
[0.955737]
[0.9999752]
[0.99988604]
[0.99995947]
[0.99960274]
[0.9263121]
[0.9999932]
[0.9910615]
[0.9999989]
[1.]
[0.99999]
[0.9141263]
[0.96036494]
[0.99965394]
[0.99941945]
[0.8481976]
[1.]
[0.9977738]
[0.27536744]
[0.9999044]
[0.9999988]
[0.99514055]
[0.98622376]
[0.47017744]
[1.]
[0.99974626]
[0.9815755]
[0.9996675]
[1.]
[0.99986696]
[0.999974]
[0.9997546]
[1.]
[0.82366806]
[0.9996606]
[0.93481666]
[0.9995982]
[0.8172941]
[0.9871185]
[0.97389585]
[0.99627256]
[0.8818478]
[0.9999572]
[0.9964386]
[0.9999999]
[0.9999547]
[0.99946886]
[0.88399565]
[0.96846855]
[0.31534967]
[0.99823964]
[0.9999976]
[1.]
[0.9999957]
[0.2864345]
[0.9745651]
[1.]
[0.99865085]
[0.99999714]
[0.9397353]
[0.95858437]
[0.9998716]
[0.9999777]
[0.52317274]
[0.99986017]
[0.9999987]
[0.925083]
[0.9994863]
[0.99996674]
[0.9999995]
[0.9858461]
[0.9999664]
[0.9978732]
[0.97145003]
[0.9964606]
[0.7925378]
[0.9980854]
[0.03133449]
[0.31534967]
[0.9999999]
[0.99998105]
[0.56784]
[0.98191166]
[0.9999784]
[0.9955721]
[0.9932279]
[0.99999607]
[0.99490523]
[0.9997367]
[0.9999958]
[0.99277675]
[0.99982375]
[0.99865806]
[0.94430566]
[0.9999238]
[0.99093354]
[1.]
[0.99965394]
[0.88399565]
[1.]
[0.84420377]
[0.9998715]
[0.9999932]
[0.9999975]
[0.9999858]
[0.99997926]
[0.9999993]
[0.9999316]
[0.98785573]
[0.99999607]
[0.57888114]
[0.99827874]
[0.81179357]
[0.99898356]
[0.99971503]
[0.9998839]
[0.99982786]
[0.9999857]
[0.9999887]
[0.9975405]
[0.05437988]
[0.22332782]
[0.9998636]
[0.9960802]
[0.9985002]
[0.90589213]
[0.99955183]
[0.97697747]
[0.99155176]
[0.9746844]
[0.9980564]
[0.99990344]
[0.99999845]
[0.9989649]
[0.9263121]
[0.9998698]
[0.9999993]
[0.99877256]
[0.9999161]
[0.81179357]
[0.99837023]
[0.99999774]
[0.03990408]
[0.84420377]
[0.99052244]
[0.9935901]
[0.73542994]
[0.9999708]
[1.]
[0.42775202]
[0.93774277]
[0.99877256]
[0.9999982]
[0.9996238]
[0.9997899]
[1.]
[0.9468523]
[0.99958247]
[0.9960704]
[0.91512775]
[1.]
[0.9037241]
[0.9999988]
[0.99286896]
[0.9890822]
[0.86108834]
[0.9999999]
[0.9926051]
[0.9999914]
[0.98888177]
[0.99958616]
[0.9983034]
[0.950955]
[0.03586648]
[0.99999714]
[0.9980976]
[0.9997669]
[0.94779325]
[0.9999995]
[0.630174]
[1.]
[0.99999833]
[0.60488147]
[0.99995685]
[0.99982697]
[0.11306829]
[0.99649006]
[0.9994543]
[0.99537814]
[0.9999423]
[0.9663627]
[0.9995403]
[0.9975903]
[0.9996289]
[0.87809706]
[0.9997445]
[0.9999324]
[1.]
[0.9336717]
[0.9999536]
[0.9997899]
[0.9656001]
[0.62864804]
[0.8172941]
[0.9956742]
[0.19048075]
[0.9999392]
[0.9841653]
[0.9843634]
[0.9999995]
[0.03927077]
[0.9998172]
[0.99971503]
[0.9996675]
[0.61228275]
[0.98777837]
[0.999985]
[0.9969668]
[0.7925378]
[0.9999654]
[0.99999976]
[0.9999981]
[0.9548646]
[0.7252583]
[0.99991965]
[0.99987197]
[0.99995685]
[0.86108834]
[0.9656001]
[0.979836]
[0.9998698]
[0.9804928]
[0.9965467]
[0.22332782]
[0.7498841]
[1.]
[1.]
[0.8620647]
[0.99993503]
[0.99989283]
[0.99999833]
[0.9999374]
[0.9999759]
[0.999166]
[0.99999857]
[0.9999796]
[0.999845]
[0.43493]
[0.22332782]
[0.99949265]
[0.8088617]
[0.9997546]
[0.9823298]
[0.99957615]
[0.9999491]
[0.9964606]
[0.6461422]
[0.81447476]
[0.9997236]
[0.9778495]
[0.9999982]
[0.99999833]
[0.7902649]
[0.9981298]
[0.99936765]
[0.99986494]
[0.9999678]
[0.99999964]
[0.99724954]
[0.949721]
[0.9925095]
[0.9999981]
[0.7382961]
[0.9990269]
[0.99999833]
[0.9999665]
[0.9994265]
[1.]
[0.9999999]
[1.]
[0.9873146]
[0.9982988]
[0.9988852]
[0.9992176]
[0.6993317]
[0.99989283]
[0.9999931]
[0.9996675]
[0.9812594]
[0.9997793]
[0.9986274]
[0.99910635]
[1.]
[0.999998]
[0.999959]
[0.99999833]
[0.99895656]
[1.]
[0.9728583]
[0.28799757]
[0.9948448]
[0.9999125]
[0.9998136]
[0.9889398]
[0.98000675]
[0.9946557]
[0.99969304]
[0.98759544]
[0.9997762]
[0.967863]
[0.9979322]
[0.98572206]
[0.9590697]
[0.8516181]
[0.99096876]
[0.99865085]
[0.9999999]
[0.99989367]
[0.99995434]
[0.9969579]
[0.9900832]
[1.]
[0.9999987]
[0.6461422]
[1.]
[0.99999845]
[0.9999956]
[0.9999869]
[0.9965486]
[0.97087145]
[1.]
[0.9858461]
[0.9997198]
[0.998845]
[0.9997292]
[0.9999988]
[0.9900832]
[1.]
[0.9997807]
[1.]
[0.75597304]
[0.9983203]
[0.34367362]
[0.99935824]
[0.999554]
[0.9844173]
[0.9999999]
[0.9999988]
[0.9950388]
[0.925083]
[0.9973477]
[0.9995505]
[0.999877]
[0.9973992]
[0.9999759]
[0.9998889]
[0.9932279]
[0.9950118]
[0.9494154]
[0.9975278]
[0.99999404]
[0.99918586]
[1.]
[0.9993042]
[0.999356]
[0.99984634]
[0.9996395]
[0.9999403]
[1.]
[0.94234604]
[0.8088617]
[0.9867316]
[0.99823964]
[0.99983215]
[0.97338676]
[0.9214883]
[0.99925166]
[0.99999416]
[0.9998313]
[0.9999989]
[0.99994373]
[0.96846855]
[0.6692965]
[1.]
[0.9125512]
[0.99991465]
[0.9973494]
[0.99796605]
[0.9987257]
[0.5385858]
[0.97876793]
[0.9999776]
[0.9745651]
[0.9997236]
[0.9999906]
[0.92712533]
[0.9793209]
[0.91968]
[0.99942195]
[0.99996364]
[0.9981298]
[0.93134844]
[1.]
[0.60488147]
[0.9977738]
[0.9998356]
[0.999877]
[0.94383585]
[0.9973494]
[0.9985002]
[0.8518342]
[0.9947437]
[1.]
[0.9901889]
[0.28293052]
[0.9964386]
[0.93481666]
[0.76108307]
[0.95496845]
[0.9983203]
[0.9994172]
[0.8060191]
[0.9999871]
[0.98757756]
[0.99999607]
[0.99649006]
[0.9998642]
[0.99999106]
[0.9982503]
[0.9997445]
[0.9998566]
[0.9999994]
[0.999998]
[0.9999316]
[0.9990815]
[0.9999999]
[0.9998741]
[0.9999665]
[1.]
[0.99676514]
[0.97728264]
[1.]
[0.99804187]
[0.9998715]
[0.9999982]
[0.99875104]
[0.99958247]
[0.99996316]
[0.98632807]
[0.999925]
[0.9999008]
[1.]
[0.602552]
[0.9999888]
[0.9975802]
[0.9989511]
[0.9999435]
[0.99992216]
[0.9879609]
[0.96693504]
[0.76108307]
[0.99982697]
[0.9999654]
[0.9999784]
[0.9899545]
[0.9159223]
[0.9978732]
[0.999959]
[0.9999733]
[0.99999964]
[0.99994147]
[0.9999206]
[0.99999833]
[0.99973863]
[0.80544645]
[0.99999976]
[0.99889636]
[0.9989687]
[0.97966]
[0.04957713]
[0.99998844]
[0.9999212]
[0.9995403]
[0.9995485]
[0.99093354]
[0.9127424]
[0.9975802]
[0.99994993]
[0.984977]
[1.]
[1.]
[1.]
[0.99454015]
[0.9999665]
[0.98508346]
[0.98412144]
[0.9987257]
[1.]
[0.99983513]
[0.9141263]
[0.9996395]
[0.99999964]
[0.05437988]
[0.16345477]
[1.]
[0.9999869]
[0.87821215]
[1.]
[0.03133449]
[0.9986193]
[0.91608685]
[0.9998828]
[0.9999118]
[0.99862003]
[0.9999999]
[0.9410526]
[0.9989519]
[0.9997484]
[0.99999964]
[0.9999125]
[0.9999839]
[1.]
[0.56669533]
[0.9999958]
[0.9964606]
[0.9999701]
[0.9996798]
[0.9456914]
[0.99613416]
[0.9842486]
[0.9999536]
[0.9877325]
[0.99995434]
[0.9984952]
[0.9999933]
[0.6527773]
[0.9859638]
[0.97656745]
[0.9999932]
[0.99990046]
[0.99805033]
[0.9999887]
[1.]
[0.7797516]
[0.14482294]
[0.99901175]
[0.9927158]
[0.99993205]
[0.99994147]
[1.]
[0.9999814]
[0.99960274]
[0.9997669]
[1.]
[0.9981298]
[0.99988604]
[0.99944454]
[0.9999975]
[0.9997762]
[0.9997744]
[0.99979454]
[0.99629056]
[0.99999213]
[0.9999536]
[0.9999932]
[0.9981567]
[0.9949509]
[0.9955959]
[0.72043604]
[0.8561064]
[0.9893093]
[0.9998864]
[0.9808539]
[0.99983513]
[0.9843634]
[0.99999714]
[0.99999964]
[0.99957806]
[1.]
[0.9999933]
[0.93236446]
[0.90589213]
[0.99649006]
[0.9440809]
[0.9916958]
[0.6993317]
[0.9440809]
[0.999992]
[0.9983895]
[0.9999825]
[0.9905344]
[1.]
[0.99796164]
[1.]
[0.9590697]
[0.9998698]
[1.]
[0.80265963]
[1.]
[0.99979454]
[0.9932974]
[0.99999845]
[0.9999888]
[0.91968]
[0.99378574]
[1.]
[0.9990815]
[0.99482036]
[0.999954]
[0.99052244]
[0.89079946]
[1.]
[0.99999905]
[0.9999838]
[0.9984017]
[0.9946595]
[0.9999933]
[0.99986315]
[0.9999238]
[0.9935435]
[0.9779733]
[0.9348263]
[0.9999708]
[0.98248184]
[0.99999344]
[0.9995485]
[0.99999785]
[0.9998864]
[0.9739257]
[0.9154597]
[0.9999871]
[0.9998715]
[0.9971468]
[0.97141683]
[0.99871373]
[0.99998486]
[0.2864345]
[0.9939314]
[0.9999995]
[0.99986744]
[0.9877325]
[0.9999913]
[0.99995923]
[1.]
[0.99987173]
[0.9987943]
[0.9986683]
[0.99999905]
[0.99411243]
[0.9995403]
[0.99286896]
[0.9998641]
[0.9996055]
[0.9983034]
[0.9994838]
[0.62818515]
[1.]
[0.97145003]
[0.99999857]
[0.99995434]
[0.9999919]
[0.9999347]
[0.99670416]
[0.9656686]
[0.9998995]
[0.9987717]
[0.99910635]
[0.9988852]
[0.99852103]
[0.99585176]
[0.5385858]
[0.8335047]
[0.99804187]
[0.99999833]
[1.]
[0.99999845]
[0.99490523]
[0.9995751]
[0.9999118]
[0.9990606]
[0.72560424]
[0.9997292]
[0.9999167]
[0.99447626]
[0.99666154]
[0.9981645]
[0.9982503]
[0.9999932]
[1.]
[0.99808526]
[0.9998356]
[0.9980564]
[0.999998]
[0.91608685]
[0.99999607]
[0.99995923]
[0.99999297]
[0.9959228]
[0.99853265]
[0.9991653]
[0.9984017]
[0.9999988]
[0.9995216]
[0.9999988]
[0.9999044]
[0.47342482]
[0.9999999]
[0.9999975]
[0.73551047]
[0.99670416]
[0.9037241]
[0.99862003]
[1.]
[0.9999994]
[1.]
[0.9949562]
[0.9979304]
[0.99991965]
[0.75732327]
[1.]
[0.9997762]
[0.9998715]
[0.9946557]
[1.]
[0.99837023]
[0.9999392]
[0.9999268]
[0.9999999]
[0.967863]
[0.97876793]
[0.99665797]
[0.07353141]
[0.9838374]
[0.9975253]
[0.80694413]
[0.989794]
[0.9528447]
[0.9999975]
[0.9996289]
[0.93134844]
[0.9988005]
[0.93134844]
[0.9037241]
[0.99996924]
[0.9968733]
[0.9987122]
[0.8146107]
[0.9998716]
[0.8134877]
[0.99827874]
[0.9994599]
[1.]
[0.99994373]
[0.9877325]
[0.9998677]
[0.9909223]
[0.9999871]
[0.99992716]
[1.]
[1.]
[0.99923646]
[0.9999063]
[0.99837023]
[0.99729794]
[0.99999964]
[0.8060191]
[0.99999976]
[0.9999957]
[0.99629056]
[0.99999964]
[0.72560424]
[0.96693504]
[0.99999285]
[0.99984336]
[0.9762646]
[0.9982834]
[0.99964666]
[0.6202343]
[0.9999857]
[0.9963665]
[0.9999958]
[0.8172941]
[0.9947148]
[0.9979322]
[0.99944454]
[0.99957806]
[1.]
[0.9998666]
[0.98000675]
[1.]
[0.99999917]
[0.9548646]
[0.9999118]
[0.96148825]
[0.19527791]
[0.9988005]
[0.9998666]
[0.9999862]
[0.9975405]
[0.98622376]
[0.99850106]
[0.9810199]
[0.9995505]
[0.7684446]
[0.9999956]
[0.9993222]
[0.9999689]
[0.9999931]
[0.94779325]
[0.96441823]
[0.88293934]
[0.99999833]
[0.99955183]
[0.9947148]
[0.9859638]
[0.88101155]
[0.80694413]
[0.9981382]
[0.99999726]
[0.61228275]
[0.99997926]
[0.9753568]
[0.99588627]
[0.999995]
[0.98715055]
[0.98941046]
[0.92960346]
[0.9999982]
[1.]
[0.9950237]
[0.99906915]
[1.]
[0.99958247]
[0.9388108]
[0.9984401]
[0.99936646]
[0.999985]
[0.94941044]
[0.9999044]
[0.29471537]
[0.99999976]
[0.99999535]
[0.98178]
[0.9999969]
[0.8198231]
[0.99698037]
[0.9999547]
[0.9967669]
[0.9814062]
[0.99999857]
[0.9999957]
[0.9996178]
[0.97141683]
[0.9995216]
[0.9877325]
[0.9999435]
[0.41167408]
[0.9999044]
[0.9885937]
[0.8518342]
[0.9996704]
[0.6231507]
[0.9995216]
[0.99921465]
[0.9962753]
[0.99789137]
[0.999959]
[0.99999917]
[0.99999905]
[0.9999944]
[0.9999863]
[0.99720216]
[0.9989478]
[0.9999964]
[0.07127431]
[0.99906915]
[0.9999931]
[0.98579687]
[0.9996263]
[0.9995914]
[0.9866171]
[0.9990815]
[0.9915455]
[0.0127584]
[0.1490111]
[0.99999976]
[0.99958247]
[0.9999956]
[1.]
[0.99999726]
[0.99997115]
[0.99996626]
[0.99998224]
[0.9999988]
[0.9447575]
[0.9998385]
[0.8891535]
[0.9999999]
[0.9999616]
[0.99998987]
[0.99724954]
[0.9997633]
[0.99652135]
[0.9999665]
[0.99999964]
[0.9999343]
[0.99998724]
[0.92960346]
[0.9841653]
[0.999992]
[0.99999666]
[0.99722075]
[0.9878313]
[0.99997306]
[0.9992176]
[0.9994814]
[0.9999964]
[0.9998466]
[0.99999905]
[0.9978732]
[1.]
[0.9548604]
[0.99999666]
[0.9699066]
[0.9999975]
[0.9972582]
[0.99823964]
[0.9996606]
[0.98785573]
[0.9999999]
[0.99999464]
[0.9879609]
[0.99901175]
[0.9548646]
[0.721868]
[0.99638236]
[0.99933857]
[0.97095156]
[0.9998598]
[0.9999516]
[0.90589213]
[0.99921465]
[0.99997854]
[0.9141263]
[0.97311044]
[0.06808833]
[0.9999093]
[0.99999845]
[1.]
[0.9916216]
[0.21025819]
[0.9999863]
[0.9963844]
[0.99986744]
[0.9910615]
[0.8580314]
[0.9999969]
[0.98174655]
[0.96341264]
[0.999992]
[0.99999285]
[0.9999093]
[0.630174]
[0.99973387]
[0.99958247]
[0.932406]
[0.9996222]
[0.995178]
[0.87821215]
[0.47342482]
[0.99984705]
[0.99990463]
[0.8953331]
[0.99999106]
[0.87338585]
[0.9999981]
[0.99999845]
[0.99785346]
[0.99994254]
[0.9974942]
[0.45956096]
[0.9916713]
[0.61228275]
[0.99997926]
[0.99983513]
[1.]
[0.6569068]
[0.97549874]
[0.99710876]
[0.999166]
[0.17349556]
[0.99974626]
[0.99907124]
[0.9981298]
[0.99987173]
[0.84191376]
[0.99999285]
[0.99722075]
[0.9141263]
[0.9999994]
[0.9991829]
[0.94722646]
[0.9950237]
[0.9397353]
[0.9996289]
[0.99998724]
[1.]
[0.88293934]
[1.]
[0.99998724]
[0.955737]
[0.8891535]
[0.9998385]
[0.99985516]
[0.99996316]
[0.9996018]
[0.61228275]
[0.9998932]
[0.9990815]
[0.98412144]
[0.99992406]
[0.90589213]
[0.99999964]
[0.9920706]
[0.999985]
[0.9879942]
[0.99935955]
[0.99999857]
[0.9986517]
[0.88101155]
[0.99378574]
[0.99052244]
[0.999997]
[0.9984017]
[0.99995816]
[0.9999906]
[0.9991228]
[0.9953424]
[0.99825746]
[0.9999486]
[0.9994814]
[0.8296067]
[0.9999999]
[0.9999995]
[0.99600655]
[1.]
[0.97966]
[0.95486516]
[0.9998845]