0.5977891156462585
0.6831632653061225
0.7010204081632653
0.7124149659863945
0.7242252456538171
0.7310657596371882
0.7442932728647015
0.750453514739229
0.7566893424036281
0.7656084656084656
0.7715041572184429
0.7773053665910808
0.7816704459561602
0.7854875283446712
0.7890967498110355
0.7928949357520786
0.7957860922146637
0.7991307634164777
0.8017951625094483
0.8046107331821618
0.8062547241118669
0.8073696145124717
0.8112433862433862
0.8128117913832199
0.8140589569160998
0.8149848828420257
0.8173658352229781
0.8186507936507936
0.8229024943310658
0.8233749055177627
0.8240362811791383
0.8259448223733938
0.8278722600151172
0.8282690854119426
0.8310657596371882
0.8301209372637944
0.8319727891156462
0.8335600907029479
0.8357709750566893
0.8366780045351474
0.8365268329554044
0.8395124716553288
0.8402872260015117
0.8399092970521542
0.8438964474678761
0.8420256991685563
0.8442932728647015
0.8460128495842781
0.8474489795918367
0.8470332577475435
0.8492630385487528
0.8490740740740741
0.8509448223733937
0.8483182161753591
0.8547996976568405
0.8524943310657597
0.8536848072562359
0.8548374905517763
0.8563492063492063
0.8561224489795919
0.8566137566137566
0.857615268329554
0.8588624338624339
0.8591836734693877
0.8598639455782313
0.8588624338624339
0.8612055933484505
0.860204081632653
0.8625850340136054
0.8624905517762661
0.8643613000755858
0.8651738473167044
0.8628873771730915
0.8657596371882086
0.8667800453514739
0.8674036281179138
0.8673091458805745
0.8676492819349962
0.869349962207105
0.8694066515495087
0.8688208616780045
0.871182917611489
0.8722789115646259
0.8705971277399849
0.871504157218443
0.8719765684051398
0.8735827664399093
0.8720332577475435
0.8730536659108088
0.8736772486772487
0.8754346182917612
0.8767951625094482
0.8766439909297052
0.8761904761904762
0.8750188964474679
0.8776643990929706
0.8778533635676493
0.8777777777777778
0.8787414965986394
0.880650037792895