1.1342062002550157
0.8409244823376529
0.7765379594740297
0.735491608766143
0.7047747003484378
0.6808336268493314
0.6499037181884231
0.6327891807458133
0.618266677427609
0.5974907145228466
0.5807187716232246
0.5677265784688555
0.5603334896419616
0.5488292991196085
0.5411205807522822
0.5322881433234393
0.5248279384412817
0.5171713494890546
0.5067054981043723
0.49970953672799984
0.4950517470415731
0.48823037187702856
0.48172042675613636
0.4778436290994377
0.4720068866929812
0.46770519118174964
0.46278610874188136
0.4572454735888968
0.45052287780298
0.4474654821892964
0.4403978185469179
0.4364496897433084
0.43316139648820495
0.42864372587099475
0.42461699063122776
0.4215664491327671
0.41946016300690364
0.4148646551561615
0.4081996049655392
0.4098099933209702
0.4035844889749855
0.39751605485017527
0.39709228562796994
0.3954364039283133
0.3899518966746878
0.387699880332043
0.38532726132415657
0.38016901727418945
0.37677816920513973
0.3751640159010599
0.3724474637817587
0.37181258417368657
0.36782233685957766
0.37059817978934334
0.35962245361079903
0.3621714945371289
0.3594998628342526
0.3546174416969448
0.3539851836436749
0.3505572923464743
0.34997264324195293
0.35022427393247385
0.34367447387665834
0.3441207328768494
0.33939747387113134
0.3404206223763354
0.33643747656465367
0.33879394775668686
0.33402861797103284
0.3318975235019082
0.32911478730758703
0.32630135783387354
0.3307753232732289
0.3254680020921608
0.32379947756805616
0.3223688324098053
0.3211523715762518
0.3194384510204322
0.3139584548861473
0.3168134748791553
0.3189491269954603
0.3080883087655653
0.3078519833649192
0.31271229621626556
0.3070800122923185
0.30632576090311847
0.3041482993965786
0.3052017418251
0.3016468594988139
0.3017981224316099
0.2979649551519099
0.29978464257102705
0.2971793812617407
0.2964074860204196
0.2978048956217616
0.2922000024386624
0.2931483792728928
0.2940565278030653
0.28912190097455104
0.28766302358778023